family,features,seed,step,variant,energy_un,energy_sym,energy_op,norm_f2,norm_pi2,R_un,R_sym,R_op,energy_un_relative,energy_sym_relative,energy_op_relative,norm_f2_relative,norm_pi2_relative,R_un_relative,R_sym_relative,R_op_relative,zero_state,resolution_R_op,censored_R_op
UniGCN,random,0,0,base,737476.7088915224,67293.03653080623,70058.22168418909,82560.00000000001,82634.010401994,8.932615175527157,0.8150803843363157,0.847813404473209,1.0,1.0,1.0,1.0,1.0,1.0,1.0,1.0,False,1e-24,False
UniGCN,random,0,0,restart,737476.7088915224,67293.03653080623,70058.22168418909,82560.00000000001,82634.010401994,8.932615175527157,0.8150803843363157,0.847813404473209,1.0,1.0,1.0,1.0,1.0,1.0,1.0,1.0,False,1e-24,False
UniGCN,random,0,1,base,14363.922104551855,2558.760341946543,1882.9885141246425,4075.021703090463,2929.5729281094273,3.5248700868656417,0.6279133041195831,0.642751882384376,0.019477119658655805,0.038024147428317674,0.0268774808845826,0.049358305512239124,0.035452387144927135,0.3946067324743587,0.7703697895157487,0.758128945582963,False,1e-24,False
UniGCN,random,0,1,restart,33690.39993160495,4681.066621054472,3884.1279307152963,6814.71406141152,5400.018286331441,4.943773081012693,0.6869058010168209,0.7192805143913723,0.045683340945429876,0.06956242224128965,0.055441429104842316,0.0825425637283372,0.0653486168716935,0.5534519268844397,0.8427460827389904,0.8483948361707009,False,1e-24,False
UniGCN,random,0,2,base,1388.740481448229,297.97697126562315,194.0146713718953,644.8929327590184,463.5395497860847,2.15344348015544,0.4620564998143192,0.4185504159492532,0.0018830974113549978,0.004428050607126513,0.0027693348005103733,0.007811203158418342,0.005609549234402149,0.24107648631895248,0.5668845781272869,0.49368223448804816,False,1e-24,False
UniGCN,random,0,2,restart,12789.831923777336,1612.4018044122356,1392.8385392364632,2421.503473187184,1997.2118861792414,5.281773107243721,0.6658680535733412,0.6973914730204352,0.017342692683815497,0.023960901269094767,0.019881157496619735,0.029330226177170345,0.024169368961560744,0.5912907926129278,0.8169354414233984,0.8225766062919956,False,1e-24,False
UniGCN,random,0,3,base,325.76615618556724,57.26119916620162,37.55062309213248,201.51776563309733,176.16594909905197,1.6165629623875868,0.28414963309218544,0.21315483090900317,0.00044173077231851284,0.0008509230987070688,0.0005359916679216395,0.0024408644093156166,0.002131881875780302,0.18097308913704385,0.3486154722316819,0.2514171512084637,False,1e-24,False
UniGCN,random,0,3,restart,10272.092981802984,1142.237858259077,1055.1226856490964,1661.4702857873094,1469.221302772843,6.182531863298065,0.6874861789766,0.7181509576928788,0.013928701554849966,0.016974087025128808,0.015060654699535702,0.02012439784141605,0.017779862015959835,0.6921301032016308,0.8434581327047761,0.8470625185964166,False,1e-24,False
UniGCN,random,0,4,base,135.2641841843328,14.605493854935704,10.274112217596036,106.87935084031709,112.56002646015956,1.2655782723308644,0.13665402849196773,0.09127673953801478,0.00018341485575543677,0.0002170431683261822,0.00014665105637294134,0.0012945657805270962,0.001362151321381873,0.14168059940589306,0.16765711838745712,0.1076613545579995,False,1e-24,False
UniGCN,random,0,4,restart,9729.34369379427,1027.8905977063202,978.145655484958,1456.2397163758476,1332.2662565774738,6.6811415623299615,0.705852605273284,0.7341968248882665,0.013192747074572884,0.015274843441427403,0.013961896719192748,0.0176385624561028,0.01612249302794731,0.7479491090844709,0.8659914026124294,0.8659886963505391,False,1e-24,False
UniGCN,random,0,5,base,82.58594470617365,4.55328720871557,3.5230159068732814,78.43895274766669,90.9630328612291,1.0528690378089007,0.058048801637666125,0.03873019397064196,0.00011198447857466027,6.766357179663175e-05,5.0286973065837385e-05,0.0009500842144823967,0.0011007941211943662,0.11786794988028416,0.07121849912377995,0.045682450603275214,False,1e-24,False
UniGCN,random,0,5,restart,9567.102102071376,992.4508232264033,954.9582712772817,1385.582627992147,1284.9231952706987,6.904750325814275,0.7162696783118359,0.7432026091459091,0.01297275152791114,0.014748194975152696,0.01363092365635651,0.01678273531967232,0.015549568380136283,0.7729819532281365,0.878771826775175,0.8766110623217852,False,1e-24,False
UniGCN,random,0,6,base,62.791685358706765,1.6675970529323376,1.4083884681113732,66.70244062756636,80.51474992819057,0.9413701323060226,0.025000540268734394,0.017492303824671696,8.514395722827225e-05,2.4781123559031617e-05,2.0103114727350006e-05,0.0008079268486866079,0.0009743536533747575,0.1053857256590557,0.030672484271709276,0.020632256735243038,False,1e-24,False
UniGCN,random,0,6,restart,9507.2646921471,979.6974818312822,946.6465946386022,1356.9652618539162,1264.9921079911205,7.006269769321923,0.7219768326956267,0.7483418976754969,0.012891613494393831,0.014558675493604517,0.01351228409573296,0.016436110245323595,0.015308371236458779,0.7843469836825753,0.8857737795806494,0.8826728779317673,False,1e-24,False
UniGCN,random,0,7,base,53.300240244872235,0.6952036856289971,0.623736923074786,60.18913265326146,73.86799481457743,0.8855459099556249,0.011550319052343518,0.008443940093953857,7.227379468700255e-05,1.0330989972651008e-05,8.903122404198171e-06,0.0007290350369823335,0.0008939175825453457,0.09913624314431126,0.014170772937626806,0.00995966807012272,False,1e-24,False
UniGCN,random,0,7,restart,9481.566339478253,974.6109156946537,943.2840858055015,1343.792629505356,1255.1807866293225,7.055825527907811,0.7252688356040498,0.7515125277997665,0.012856767169948583,0.014483087195039629,0.01346428817530754,0.016276558012419524,0.015189638993958766,0.7898947160780843,0.8898126485949045,0.8864126514568624,False,1e-24,False
UniGCN,random,0,8,base,47.723128295693826,0.31939873437069866,0.2950158334400065,55.65770361416424,68.81482964238327,0.8574397647902391,0.005738625807936053,0.004287096763490428,6.47113701630319e-05,4.746386117150181e-06,4.211009448254185e-06,0.0006741485418382295,0.0008327664276200098,0.09598977991791048,0.007040564241536453,0.005056651311327433,False,1e-24,False
UniGCN,random,0,8,restart,9469.093552622351,972.4207031109157,941.794153465518,1337.0031434464215,1249.6657056804456,7.082327067843436,0.7273136999545762,0.7536368719926655,0.012839854382459132,0.01445053980683052,0.013443021116222028,0.016194321020426613,0.01512289793997812,0.7928615448751236,0.8923214371632755,0.8889183256791507,False,1e-24,False
UniGCN,random,0,9,base,43.86303456603492,0.15732058180111275,0.14540179582908438,52.031536821073054,64.56318612854332,0.8430086298790651,0.0030235620820140197,0.0022520851982055826,5.94771794650492e-05,2.337843407156885e-06,2.075442286910046e-06,0.0006302269479296638,0.000781314930915968,0.09437422449236038,0.003709526250562359,0.00265634535420553,False,1e-24,False
UniGCN,random,0,9,restart,9462.374804818442,971.4186448033336,941.0847579607589,1333.1154676591934,1246.1982547419673,7.0979409018735256,0.7286830498704209,0.755164560999659,0.012830743928226609,0.014435648841000445,0.013432895316741179,0.016147231924166585,0.015080936392648998,0.7946095026370193,0.8940014554070708,0.8907202422317001,False,1e-24,False
UniGCN,random,0,10,base,40.85037258455801,0.08167453575762518,0.07353736753167009,48.89706127857372,60.786295476752976,0.8354361492570577,0.0016703362865165535,0.0012097688624534393,5.539208505439975e-05,1.2137145233479723e-06,1.0496607787614766e-06,0.0005922609166493909,0.0007356086819584659,0.09352649060108587,0.0020492902523677283,0.0014269282085780802,False,1e-24,False
UniGCN,random,0,10,restart,9458.411727898238,970.9362474222216,940.7266442833521,1330.6639351619363,1243.8122366313164,7.108039436529245,0.7296630063879073,0.7563252849410556,0.01282537009489408,0.014428480233281412,0.013427783658626003,0.016117537974345154,0.01505206186387999,0.7957400265045858,0.8952037374596371,0.8920893217193236,False,1e-24,False
UniGCN,random,0,11,base,38.304761613845244,0.044461451932813346,0.03781812902090338,46.074000500001205,57.333460605435164,0.8313747709805281,0.000965000899646476,0.0006596170651753447,5.194030015052259e-05,6.607140088329829e-07,5.398100053321546e-07,0.0005580668665213323,0.0006938240117661248,0.09307182215329954,0.0011839334109754512,0.000778021510034038,False,1e-24,False
UniGCN,random,0,11,restart,9455.882422832312,970.6933611109932,940.536886666854,1328.983455475254,1242.0534202467747,7.115124258225488,0.7304028933632333,0.7572435060643248,0.012821940420389881,0.01442487085073977,0.013425075088354927,0.016097183326977394,0.015030777451130501,0.7965331673213595,0.89611148470708,0.8931723679632548,False,1e-24,False
UniGCN,random,0,12,base,36.04717641138161,0.02550942964493516,0.019671678154309535,43.47503961149698,54.12835994657954,0.8291464880425072,0.0005867603542835918,0.00036342645839859076,4.88790709954257e-05,3.7907978239705594e-07,2.807904294657409e-07,0.0005265872045966204,0.0006550373107060697,0.0928223674421948,0.0007198803523671657,0.0004286632606668996,False,1e-24,False
UniGCN,random,0,12,restart,9454.155993707143,970.5659746097413,940.432194921323,1327.7514908578046,1240.6903982096328,7.120425816731118,0.7309846618833011,0.7579910316694684,0.012819599425610855,0.014422977839102619,0.01342358073490127,0.016082261274924955,0.01501428276534058,0.7971266730754364,0.8968252407135402,0.8940540780202078,False,1e-24,False
UniGCN,random,0,13,base,33.98822430835577,0.015614332914506143,0.010317779946928611,41.05386355995896,51.128753613636626,0.8278934395228389,0.0003803377212403282,0.00020179995047203225,4.608718336263444e-05,2.3203489869799562e-07,1.472743626499608e-07,0.0004972609442824486,0.0006187374104791465,0.09268208953980611,0.0004666260267691518,0.00023802401496284572,False,1e-24,False
UniGCN,random,0,13,restart,9452.909912898767,970.4966145500883,940.3724662809931,1326.8013856414577,1239.5961271311533,7.1245854995309985,0.731455834349231,0.7586119750610504,0.012817909771153496,0.014421947122356449,0.013422728177715344,0.016070753217556414,0.015001040383987476,0.7975923466456218,0.897403309423062,0.8947864837456962,False,1e-24,False
UniGCN,random,0,14,base,32.08064783972892,0.010334352320034983,0.00544664213434851,38.78365570455703,48.3089743500456,0.827169261301984,0.00026646153211443423,0.00011274596920402986,4.3500557309732956e-05,1.535723880628272e-07,7.774451025749804e-08,0.000469763271615274,0.0005846136973751414,0.09260101829620894,0.0003269144212461967,0.00013298441450578958,False,1e-24,False
UniGCN,random,0,14,restart,9451.96896854512,970.4575404751797,940.337437959167,1326.041389560099,1238.695751125452,7.127959234877815,0.7318455880152573,0.7591351121571192,0.012816633874108474,0.014421366466809858,0.013422228188977635,0.016061547838663988,0.014990144434470793,0.7979700339500139,0.8978814876169142,0.8954035264738586,False,1e-24,False
UniGCN,random,0,15,base,30.297789258357465,0.007447688145999476,0.0028904532555827744,36.64739457652063,45.65179981504327,0.8267378788714423,0.0002032255834844828,6.331520919861535e-05,4.108304559732754e-05,1.1067546554523485e-07,4.1257873609930625e-08,0.00044388801570398046,0.0005524577542946127,0.09255272533585356,0.0002493319522711377,7.46805946503717e-05,False,1e-24,False
UniGCN,random,0,15,restart,9451.232632625508,970.4348490995901,940.3164305478808,1325.4176498106783,1237.9421462621463,7.130758092723086,0.7321728733868953,0.75958027068315,0.012815635420990248,0.014421029264377638,0.013421928332504244,0.01605399285138903,0.014981024643967588,0.7982833641215564,0.8982830251559442,0.895928593102532,False,1e-24,False
UniGCN,random,0,16,base,28.623383974597623,0.005817684421066693,0.001540866887366501,34.63320025555161,43.14450517999966,0.8264723953718187,0.00016797998389230962,3.571409339237931e-05,3.8812593848042356e-05,8.64529930731154e-08,2.199409077656117e-08,0.00041949128216511145,0.0005221155910273787,0.09252300464438674,0.00020609008279482566,4.212494542306789e-05,False,1e-24,False
UniGCN,random,0,16,restart,9450.640275537398,970.4213177263564,940.3036036117308,1324.8964953344523,1237.303802724226,7.133115914199554,0.7324506639904625,0.7599617826611565,0.012814832199571906,0.014420828183048405,0.013421745242841936,0.016047680418295206,0.014973299694702572,0.7985473205811303,0.8986238389074533,0.8963785883208119,False,1e-24,False
UniGCN,random,0,17,base,27.04657177628133,0.004854393209915832,0.0008246924152724305,32.73201028411905,40.776884707506085,0.8263034119051287,0.0001483072126575462,2.022450761474242e-05,3.667447588539327e-05,7.213812097323812e-08,1.1771529385801539e-08,0.00039646330285996904,0.000493463702283559,0.09250408706388322,0.00018195409374046741,2.3854904284403206e-05,False,1e-24,False
UniGCN,random,0,17,restart,9450.153600678988,970.4130633124139,940.2956589935537,1324.4555765575212,1236.7585031760264,7.135123116202583,0.7326882686655884,0.7602904338873364,0.0128141722806178,0.014420705519332097,0.013421631842615868,0.016042339832334315,0.014966700722372089,0.798772025436717,0.8989153496341155,0.8967662340273387,False,1e-24,False
UniGCN,random,0,18,base,25.559402270494868,0.004248646294523849,0.0004429657454994065,30.93638651834344,38.54023596149425,0.8261922333863931,0.00013733492410319652,1.1493591942249029e-05,3.465791117513716e-05,6.313649247465377e-08,6.322823144101816e-09,0.0003747139839915629,0.00046639677505672957,0.09249164070673575,0.0001684924907314784,1.3556747135167792e-05,False,1e-24,False
UniGCN,random,0,18,restart,9449.747348858342,970.4079297800872,940.2906824764068,1324.0792379708487,1236.2898602002108,7.136844289878058,0.7328926411286664,0.7605746134034712,0.012813621413294469,0.014420629233098167,0.013421560808595486,0.01603778146767016,0.014961029413748246,0.7989647096217686,0.8991660886618303,0.8971014251373581,False,1e-24,False
UniGCN,random,0,19,base,24.1555638970406,0.0038372956481492857,0.000238703355989877,29.239889451805823,36.426826584604,0.8261167996840282,0.00013123495745338045,6.552955016146433e-06,3.275434139926677e-05,5.702366613212054e-08,3.4072140321504643e-09,0.00035416532766237665,0.00044082123580105223,0.09248319595669528,0.00016100860721883197,7.729242049691498e-06,False,1e-24,False
UniGCN,random,0,19,restart,9449.404170148257,970.4046840017332,940.2875372704945,1323.7559934326264,1235.8853293363763,7.138327771151423,0.733069152333264,0.760821020325076,0.012813156071533912,0.014420580999602976,0.013421515914422658,0.016033866199523086,0.014956133961356833,0.799130784309216,0.8993826454677475,0.8973920632899336,False,1e-24,False
UniGCN,random,0,20,base,22.82972460926846,0.0035337796295070076,0.00012901456012990835,27.636743434649016,34.4296072956746,0.8260642091660535,0.00012786526885351485,3.7471981315952003e-06,3.095653643568363e-05,5.2513303183892893e-08,1.841533470710757e-09,0.00033474737687317116,0.00041665177725470524,0.092477308485116,0.00015687442773835116,4.4198382708085765e-06,False,1e-24,False
UniGCN,random,0,20,restart,9449.111688180423,970.40260192129,940.2855353916807,1323.4770866197537,1235.5350169841352,7.139611092409666,0.7332220646144779,0.7610351163392032,0.01281275947328978,0.014420550059099313,0.0134214873399204,0.01603048796777802,0.014951894637251214,0.7992744512234428,0.8995702493951054,0.8976445905712876,False,1e-24,False
UniGCN,random,0,21,base,21.577182901567074,0.003291947475052605,6.992098170275986e-05,26.1216532000292,32.542052249525064,0.8260266965623353,0.00012602370339442854,2.1486346701990907e-06,2.9258121160191008e-05,4.891958581101592e-08,9.980410581637672e-10,0.0003163959932174079,0.0003938094265450271,0.09247310897545605,0.00015461506106179224,2.5343249574287522e-06,False,1e-24,False
UniGCN,random,0,21,restart,9448.860762920302,970.40124864088,940.2842540366014,1323.2356333927876,1235.2309342252186,7.140724240242338,0.7333548342805453,0.7612214266851903,0.012812419224903497,0.014420529948840067,0.013421469050060216,0.016027563388963027,0.014948214763099672,0.7993990673421044,0.8997331408946665,0.8978643445230465,False,1e-24,False
UniGCN,random,0,22,base,20.39367834988044,0.003087064196029962,3.799027849250032e-05,24.689699968933493,30.758066092020574,0.8259994400718258,0.0001250344961629484,1.235132221214518e-06,2.765331854416599e-05,4.587494271590386e-08,5.422672397217593e-10,0.0002990515984609192,0.00037222042041031527,0.09247005763047209,0.00015340142955931705,1.4568444125768105e-06,False,1e-24,False
UniGCN,random,0,22,restart,9448.644431220984,970.4003579078053,940.2834301489844,1323.0260884573163,1234.9665106146404,7.141691697280404,0.7334703120172922,0.7613837477107028,0.012812125884521748,0.014420516712209347,0.013421457290018394,0.01602502529623687,0.01494501482630256,0.7995073734785555,0.8998748173954952,0.8980558029555933,False,1e-24,False
UniGCN,random,0,23,base,19.275285182181147,0.0029057799519701015,2.068946976135582e-05,23.336279826928035,29.071926401291343,0.8259793473996291,0.00012451770262958043,7.116649057159424e-07,2.613680533877905e-05,4.31809902149364e-08,2.9531822624074783e-10,0.0002826584281362407,0.0003518155086490855,0.09246780826992068,0.00015276738960043768,8.394121890041797e-07,False,1e-24,False
UniGCN,random,0,23,restart,9448.457242362181,970.39976411924,940.2828984445464,1322.8438997623123,1234.73626513243,7.142533781997916,0.7335708803537596,0.7615252949128353,0.012811872061103943,0.014420507888286457,0.013421449700553157,0.016022818553322576,0.014942228497996693,0.7996016442717069,0.8999982019578036,0.8982227585632607,False,1e-24,False
UniGCN,random,0,24,base,18.218349668399497,0.0027408110597196785,1.1291730075687806e-05,22.05706480258071,27.47824521253741,0.8259643715725912,0.00012426000849392253,4.109334489283822e-07,2.4703627177301525e-05,4.072949001885145e-08,1.6117637308279194e-10,0.00026716406010877795,0.0003325294885103912,0.0924661317365938,0.00015245123165993256,4.846979851465274e-07,False,1e-24,False
UniGCN,random,0,24,restart,9448.294829980006,970.3993629240938,940.2825542530318,1322.6852756711353,1234.5355754513675,7.143267566190987,0.7336585511105125,0.7616488118693933,0.012811651833969694,0.014420501926374693,0.013421444787617797,0.016020897234388747,0.014939799840836208,0.7996837908971521,0.9001057628296362,0.8983684474093043,False,1e-24,False
UniGCN,random,0,25,base,17.21945102157182,0.002588110964040463,6.174954230909634e-06,20.84797631385004,25.971941070210004,0.8259531170961825,0.00012414207139716917,2.3775482218355828e-07,2.334914555803915e-05,3.84603087847826e-08,8.8140322184387e-11,0.000252519092948765,0.00031430086648176627,0.09246487180585823,0.00015230653783706577,2.804329595747402e-07,False,1e-24,False
UniGCN,random,0,25,restart,9448.153628896216,970.3990878535722,940.2823308716672,1322.5470223128584,1234.3605107354902,7.143907528046428,0.733735036623913,0.7617566526908761,0.012811460368826336,0.0144204978387226,0.013421441599107452,0.016019222653983263,0.014937681285594537,0.7997554341777442,0.9001996008299984,0.898495646178413,False,1e-24,False
UniGCN,random,0,26,base,16.27537518292838,0.0024453625968076757,3.3829994644849338e-06,19.70516549577686,24.54821708130535,0.8259446075911647,0.00012409754169949788,1.3781039385794137e-07,2.2069002297565944e-05,3.633901400315332e-08,4.828840046404457e-11,0.00023867690765233597,0.00029707159269995914,0.09246391917274346,0.00015225190555965236,1.625480242832091e-07,False,1e-24,False
UniGCN,random,0,26,restart,9448.030682745024,970.3988961792436,940.2821855771314,1322.4264260998177,1234.2077067828611,7.144466033252031,0.7338018032815665,0.7618508460201658,0.012811293656915697,0.014420494990369508,0.013421439525196177,0.016017761944038488,0.0149358321201978,0.799817958443553,0.9002815150300412,0.8986067476646513,False,1e-24,False
UniGCN,random,0,27,base,15.383095866859593,0.0023111741902210525,1.8565315851871105e-06,18.624997480960534,23.202542553871886,0.8259381448284765,0.00012408990619105627,8.001414417737185e-08,2.0859093828171782e-05,3.4344923477528244e-08,2.6499838856259422e-11,0.0002255934772403165,0.0002807868387483224,0.09246319567099608,0.00015224253776159423,9.437706900504698e-08,False,1e-24,False
UniGCN,random,0,27,restart,9447.923509704222,970.3987602113858,940.2820908917854,1322.3211662545773,1234.0742702454922,7.14495370021573,0.7338601127893929,0.7619331458103706,0.012811148332948838,0.014420492969835665,0.013421438173672492,0.01601648699436261,0.014934217330636943,0.7998725524178949,0.9003530533825116,0.8987038206641705,False,1e-24,False
UniGCN,random,0,28,base,14.539759850515551,0.002184650404041597,1.0204141408542878e-06,17.604038060387133,21.930636916499868,0.8259332205849482,0.00012409939109127066,4.65291612249785e-08,1.9715551250926688e-05,3.2464732112979935e-08,1.4565230408704157e-11,0.0002132272051887976,0.0002653948030576363,0.09246264440538891,0.00015225417452822076,5.488137009804595e-08,False,1e-24,False
UniGCN,random,0,28,restart,9447.830006190736,970.3986618713726,940.2820290829477,1322.2292478903332,1233.9577033989005,7.145379684547976,0.7339110546977239,0.7620050723723902,0.012811021544519645,0.014420491508465836,0.013421437291422898,0.016015373642082522,0.014932806690562418,0.7999202410649344,0.9004155526271382,0.8987886583910101,False,1e-24,False
UniGCN,random,0,29,base,13.7426748658224,0.0020651639380393425,5.616551573660721e-07,16.639041873537565,20.72845520345904,0.8259294597772787,0.00012411555627633478,2.70958521439816e-08,1.863472391755744e-05,3.068911799059516e-08,8.016977077978384e-12,0.00020153878238296464,0.0002508465352537077,0.09246222338560964,0.00015227400715500796,3.1959688300537874e-08,False,1e-24,False
UniGCN,random,0,29,restart,9447.74837589483,970.3985892686694,940.2819886740951,1322.1489495822955,1233.8558438415014,7.145751905547134,0.7339555725360943,0.762067946079187,0.012810910855876977,0.01442049042956218,0.013421436714633313,0.01601440103660726,0.014931574031553088,0.7999619109445659,0.9004701703546973,0.8988628182314479,False,1e-24,False
UniGCN,random,0,30,base,12.98929918177504,0.0019522342522551148,3.09550420132016e-07,15.726941661490823,19.592174703932475,0.8259265826349947,0.0001241331146433498,1.5799696808026324e-08,1.7613165304296648e-05,2.901094010464808e-08,4.418473844903147e-12,0.000190491056946352,0.00023709577459234273,0.09246190129155013,0.00015229554903891594,1.8635818594828077e-08,False,1e-24,False
UniGCN,random,0,30,restart,9447.677076105754,970.3985345227088,940.2819622195774,1322.078781441777,1233.7668153287962,7.146077229832479,0.733994485158027,0.7621229153979104,0.012810814175143586,0.014420489616016479,0.013421436337025701,0.016013551131804468,0.014930496648133451,0.799998330769998,0.90051791119435,0.8989276548080264,False,1e-24,False
UniGCN,random,0,31,base,12.27723235765356,0.0018454634407235897,1.7081035814989445e-07,14.864838322467637,18.518182542090226,0.8259243788139283,0.00012414958041852644,9.223926687279235e-09,1.664762047347512e-05,2.7424285421846743e-08,2.4381200955953373e-12,0.0001800489137895789,0.000224098799658928,0.09246165457532839,0.00015231575045155334,1.0879666019211556e-08,False,1e-24,False
UniGCN,random,0,31,restart,9447.614776115704,970.3984923667433,940.2819448786852,1322.0174510034578,1233.6889871167684,7.146361622491922,0.7340285044120838,0.7621709804479981,0.012810729697912917,0.014420488989562871,0.013421436089504543,0.0160128082728132,0.01492955480576553,0.8000301683286362,0.9005596484937753,0.8989843477664463,False,1e-24,False
UniGCN,random,0,32,base,11.604206862079092,0.0017445025167625845,9.435705571500999e-08,14.04999161950377,17.503064045753433,0.8259226892328169,0.00012416395425751851,5.390887873595066e-09,1.5735014709170955e-05,2.592396786796751e-08,1.3468377222070528e-12,0.00017017916205794292,0.00021181428761118284,0.0924614654279087,0.00015233338532446685,6.358578249826928e-09,False,1e-24,False
UniGCN,random,0,32,restart,9447.560324268034,970.398459247485,940.2819334984573,1321.9638350677503,1233.6209399536085,7.146610273029025,0.7340582499352202,0.7622130129647584,0.01281065586256732,0.014420488497398153,0.013421435927064965,0.016012158854987284,0.014928731329295867,0.8000580045817622,0.9005961424687354,0.8990339253227088,False,1e-24,False
UniGCN,random,0,33,base,10.96808037166105,0.0016490338009930187,5.217607358873827e-08,13.279811449187484,16.543591811165086,0.8259213930580411,0.00012417599506609815,3.1538540230136245e-09,1.487244307436749e-05,2.4505266607163787e-08,7.447530401776312e-13,0.00016085042937484837,0.00020020318184588412,0.0924613203220522,0.00015234815786569226,3.719986032744174e-09,False,1e-24,False
UniGCN,random,0,33,restart,9447.512721347097,970.3984327414091,940.2819260218491,1321.916956183547,1233.5614373688343,7.146827701357753,0.7340842616490882,0.7622497733290485,0.012810591314195333,0.014420488103507831,0.01342143582034504,0.016011591039044898,0.014928011255509242,0.8000823455305723,0.9006280555344501,0.8990772843497024,False,1e-24,False
UniGCN,random,0,34,base,10.366828630223017,0.0015587617703218333,2.8878044925050707e-08,12.551849612384846,15.63671539904109,0.8259203982171776,0.00012418582268415733,1.8468101636499459e-09,1.4057160728241933e-05,2.3163790054387636e-08,4.122006558377712e-13,0.0001520330621655141,0.00018922856730506412,0.0924612089503157,0.00015236021510354027,2.17832149610499e-09,False,1e-24,False
UniGCN,random,0,34,restart,9447.471098736201,970.3984111745701,940.2819211048072,1321.8759628189523,1233.5094012557959,7.147017847717798,0.7341070103923801,0.7622819251701988,0.012810534874974414,0.014420487783016437,0.01342143575015996,0.01601109451088847,0.014927381537639018,0.8001036322821349,0.9006559653501309,0.8991152076014234,False,1e-24,False
UniGCN,random,0,35,base,9.798538788553573,0.0014734083019343712,1.5996649088786554e-08,11.863792045302775,14.779551612821582,0.8259196343915268,0.00012419370605182994,1.0823500947693916e-09,1.3286573895033842e-05,2.1895405199315924e-08,2.2833364456347193e-13,0.00014369903155647738,0.0001788555528277367,0.09246112344057017,0.00015236988699336132,1.276637157490937e-09,False,1e-24,False
UniGCN,random,0,35,restart,9447.434700245885,970.3983933738613,940.2819178679472,1321.8401125139098,1233.4638909843513,7.147184149434313,0.7341269070192857,0.7623100479395194,0.012810485519530538,0.014420487518491164,0.013421435703957532,0.01601066027754251,0.014926830792598047,0.8001222496425883,0.9006803759816318,0.8991483785434871,False,1e-24,False
UniGCN,random,0,36,base,9.261403167848679,0.0013927101623033844,8.867950925365573e-09,11.213451478894523,13.969375319332638,0.8259190477864995,0.0001241999543962609,6.348137066009637e-10,1.2558231407428713e-05,2.0696200292073497e-08,1.2657973200263108e-13,0.00013582184446335417,0.0001690511600656326,0.09246105777054903,0.00015237755291754628,7.487658289566757e-10,False,1e-24,False
UniGCN,random,0,36,restart,9447.402866829665,970.3983785035431,940.2819157351811,1321.8087574794974,1233.4240854511902,7.147329606776496,0.7341443102207581,0.7623346477713893,0.01281044235421313,0.014420487297512607,0.013421435673514764,0.01601028049272647,0.01492634908375967,0.8001385334899639,0.900701727497147,0.8991773941638347,False,1e-24,False
UniGCN,random,0,37,base,8.753713404309577,0.0013164176152615865,4.9195042843298925e-09,10.598760500128659,13.203610777830788,0.8259185971985418,0.00012420486482788307,3.725877994366413e-10,1.1869816766778986e-05,1.956246415866433e-08,7.022022777720802e-14,0.000128376459546132,0.00015978421855115696,0.09246100732754339,0.00015238357739282078,4.394691066109643e-10,False,1e-24,False
UniGCN,random,0,37,restart,9447.375023616078,970.3983659573037,940.2819143286729,1321.7813322295883,1233.3892675988889,7.147456839687841,0.7341595332719899,0.7623561668889618,0.012810404599510843,0.014420487111070739,0.013421435653438488,0.016009948307044428,0.014925927733614227,0.800152777125097,0.9007204042455075,0.8992027760668089,False,1e-24,False
UniGCN,random,0,38,base,8.27385494149119,0.0012442935680653058,2.730840733302324e-09,10.017764991960473,12.479823447216031,0.8259182510401455,0.000124208700150571,2.1882046207244328e-10,1.1219140674866e-05,1.8490673511154127e-08,3.897958965633618e-14,0.0001213392077514592,0.00015102526655192915,0.09246096857535385,0.0001523882828461253,2.580997904938858e-10,False,1e-24,False
UniGCN,random,0,38,restart,9447.350668830286,970.3983552866094,940.2819134003397,1321.7573429179367,1233.3588110261971,7.147568136806514,0.7341728498699613,0.7623749917657722,0.01281037157502953,0.014420486952500183,0.013421435640187607,0.016009657738831597,0.014925559161732703,0.8001652367594243,0.9007367420181093,0.8992249800998084,False,1e-24,False
UniGCN,random,0,39,base,7.820301843061982,0.0011761129622191316,1.5167841228247734e-09,9.468617930997683,11.795712243917192,0.8259179850800018,0.00012421168229513805,1.2858775218147152e-10,1.0604134000131919e-05,1.7477483895093904e-08,2.1650337196142174e-14,0.00011468771718747191,0.00014274645737915868,0.09246093880130242,0.00015239194155835094,1.5166987394044547e-10,False,1e-24,False
UniGCN,random,0,39,restart,9447.329364279285,970.3983461528616,940.2819127871261,1321.7363581182333,1233.3321683811494,7.147665497928441,0.7341844991950024,0.7623914602189643,0.012810342686590419,0.014420486816769232,0.013421435631434693,0.016009403562478597,0.014925236744305325,0.800176136268696,0.9007510342588072,0.8992444047197841,False,1e-24,False
UniGCN,random,0,40,base,7.3916119028356295,0.0011116622662090117,8.429096630016946e-10,8.949573523386894,11.149102225040812,0.8259177807210565,0.00012421399336002238,7.560336661982746e-11,1.0022841147004798e-05,1.6519722151341785e-08,1.2031559504912818e-14,0.00010840084209528697,0.00013492147084237096,0.09246091592346191,0.00015239477694112882,8.917453560055918e-11,False,1e-24,False
UniGCN,random,0,40,restart,9447.310727146118,970.3983382952185,940.2819123817558,1321.7180008332011,1233.3088612818378,7.147750670862168,0.7341946903072264,0.7624058675816819,0.012810317415103276,0.014420486700001681,0.0134214356256485,0.016009181211642454,0.014924954692167251,0.8001856713188525,0.9007635374577797,0.8992613982736034,False,1e-24,False
UniGCN,random,0,41,base,6.986422031964175,0.0010507390045321684,4.686488514505606e-10,8.458981660651482,10.53793767308492,0.8259176236854622,0.00012421577994664246,4.4472539693183294e-11,9.473413801047686e-06,1.5614379417269247e-08,6.689419745239215e-15,0.00010245859569587548,0.0001275254295636925,0.09246089834343733,0.0001523969688557601,5.24555750811895e-11,False,1e-24,False
UniGCN,random,0,41,restart,9447.294422890347,970.3983315087812,940.2819121135861,1321.7019415561422,1233.2884715515404,7.1478251834655815,0.7342036059705384,0.762418472079499,0.012810295306939622,0.014420486599152653,0.01342143562182069,0.01600898669520521,0.014924707944729988,0.8001940129525118,0.9007744758431013,0.8992762653395763,False,1e-24,False
UniGCN,random,0,42,base,6.603443905455387,0.0009931512960567848,2.6067809286236617e-10,7.99528267823452,9.96027555999231,0.8259175030086026,0.00012421715854530458,2.617177519760984e-11,8.954105025744897e-06,1.475860426661127e-08,3.720877958299599e-15,9.684208670342198e-05,0.00012053481988273394,0.09246088483374759,0.00015239866022103964,3.086973508501171e-11,False,1e-24,False
UniGCN,random,0,42,restart,9447.280159090558,970.398325629644,940.2819119360554,1321.6878922375308,1233.2706335883174,7.147890371528586,0.7342114059824087,0.762429499517244,0.012810275965583323,0.014420486511786448,0.013421435619286643,0.016008816524194894,0.014924492077641653,0.8002013107104162,0.9007840454659511,0.8992892722555874,False,1e-24,False
UniGCN,random,0,43,base,6.2414598519475435,0.0009387173932723852,1.4505569823366754e-10,7.557002400418634,9.414279369631691,0.8259174102686254,0.00012421822086762646,1.5408051167632013e-11,8.463263689139256e-06,1.394969586255255e-08,2.0705021444528623e-15,9.153345930739623e-05,0.00011392741709900745,0.09246087445157224,0.00015239996355546198,1.8173870672882136e-11,False,1e-24,False
UniGCN,random,0,43,restart,9447.26768009369,970.398320524542,940.2819118184495,1321.6756010325546,1233.2550277163334,7.147947403063993,0.7342182300758383,0.7624391473672776,0.012810259044375211,0.0144204864359227,0.013421435617607957,0.01600866764816563,0.014924303222327623,0.8002076953507804,0.9007924177609551,0.8993006519412383,False,1e-24,False
UniGCN,random,0,44,base,5.899318972099588,0.0008872652222320126,8.0746307166539e-11,7.1427474561463455,8.898213258994115,0.8259173389958251,0.00012421903863736909,9.074440543996002e-12,7.999329200466094e-06,1.3185097121094088e-08,1.1525600454223636e-15,8.651583643588111e-05,0.00010768221481332578,0.09246086647263226,0.00015240096685496267,1.0703346392163296e-11,False,1e-24,False
UniGCN,random,0,44,restart,9447.256762358746,970.3983160835734,940.2819117404903,1321.6648477242993,1233.2413743884506,7.147997299485908,0.7342242004502487,0.7624475883374936,0.01281024424019928,0.014420486369928225,0.013421435616495178,0.016008537399761373,0.01492413799583291,0.8002132812201965,0.9007997426512667,0.899310608106323,False,1e-24,False
UniGCN,random,0,45,base,5.575933472135479,0.000838631926120232,4.496285535348436e-11,6.7512008510684165,8.410436539501433,0.8259172842196001,0.00012421966767401293,5.346078665751366e-12,7.560826538530941e-06,1.2462387928300913e-08,6.41792701450081e-16,8.17732661224372e-05,0.00010177935814305443,0.09246086034047231,0.0001524017386029472,6.305725573038286e-12,False,1e-24,False
UniGCN,random,0,45,restart,9447.247210400135,970.3983122150071,940.28191168878,1321.6554397327525,1233.229429128183,7.14804095408591,0.734229423979996,0.7624549734865647,0.012810231287981949,0.014420486312439865,0.013421435615757074,0.016008423446375392,0.014923993439611937,0.80021816832203,0.9008061512581326,0.8993193189252746,False,1e-24,False
UniGCN,random,0,46,base,5.270275200084936,0.0007926634161000147,2.5044676508566528e-11,6.381117781912428,7.949398460859449,0.8259172421207729,0.0001242201512636008,3.150512159112329e-12,7.1463615549384845e-06,1.1779278465716724e-08,3.574837600283918e-16,7.729067080804781e-05,9.620008059862511e-05,0.09246085562753815,0.00015240233190588659,3.716044288153132e-12,False,1e-24,False
UniGCN,random,0,46,restart,9447.238853250354,970.3983088415109,940.28191165446,1321.6472086325778,1233.2189781146442,7.148079148159966,0.734233994142445,0.7624614349448069,0.012810219955895551,0.014420486262308435,0.013421435615267195,0.016008323747972113,0.014923866966099542,0.800222444121816,0.9008117582663943,0.8993269402464381,False,1e-24,False
UniGCN,random,0,47,base,4.981372373133425,0.0007492139327675802,1.3953895111865827e-11,6.031321679993507,7.513633280860096,0.8259172097646742,0.00012422052288353267,1.8571434870811937e-12,6.754616536460882e-06,1.1133602693416812e-08,1.991756966765112e-16,7.3053799418526e-05,9.092664442047686e-05,0.09246085200529561,0.00015240278783629422,2.1905097009348825e-12,False,1e-24,False
UniGCN,random,0,47,restart,9447.23154137343,970.3983058973633,940.281911631669,1321.6400071133583,1233.2098343272762,7.148112565090605,0.7342379927018443,0.7624670882912629,0.012810210041173045,0.014420486218557287,0.013421435614941881,0.016008236520268386,0.014923756312056205,0.800226185123749,0.9008166639903894,0.8993336083958519,False,1e-24,False
UniGCN,random,0,48,base,4.708306485263084,0.0007081456208525387,7.776482246844742e-12,5.700700471385559,7.101755605451676,0.8259171848961795,0.00012422080837382136,1.0950084287433252e-12,6.384346011876075e-06,1.0523312029891164e-08,1.1100028033682958e-16,6.904918206620105e-05,8.594228418666107e-05,0.09246084922128509,0.0001524031380965804,1.2915677234706043e-12,False,1e-24,False
UniGCN,random,0,48,restart,9447.225143970209,970.3983033263444,940.2819116165258,1321.6337063250598,1233.2018341783169,7.148141802647575,0.7342414911803649,0.7624720346309217,0.012810201366454041,0.014420486180350972,0.01342143561472573,0.016008160202580664,0.014923659497815671,0.800229458247733,0.9008209561787278,0.8993394426273381,False,1e-24,False
UniGCN,random,0,49,base,4.4502093850547375,0.0006693281190555966,4.334797447707667e-12,5.388203041935373,6.712455984258376,0.8259171657822827,0.0001242210276499125,6.457841150650905e-13,6.0343727895403025e-06,9.94646925687747e-09,6.1874214667455e-17,6.526408723274433e-05,8.123115351177971e-05,0.09246084708149775,0.0001524034071204649,7.617054786558253e-13,False,1e-24,False
UniGCN,random,0,49,restart,9447.21954662478,970.398301080116,940.2819116064582,1321.628193559163,1233.1948345705405,7.1481673837354265,0.7342445521435343,0.762476362410252,0.012810193776593422,0.014420486146971168,0.013421435614582025,0.01600809342973792,0.01492357479167903,0.8002323220325651,0.9008247115913575,0.8993445472639332,False,1e-24,False
UniGCN,random,0,50,base,4.206260514145123,0.0006326381662493423,2.4168149786969498e-12,5.0928358959345745,6.34449674754419,0.8259171510911687,0.0001242211960441047,3.8093091932507394e-13,5.703584212805064e-06,9.401242667355715e-09,3.449723559344045e-17,6.168648129765714e-05,7.677827466777643e-05,0.09246084543683784,0.00015240361371872863,4.49309856762369e-13,False,1e-24,False
UniGCN,random,0,50,restart,9447.214649248215,970.39829911695,940.2819115997621,1321.6233702224981,1233.1887103260074,7.148189765786115,0.7342472303237051,0.7624801490042737,0.012810187135873105,0.014420486117797778,0.013421435614486447,0.016008035007539945,0.014923500678798591,0.800234827687432,0.9008279973779156,0.8993490135698464,False,1e-24,False
UniGCN,random,0,51,base,3.975684297403805,0.0005979592247219429,1.3477174634392226e-12,4.813659997865963,5.996708071384835,0.8259171397993093,0.0001242213253505723,2.2474288349474226e-13,5.390928621162191e-06,8.88590046680687e-09,1.9237106381525222e-17,5.830499028422919e-05,7.256949096639912e-05,0.09246084417272211,0.00015240377236132394,2.6508531512825846e-13,False,1e-24,False
UniGCN,random,0,51,restart,9447.210364281475,970.3982974007097,940.2819115953062,1321.6191500664527,1233.1833519386316,7.1482093489689955,0.7342495736021356,0.7624834621040997,0.012810181325565216,0.014420486092293797,0.013421435614422843,0.016007983891308773,0.014923435833980463,0.800237020011012,0.900830872282619,0.8993529213870719,False,1e-24,False
UniGCN,random,0,52,base,3.7577476764196476,0.0005651811207204284,7.51670988317861e-13,4.549787787212393,5.667984258537362,0.8259171311200822,0.0001242214246363145,1.3261698586859374e-13,5.0954120057131e-06,8.398805431550007e-09,1.0729233061413831e-17,5.5108863701700493e-05,6.859142175193993e-05,0.09246084320108873,0.00015240389417230617,1.5642237450939532e-13,False,1e-24,False
UniGCN,random,0,52,restart,9447.206615124633,970.3982959000278,940.2819115923393,1321.6154576390968,1233.1786636094903,7.148226483368243,0.7342516238675998,0.7624863609301771,0.012810176241802166,0.014420486069993096,0.013421435614380493,0.01600793916714022,0.014923379097908735,0.8002389381949829,0.9008333876976671,0.8993563405664127,False,1e-24,False
UniGCN,random,0,53,base,3.5517577783734833,0.0005341997022350612,4.1929868106909487e-13,4.300380356858823,5.3572802231831185,0.8259171244489254,0.00012422150086864941,7.82670802349707e-14,4.8160948482183485e-06,7.938409823288457e-09,5.985003201468975e-18,5.208794036892953e-05,6.483141986115979e-05,0.09246084245425741,0.00015240398769968873,9.231639865803037e-14,False,1e-24,False
UniGCN,random,0,53,restart,9447.203334763553,970.3982945876232,940.2819115903633,1321.6122269319583,1233.17456152908,7.148241475258334,0.7342534177671339,0.762488897293224,0.012810171793714464,0.014420486050490268,0.013421435614352288,0.016007900035513056,0.014923329456358114,0.8002406165265572,0.9008355885843141,0.8993593322188607,False,1e-24,False
UniGCN,random,0,54,base,3.357059712826478,0.0005049165137392877,2.3392674913063594e-13,4.064644786132527,5.063608168368124,0.8259171193211915,0.00012422155939971106,4.619764036876983e-14,4.5520891335976794e-06,7.50325055562236e-09,3.33903349966745e-18,4.923261611110134e-05,6.127753141515127e-05,0.0924608418802112,0.00015240405950985955,5.449033964905858e-14,False,1e-24,False
UniGCN,random,0,54,restart,9447.200464569129,970.3982934397371,940.2819115890466,1321.6094001968327,1233.1709723753247,7.148254592591516,0.7342549873625381,0.7624911165220525,0.012810167901802503,0.014420486033432245,0.013421435614333494,0.016007865796957756,0.014923286022017486,0.8002420850028013,0.9008375142783124,0.8993619498099683,False,1e-24,False
UniGCN,random,0,55,base,3.173034489376717,0.00047723848744203286,1.305243136068692e-13,3.8418316200139957,4.78603444557756,0.8259171153797619,0.00012422160433993572,2.7271912705826347e-14,4.302555526324354e-06,7.091944605940865e-09,1.863083453577387e-18,4.6533813226913696e-05,5.791845781530736e-05,0.09246084143897092,0.0001524041146458014,3.2167352582461016e-14,False,1e-24,False
UniGCN,random,0,55,restart,9447.197953247232,970.3982924356536,940.2819115881686,1321.6069269111456,1233.1678320001097,7.148266069796702,0.7342563607045134,0.7624930582750434,0.012810164496512727,0.014420486018511184,0.013421435614320963,0.01600783583952453,0.014923248018594928,0.8002433698678671,0.9008391991943056,0.8993642401169871,False,1e-24,False
UniGCN,random,0,56,base,2.9990970495325713,0.0004510776505040854,7.283716972090509e-14,3.631232486512605,4.5236765864602315,0.825917112350157,0.00012422163884562933,1.6101321199422886e-14,4.06670070169459e-06,6.7031846645467625e-09,1.0396662657131527e-18,4.398295162927089e-05,5.474351982257263e-05,0.09246084109980877,0.0001524041569799003,1.899158601936411e-14,False,1e-24,False
UniGCN,random,0,56,restart,9447.195755920393,970.3982915572968,940.281911587583,1321.6047628731449,1233.1650842805914,7.148276111976442,0.7342575623348,0.7624947572499008,0.012810161516992408,0.01442048600545847,0.013421435614312603,0.016007809627823943,0.014923214766916775,0.8002444940828415,0.9008406734418886,0.8993662440660264,False,1e-24,False
UniGCN,random,0,57,base,2.834694406523106,0.00042635084760464536,4.064997140755644e-14,3.432177844638202,4.2757004972661505,0.8259171100214131,0.00012422166534018536,9.50720739994481e-15,3.843774823456926e-06,6.3357350118903494e-09,5.802312766487252e-19,4.157192156780767e-05,5.174262360577595e-05,0.09246084083910754,0.00015240418948535197,1.1213796986203747e-14,False,1e-24,False
UniGCN,random,0,57,restart,9447.193833324609,970.3982907888825,940.2819115871926,1321.6028694105712,1233.1626801145444,7.14828489857775,0.7342586137253739,0.7624962438044693,0.012810158910000539,0.014420485994039542,0.013421435614307031,0.016007786693441994,0.014923185672769762,0.8002454777366915,0.9008419633644461,0.8993679974643104,False,1e-24,False
UniGCN,random,0,58,base,2.6793038871151302,0.00040297947820725416,2.268865815797615e-14,3.2440348558133056,4.0413178070777045,0.825917108231381,0.00012422168568414593,5.614173208115603e-15,3.63306915976005e-06,5.98842761424168e-09,3.2385432590985363e-19,3.929305784657588e-05,4.890622865110496e-05,0.0924608406387147,0.00015240421444480499,6.62194437890963e-15,False,1e-24,False
UniGCN,random,0,58,restart,9447.192151106829,970.398290116622,940.2819115869318,1321.6012126885266,1233.160576541632,7.148292586602923,0.7342595336626133,0.7624975444997835,0.01281015662895524,0.014420485984049497,0.013421435614303309,0.016007766626556764,0.01492316021626702,0.8002463384057141,0.9008430920104754,0.8993695316407073,False,1e-24,False
UniGCN,random,0,59,base,2.5324314698353207,0.00038088924785832575,1.2664702415223138e-14,3.0662053719618707,3.8197833614038625,0.8259171068554283,0.00012422170130587792,3.315555155088312e-15,3.4339138298235036e-06,5.660158427892574e-09,1.8077396358008525e-19,3.7139115454964516e-05,4.622531743069908e-05,0.09246084048467776,0.00015240423361068394,3.910713297990895e-15,False,1e-24,False
UniGCN,random,0,59,restart,9447.190679210436,970.3982895284648,940.2819115867578,1321.5997631040789,1233.1587359747816,7.148299313418119,0.7342603385833414,0.7624986825751091,0.01281015463310049,0.014420485975309257,0.013421435614300826,0.016007749068605602,0.014923137942546533,0.8002470914679544,0.900844079545869,0.8993708740060433,False,1e-24,False
UniGCN,random,0,60,base,2.3936102143056077,0.0003600099328501952,7.069933822688838e-15,2.8981240338806136,3.6103928531689733,0.8259171057977608,0.00012422171330194544,1.9582173215536085e-15,3.245675674155685e-06,5.349883901960427e-09,1.0091511963519334e-19,3.510324653440665e-05,4.3691366733930806e-05,0.09246084036627263,0.0001524042483283336,2.309726776224247e-15,False,1e-24,False
UniGCN,random,0,60,restart,9447.189391337712,970.3982890138775,940.2819115866416,1321.598494756707,1233.1571255278382,7.148305199210177,0.734261042868786,0.7624996783635055,0.012810152886777237,0.014420485967662296,0.013421435614299166,0.016007733705870962,0.014923118453634697,0.8002477503782447,0.9008449436145647,0.8993720485432601,False,1e-24,False
UniGCN,random,0,61,base,2.262398776692025,0.0003402751575896564,3.94699679494919e-15,2.7392564738489185,3.4124805835645535,0.825917104984747,0.0001242217225141891,1.1566356784443004e-15,3.0677562415395656e-06,5.056617670000388e-09,5.633880935119364e-20,3.3178978607666154e-05,4.129632057023107e-05,0.0924608402752563,0.0001524042596305853,1.364257361751645e-15,False,1e-24,False
UniGCN,random,0,61,restart,9447.18826447957,970.398288563649,940.281911586564,1321.5973849850636,1233.1557164274154,7.148310349135823,0.7342616591017364,0.7625005496553684,0.012810151358785738,0.01442048596097173,0.01342143561429806,0.01600772026386947,0.014923101401328801,0.8002483269088065,0.9008456996540452,0.8993730762362151,False,1e-24,False
UniGCN,random,0,62,base,2.1383800065427607,0.0003216221840289728,2.203669365890877e-15,2.5890976167642457,3.2254173456453183,0.8259171043597907,0.00012422172958890743,6.832199153595061e-16,2.899589886380129e-06,4.779427420870459e-09,3.145482875407051e-20,3.136019400150491e-05,3.903256455731074e-05,0.09246084020529288,0.00015240426831036516,8.0586118567449e-16,False,1e-24,False
UniGCN,random,0,62,restart,9447.1872785042,970.3982881697243,940.2819115865124,1321.5964139617433,1233.154483498385,7.148314855201832,0.7342621982915086,0.7625013120164712,0.01281015002182776,0.01442048595511786,0.013421435614297322,0.016007708502443593,0.014923086480970653,0.8002488313597339,0.9008463611713416,0.899373975444813,False,1e-24,False
UniGCN,random,0,63,base,2.0211596205511198,0.00030399171253695,1.2304154025951049e-15,2.4471700744028606,3.0486084239409124,0.8259171038793892,0.00012422173502229006,4.0359902994841054e-16,2.7406419703600674e-06,4.517431939600243e-09,1.7562755277198078e-20,2.9641110397321465e-05,3.6892901713352496e-05,0.09246084015151226,0.00015240427497643485,4.760470025821163e-16,False,1e-24,False
UniGCN,random,0,63,restart,9447.18641579717,970.3982878250588,940.2819115864773,1321.5955643387774,1233.1534047137684,7.148318797909858,0.7342626700707563,0.7625019790662051,0.012810148852018572,0.014420485949995999,0.013421435614296822,0.016007698211467747,0.014923073425999566,0.8002492727431304,0.9008469399844953,0.8993747622331917,False,1e-24,False
UniGCN,random,0,64,base,1.9103649490245986,0.0002873276936111547,6.870374508297854e-16,2.313022627701555,2.881491703723698,0.8259171035101044,0.00012422173919529337,2.3843117436081445e-16,2.590407162683154e-06,4.269798309363233e-09,9.80666414752628e-21,2.8016262447935496e-05,3.4870529576211466e-05,0.0924608401101711,0.00015240428009617935,2.8123072023019534e-16,False,1e-24,False
UniGCN,random,0,64,restart,9447.185660946581,970.3982875234901,940.2819115864539,1321.5948209374997,1233.152460800966,7.148322247695426,0.7342630828676513,0.7625025627210079,0.012810147828460025,0.014420485945514575,0.013421435614296488,0.016007689207091804,0.014923062003187122,0.8002496589442037,0.9008474464338012,0.8993754506568469,False,1e-24,False
UniGCN,random,0,65,base,1.805643751073063,0.00027157714985746526,3.836456412373851e-16,2.186228792235661,2.7235358839215196,0.8259171032262329,0.00012422174240041343,1.4086307564451393e-16,2.4484078334989973e-06,4.035739266025532e-09,5.47609733753729e-21,2.6480484402079223e-05,3.295901857688126e-05,0.09246084007839188,0.00015240428402845416,1.6614867717506727e-16,False,1e-24,False
UniGCN,random,0,65,restart,9447.185000467594,970.3982872596282,940.2819115864386,1321.5941704772217,1233.1516348972602,7.148325266186864,0.7342634440565229,0.7625030734073333,0.012810146932867012,0.014420485941593487,0.013421435614296269,0.016007681328454718,0.014923052008468218,0.8002499968622019,0.9008478895666242,0.899376053013831,False,1e-24,False
UniGCN,random,0,66,base,1.7066630947479875,0.00025669000768896856,2.1423942851238155e-16,2.0663854623330384,2.574238787993902,0.8259171030080182,0.00012422174486223612,8.322438054759397e-17,2.3141925353998207e-06,3.814510697127746e-09,3.058019792139994e-21,2.5028893681359474e-05,3.115229159846978e-05,0.0924608400539629,0.00015240428704879757,9.816355828828356e-17,False,1e-24,False
UniGCN,random,0,66,restart,9447.184422561451,970.3982870287567,940.2819115864281,1321.5936013378614,1233.1509122484217,7.148327907306739,0.7342637600896476,0.762503520247979,0.012810146149240715,0.014420485938162649,0.01342143561429612,0.016007674434809365,0.014923043263293743,0.8002502925337183,0.9008482772990868,0.8993765800645278,False,1e-24,False
UniGCN,random,0,67,base,1.61310829857154,0.00024261893822219194,1.196426591946553e-16,1.9531116295136264,2.433125767401589,0.8259171028402735,0.00012422174675321047,4.9172410566522194e-17,2.1873345681603305e-06,3.6054092775427495e-09,1.7077604357984517e-21,2.3656875357480937e-05,2.9444604655698474e-05,0.092460840035184,0.0001524042893687827,5.799909544609713e-17,False,1e-24,False
UniGCN,random,0,67,restart,9447.183916904625,970.3982868267507,940.2819115864213,1321.5931033522668,1233.1502799450268,7.148330218235489,0.7342640366125562,0.7625039112251093,0.012810145463582686,0.014420485935160763,0.013421435614296023,0.016007668403007106,0.0149230356114396,0.80025055124057,0.9008486165575379,0.8993770412239389,False,1e-24,False
UniGCN,random,0,68,base,1.52468193108974,0.00022931920687432314,6.681725714990038e-17,1.846047171180383,2.2997481925936993,0.8259171027113252,0.00012422174820575895,2.90541622622356e-17,2.0674306221567873e-06,3.407770234433433e-09,9.53738983714168e-22,2.236006748038254e-05,2.7830528633500827e-05,0.09246084002074832,0.000152404291150875,3.4269524530917834e-17,False,1e-24,False
UniGCN,random,0,68,restart,9447.183474464331,970.3982866499999,940.2819115864165,1321.5926676245183,1233.1497266917552,7.148332240254528,0.7342642785649162,0.762504253322885,0.012810144863644698,0.01442048593253418,0.013421435614295953,0.016007663125296973,0.01492302891621485,0.8002507776041824,0.900848913402321,0.8993774447299154,False,1e-24,False
UniGCN,random,0,69,base,1.4411028652685496,0.00021674853119011287,3.731691331611082e-17,1.744851705710717,2.1736820267150048,0.8259171026121996,0.00012422174932157136,1.716760448744489e-17,1.954099496151716e-06,3.2209652345066503e-09,5.326557314618876e-22,2.113434721064337e-05,2.630493202666287e-05,0.09246084000965128,0.00015240429251983496,2.024927230079834e-17,False,1e-24,False
UniGCN,random,0,69,restart,9447.183087337155,970.3982864953472,940.2819115864135,1321.5922863709675,1233.1492426055522,7.148334009483887,0.734264490268793,0.7625045526522547,0.012810144338709913,0.01442048593023598,0.01342143561429591,0.016007658507400283,0.014923023058019166,0.8002509756681675,0.9008491731360613,0.8993777977903509,False,1e-24,False
UniGCN,random,0,70,base,1.3621053847262692,0.00020486694645145638,2.0841834916752066e-17,1.6492035103085896,2.054526477498838,0.8259171025359991,0.00012422175017874103,1.0144349632390588e-17,1.8469808853673578e-06,3.044400386920716e-09,2.974930624231888e-22,1.997581771207109e-05,2.4862964625631448e-05,0.09246084000112069,0.00015240429357147315,1.1965309322626015e-17,False,1e-24,False
UniGCN,random,0,70,restart,9447.182748607807,970.3982863600294,940.2819115864115,1321.5919527811468,1233.1488190390303,7.1483355575275995,0.7342646755058787,0.7625048145601401,0.012810143879401378,0.014420485928225108,0.013421435614295882,0.016007654466825904,0.014923017932205717,0.8002511489705747,0.9008494003984139,0.899378106711965,False,1e-24,False
UniGCN,random,0,71,base,1.2874383389604893,0.00019363667864600947,1.1640674937530512e-17,1.5587984981769822,1.9419027230596937,0.8259171024774216,0.00012422175083724287,5.994468620544119e-18,1.7457342359945125e-06,2.8775143555509507e-09,1.6615715697159363e-22,1.8880795762802592e-05,2.3500042096623627e-05,0.09246083999456298,0.0001524042943793712,7.070504652222145e-18,False,1e-24,False
UniGCN,random,0,71,restart,9447.182452225588,970.3982862416289,940.2819115864103,1321.5916608960858,1233.1484484259604,7.148336912038371,0.7342648375850559,0.7625050437249655,0.012810143477514491,0.01442048592646563,0.013421435614295865,0.016007650931396385,0.014923013447211366,0.8002513006071049,0.900849599248957,0.899378377012982,False,1e-24,False
UniGCN,random,0,72,base,1.2168643448836969,0.00018302202439360185,6.501764861221235e-18,1.4733492517589661,1.8354527075345455,0.8259171024323911,0.0001242217513431388,3.542322193610027e-18,1.650037662494761e-06,2.7197765746507185e-09,9.28051655454533e-23,1.784580004553011e-05,2.2211831407014162e-05,0.09246083998952186,0.00015240429500004116,4.1781861137369705e-18,False,1e-24,False
UniGCN,random,0,72,restart,9447.182192896284,970.3982861380306,940.2819115864093,1321.59140550184,1233.1481241460879,7.148338097211642,0.7342649794015171,0.7625052442402422,0.01281014312587043,0.014420485924926122,0.01342143561429585,0.01600764783795833,0.014923009522920739,0.8002514332864209,0.900849773239724,0.8993786135217181,False,1e-24,False
UniGCN,random,0,73,base,1.1501590321288993,0.00017298923745061377,3.6315686189754655e-18,1.3925841089738868,1.734838002743938,0.8259171023977745,0.00012422175173180695,2.09331857685359e-18,1.5595869242537387e-06,2.5706855622634987e-09,5.183643734701086e-23,1.6867540079625566e-05,2.099423704966491e-05,0.09246083998564654,0.00015240429547688759,2.4690793585108258e-18,False,1e-24,False
UniGCN,random,0,73,restart,9447.181965987576,970.398286047384,940.2819115864085,1321.5911820363362,1233.1478404068512,7.1483391342178555,0.7342651034884883,0.7625054196877011,0.012810142818187889,0.014420485923579078,0.013421435614295839,0.01600764513125407,0.014923006089234834,0.8002515493785387,0.9008499254786609,0.8993788204628421,False,1e-24,False
UniGCN,random,0,74,base,1.087110329725835,0.00016350642143286701,2.0284590855696175e-18,1.316246299543623,1.6397387322538408,0.8259171023711632,0.00012422175203042086,1.2370623719923209e-18,1.474094458331892e-06,2.429767326044427e-09,2.895390486377996e-23,1.5942905759976053e-05,1.9843388022400434e-05,0.09246083998266742,0.00015240429584324888,1.459121034729302e-18,False,1e-24,False
UniGCN,random,0,74,restart,9447.18176744629,970.3982859680697,940.281911586408,1321.5909865078681,1233.1475921398953,7.148340041580669,0.7342652120624859,0.7625055732012791,0.012810142548970865,0.014420485922400438,0.013421435614295832,0.016007642762934447,0.014923003084818679,0.8002516509571689,0.9008500586851516,0.8993790015328478,False,1e-24,False
UniGCN,random,0,75,base,1.0275177918798788,0.00015454342841697666,1.133043115796962e-18,1.244093128663133,1.5498525544176078,0.825917102350706,0.00012422175225985265,7.310651020107708e-19,1.3932884652375096e-06,2.296573856437997e-09,1.6172878622362606e-23,1.5068957469272441e-05,1.8755625521234645e-05,0.09246083998037725,0.0001524042961247325,8.622948141106827e-19,False,1e-24,False
UniGCN,random,0,75,restart,9447.181593725985,970.3982858986712,940.2819115864079,1321.5908154237832,1233.1473749105223,7.14834083550788,0.7342653070629142,0.7625057075231054,0.01281014231341047,0.014420485921369151,0.01342143561429583,0.016007640690695046,0.01492300045600553,0.800251739836763,0.9008501752385984,0.8993791599660899,False,1e-24,False
UniGCN,random,0,76,base,0.9711919607100895,0.00014607176309852247,6.328984982812421e-19,1.1758952054200094,1.4648937011649086,0.8259171023349794,0.00012422175243613495,4.3204397546248606e-19,1.3169120448154315e-06,2.1706817024321967e-09,9.033893282850429e-24,1.4242916732316001e-05,1.7727491308222406e-05,0.09246083997861668,0.00015240429634100848,5.095979530200253e-19,False,1e-24,False
UniGCN,random,0,76,restart,9447.181441723596,970.3982858379486,940.2819115864075,1321.5906657280839,1233.1471848384665,7.148341530180984,0.7342653901867124,0.7625058250524879,0.012810142107299026,0.01442048592046679,0.013421435614295825,0.016007638877520394,0.014922998155838144,0.8002518176049295,0.9008502772209304,0.8993792985925634,False,1e-24,False
UniGCN,random,0,77,base,0.9179537639203775,0.00013806449220286492,3.535317848864022e-19,1.11143571351003,1.3845920694817324,0.8259171023228898,0.00012422175257158403,2.553328107813971e-19,1.2447223795041941e-06,2.051690625368942e-09,5.046256904436786e-24,1.3462157382631174e-05,1.6755716716955097e-05,0.09246083997726326,0.0001524042965071873,3.0116628191323397e-19,False,1e-24,False
UniGCN,random,0,77,restart,9447.181308723999,970.3982857848174,940.2819115864075,1321.5905347468386,1233.1470185285764,7.14834213800849,0.734265462918668,0.7625059278887742,0.012810141926954892,0.014420485919677239,0.013421435614295825,0.016007637291022753,0.014922996143229905,0.8002518856507923,0.9008503664537925,0.8993794198884592,False,1e-24,False
UniGCN,random,0,78,base,0.8676339454888125,0.00013049615886098466,1.974826865748018e-19,1.0505097219301518,1.3086923626930738,0.825917102313596,0.00012422175267566094,1.5090077103255565e-19,1.1764899623649474e-06,1.9392223265366325e-09,2.818836702207789e-24,1.2724197213301256e-05,1.5837212260746022e-05,0.09246083997622283,0.0001524042966348764,1.7798818730203756e-19,False,1e-24,False
UniGCN,random,0,78,restart,9447.181192351522,970.3982857383285,940.2819115864073,1321.5904201404096,1233.1468730101626,7.148342669847612,0.7342655265579411,0.7625060178688531,0.01281014176915672,0.014420485918986396,0.013421435614295823,0.016007635902863485,0.014922994382230855,0.8002519451898086,0.9008504445310893,0.8993795260203962,False,1e-24,False
UniGCN,random,0,79,base,0.8200725275650967,0.00012334270167840727,1.1031515776874306e-19,0.9929235334574948,1.2369532788182538,0.8259171023064511,0.00012422175275563386,8.918296241078296e-20,1.1119978674278697e-06,1.83291924450373e-09,1.5746211524755167e-24,1.202669008548322e-05,1.4969057810467896e-05,0.09246083997542295,0.00015240429673299302,1.0519173433710573e-19,False,1e-24,False
UniGCN,random,0,79,restart,9447.181090527489,970.3982856976513,940.2819115864073,1321.59031986166,1233.14674568393,7.148343135198199,0.7342655822412725,0.7625060965999684,0.012810141631085873,0.01442048591838192,0.013421435614295823,0.016007634688246848,0.014922992841385482,0.8002519972854804,0.9008505128474572,0.8993796188841264,False,1e-24,False
UniGCN,random,0,80,base,0.775118301865442,0.00011658137824011639,6.162351276416854e-20,0.9384940688429939,1.1691467434184686,0.8259171023009587,0.00012422175281708676,5.270810795228967e-20,1.0510410600363196e-06,1.732443418372811e-09,8.796042960090705e-25,1.1367418469513005e-05,1.4148493310815475e-05,0.09246083997480808,0.00015240429680838793,6.216946756702908e-20,False,1e-24,False
UniGCN,random,0,80,restart,9447.181001433104,970.3982856620595,940.2819115864072,1321.5902321193842,1233.146634275544,7.148343542372448,0.7342656309632892,0.7625061654884289,0.012810141510276114,0.01442048591785301,0.013421435614295821,0.016007633625477035,0.014922991493170803,0.8002520428683517,0.900850572623177,0.8993797001383979,False,1e-24,False
UniGCN,random,0,81,base,0.7326283489478638,0.0001101906928084063,3.4424080937063996e-20,0.887048284761931,1.1050571844976291,0.8259171022967359,0.00012422175286430957,3.1151402316535816e-20,9.934257449961424e-07,1.6374754133432788e-09,4.9136389861909535e-25,1.0744286394887729e-05,1.3372910005478368e-05,0.09246083997433534,0.0001524042968663243,3.6743229290992187e-20,False,1e-24,False
UniGCN,random,0,81,restart,9447.180923476944,970.3982856309173,940.2819115864071,1321.5901553463102,1233.1465367950054,7.148343898643373,0.7342656735942721,0.7625062257647298,0.012810141404569507,0.014420485917390225,0.01342143561429582,0.016007632695570616,0.014922990313504728,0.8002520827526317,0.9008506249259728,0.8993797712345856,False,1e-24,False
UniGCN,random,0,82,base,0.6924675838395654,0.00010415032798391635,1.9230141482260855e-20,0.8384226236708886,1.044480847151233,0.8259171022934899,0.0001242217529005982,1.8411195891920913e-20,9.389687504577484e-07,1.5477133051684648e-09,2.7448800469054385e-25,1.0155312786711342e-05,1.2639842143326849e-05,0.09246083997397196,0.00015240429691084584,2.1716094360834924e-20,False,1e-24,False
UniGCN,random,0,82,restart,9447.180855266544,970.3982856036683,940.2819115864071,1321.5900881711045,1233.1464515010991,7.148344210374731,0.7342657108957011,0.7625062785055332,0.01281014131207791,0.014420485916985297,0.01342143561429582,0.016007631881917447,0.014922989281315852,0.8002521176507384,0.9008506706900836,0.8993798334426175,False,1e-24,False
UniGCN,random,0,83,base,0.6545083265718454,9.844108011266005e-05,1.0742526974111098e-20,0.7924624938221019,0.9872251457843879,0.8259171022909944,0.00012422175292848482,1.0881537023224577e-20,8.874969455721739e-07,1.4628717202796234e-09,1.5333713468401523e-25,9.598625167418867e-06,1.1946959139242813e-05,0.09246083997369257,0.00015240429694505917,1.2834825405934515e-20,False,1e-24,False
UniGCN,random,0,83,restart,9447.180795583532,970.3982855798258,940.2819115864072,1321.5900293938741,1233.1463768702947,7.148344483134704,0.7342657435338577,0.762506324652899,0.012810141231149234,0.014420485916630987,0.013421435614295821,0.016007631169983938,0.014922988378167088,0.800252148186026,0.900850710732952,0.8993798878736581,False,1e-24,False
UniGCN,random,0,84,base,0.6186298962571662,9.304479823374878e-05,6.001142136644906e-21,0.749021777782054,0.9331080518395463,0.825917102289076,0.00012422175294991543,6.431347500232309e-21,8.388466900697231e-07,1.3826809285259938e-09,8.565935578121101e-26,9.072453703755498e-06,1.1292058164673439e-05,0.09246083997347782,0.0001524042969713518,7.585805398097526e-21,False,1e-24,False
UniGCN,random,0,84,restart,9447.180743361841,970.3982855589641,940.2819115864073,1321.5899779647339,1233.1463115695294,7.148344721795352,0.7342657720917272,0.7625063650311139,0.012810141160337926,0.014420485916320974,0.013421435614295823,0.01600763054705346,0.014922987587926302,0.8002521749039181,0.9008507457698269,0.8993799354999573,False,1e-24,False
UniGCN,random,0,85,base,0.5847182274178606,8.794432637375155e-05,3.3524675156951747e-21,0.7079623678917957,0.8819575150873987,0.8259171022876013,0.0001242217529663849,3.801166675656659e-21,7.928633140112748e-07,1.3068859856471377e-09,4.785259224545472e-26,8.575125580084732e-06,1.0673057144351264e-05,0.09246083997331273,0.00015240429699155776,4.483494428846078e-21,False,1e-24,False
UniGCN,random,0,85,restart,9447.18069766869,970.3982855407104,940.2819115864074,1321.5899329650529,1233.1462544323956,7.148344930619643,0.7342657970794114,0.7625064003614148,0.012810141098379153,0.014420485916049717,0.013421435614295823,0.016007630001999184,0.01492298689647815,0.800252198281651,0.9008507764265385,0.8993799771722176,False,1e-24,False
UniGCN,random,0,86,base,0.5526655073466945,8.312344900426305e-05,1.8728291371983786e-21,0.6691537271921072,0.8336109166410826,0.8259171022864674,0.00012422175297904176,2.2466466067223294e-21,7.494006260582634e-07,1.2352459227517512e-09,2.673246754165105e-26,8.105059680136956e-06,1.0087988136915682e-05,0.0924608399731858,0.00015240429700708613,2.649930509318013e-21,False,1e-24,False
UniGCN,random,0,86,restart,9447.180657687897,970.3982855247386,940.2819115864071,1321.5898935910436,1233.1462044383074,7.1483451133376015,0.7342658189432412,0.7625064312748716,0.012810141044166197,0.01442048591581237,0.01342143561429582,0.01600762952508531,0.014922986291471955,0.8002522187367982,0.9008508032506778,0.899380013634789,False,1e-24,False
UniGCN,random,0,87,base,0.5223698333463792,7.856683948929783e-05,1.0462473607299434e-21,0.6324724744175932,0.7879145519547196,0.8259171022855958,0.00012422175298876904,1.327869066682842e-21,7.083204486980159e-07,1.1675329802264242e-09,1.4933969712309483e-26,7.660761560290615e-06,9.534991078391456e-06,0.09246083997308821,0.00015240429701902025,1.5662279691224238e-21,False,1e-24,False
UniGCN,random,0,87,restart,9447.180622705337,970.3982855107638,940.2819115864074,1321.5898591394073,1233.146160694269,7.148345273212939,0.7342658380737482,0.7625064583236613,0.012810140996730718,0.0144204859156047,0.013421435614295823,0.016007629107793204,0.014922985762101078,0.80025223663473,0.9008508267213776,0.8993800455389669,False,1e-24,False
UniGCN,random,0,88,base,0.4937348887583155,7.426001135862823e-05,5.844845791642896e-22,0.5978019917403121,0.7447231421626176,0.8259171022849254,0.0001242217529962448,7.848347205472791e-22,6.694921789468207e-07,1.1035318836389939e-09,8.342840641874263e-27,7.240818698404942e-06,9.012307868633313e-06,0.09246083997301317,0.00015240429702819205,9.257163385319889e-22,False,1e-24,False
UniGCN,random,0,88,restart,9447.180592096143,970.3982854985358,940.2819115864071,1321.5898289947672,1233.1461224189234,7.148345413101351,0.7342658548126417,0.7625064819909276,0.012810140955225417,0.014420485915422986,0.01342143561429582,0.016007628742669176,0.01492298529890989,0.8002522522951396,0.9008508472578718,0.8993800734546218,False,1e-24,False
UniGCN,random,0,89,base,0.46666963675059475,7.018927225216648e-05,3.2652312886377625e-22,0.5650320540158685,0.7038993722055726,0.8259171022844106,0.00012422175300199034,4.638775679550055e-22,6.327923731341034e-07,1.043039159334627e-09,4.660739610772433e-27,6.8438960030991814e-06,8.518276781936111e-06,0.09246083997295554,0.0001524042970352411,5.471458289141312e-22,False,1e-24,False
UniGCN,random,0,89,restart,9447.180565313578,970.3982854878368,940.2819115864072,1321.589802618681,1233.146088928597,7.148345535501515,0.7342658694589113,0.7625065026994157,0.012810140918908927,0.014420485915263995,0.013421435614295821,0.016007628423191384,0.01492298489362487,0.800252265997752,0.9008508652269823,0.8993800978803833,False,1e-24,False
UniGCN,random,0,90,base,0.44108803089173965,6.634168038897656e-05,1.8241348628889335e-22,0.5340584783532663,0.6653134542758814,0.8259171022840144,0.0001242217530064062,2.741767585136691e-22,5.981043544476474e-07,9.858624875488542e-10,2.603741315490183e-27,6.468731569201383e-06,8.051327184040762e-06,0.09246083997291117,0.00015240429704065878,3.233928091571394e-22,False,1e-24,False
UniGCN,random,0,90,restart,9447.180541879252,970.398285478475,940.2819115864073,1321.589779540019,1233.1460596250868,7.148345642599745,0.7342658822741678,0.7625065208190189,0.012810140887132566,0.014420485915124875,0.013421435614295823,0.016007628143653328,0.014922984539006838,0.8002522779873237,0.9008508809496727,0.8993801192525427,False,1e-24,False
UniGCN,random,0,91,base,0.41690874159003644,6.270500342252752e-05,1.019064767976863e-22,0.5047827928944187,0.6288427151931489,0.82591710228371,0.00012422175300980004,1.620539990932164e-22,5.653178419921609e-07,9.318200909810581e-10,1.4545969673204651e-27,6.114132665872319e-06,7.609974538739979e-06,0.0924608399728771,0.0001524042970448226,1.9114347359712847e-22,False,1e-24,False
UniGCN,random,0,91,restart,9447.180521374581,970.3982854702836,940.2819115864073,1321.5897593465509,1233.1460339849734,7.148345736309021,0.7342658934873171,0.762506536673389,0.012810140859328745,0.014420485915003148,0.013421435614295823,0.0160076278990619,0.014922984228721603,0.8002522884780113,0.9008508947067811,0.8993801379528487,False,1e-24,False
UniGCN,random,0,92,base,0.3940548975287436,5.926767955138508e-05,5.693094738309513e-23,0.4771119237503014,0.5943712063990755,0.8259171022834758,0.00012422175301240863,9.578348811343713e-23,5.343286001818754e-07,8.80740156884625e-10,8.126233583223173e-28,5.778971944649968e-06,7.192815688208846e-06,0.09246083997285089,0.00015240429704802303,1.1297708624099006e-22,False,1e-24,False
UniGCN,random,0,92,restart,9447.18050343332,970.3982854631165,940.2819115864072,1321.5897416775822,1233.1460115502753,7.1483458183031745,0.7342659032986477,0.7625065505457153,0.012810140835000842,0.014420485914896643,0.013421435614295821,0.01600762768504823,0.014922983957226875,0.8002522976571993,0.9008509067440365,0.8993801543153245,False,1e-24,False
UniGCN,random,0,93,base,0.3724538412751477,5.601878076170535e-05,3.1805097221678506e-23,0.4509578990984414,0.5617893353313053,0.825917102283296,0.0001242217530144134,5.661392130721388e-23,5.050381073525307e-07,8.324602908364877e-10,4.539809383836581e-28,5.462183855359028e-06,6.798524392055271e-06,0.09246083997283075,0.00015240429705048263,6.677639325883397e-23,False,1e-24,False
UniGCN,random,0,93,restart,9447.180487734991,970.3982854568451,940.2819115864072,1321.5897262175104,1233.1459919202644,7.148345890046781,0.734265911883409,0.762506562683785,0.012810140813714302,0.014420485914803447,0.013421435614295821,0.016007627497789608,0.014922983719673225,0.8002523056888458,0.900850917276447,0.8993801686322362,False,1e-24,False
UniGCN,random,0,94,base,0.3520368982864874,5.294797808467476e-05,1.7768328289523948e-23,0.4262375695010066,0.5309935170043941,0.8259171022831576,0.00012422175301595446,3.3462420388414855e-23,4.773532425391749e-07,7.868270004495277e-10,2.536223138751743e-28,5.162761258490874e-06,6.425847110907992e-06,0.09246083997281526,0.0001524042970523733,3.9469086253957986e-23,False,1e-24,False
UniGCN,random,0,94,restart,9447.1804739992,970.3982854513579,940.2819115864071,1321.5897126901884,1233.145974744311,7.1483459528213205,0.7342659193949416,0.7625065733044069,0.012810140795088912,0.014420485914721904,0.01342143561429582,0.016007627333941232,0.014922983511817483,0.8002523127164114,0.9008509264921425,0.899380181159311,False,1e-24,False
UniGCN,random,0,95,base,0.3327391585783704,5.0045508758441306e-05,9.926543466924105e-24,0.4028723435543256,0.5018858446901958,0.825917102283051,0.00012422175301713876,1.977848861836612e-23,4.511859894239914e-07,7.436952073864413e-10,1.4168991487781872e-28,4.879752223283982e-06,6.073599021137246e-06,0.09246083997280333,0.00015240429705382628,2.332882272680689e-23,False,1e-24,False
UniGCN,random,0,95,restart,9447.180461980595,970.3982854465567,940.2819115864073,1321.5897008539923,1233.145959715619,7.148346007748064,0.7342659259674157,0.7625065825972861,0.012810140778791983,0.014420485914650557,0.013421435614295823,0.016007627190576454,0.014922983329946946,0.8002523188654217,0.9008509345557326,0.8993801921203068,False,1e-24,False
UniGCN,random,0,96,base,0.3144992703615534,4.7302145190140986e-05,5.54563011247832e-24,0.3807879380294053,0.47437377865068536,0.8259171022829696,0.00012422175301804914,1.169042295771992e-23,4.264531565129252e-07,7.029277861237013e-10,7.915744903541951e-29,4.61225700132516e-06,5.740660248037998e-06,0.09246083997279421,0.0001524042970549432,1.3788910267329157e-23,False,1e-24,False
UniGCN,random,0,96,restart,9447.180451464503,970.3982854423555,940.2819115864073,1321.5896904975052,1233.1459465657476,7.14834605580811,0.7342659317182282,0.7625065907284109,0.012810140764532425,0.014420485914588126,0.013421435614295823,0.01600762706513451,0.014922983170813057,0.8002523242457101,0.9008509416112483,0.8993802017110077,False,1e-24,False
UniGCN,random,0,97,base,0.29725924499101275,4.470916561934186e-05,3.0981712618893045e-24,0.35991414170909214,0.44836985193363293,0.8259171022829065,0.00012422175301874896,6.9098563351844e-24,4.030761126514946e-07,6.643951279992298e-10,4.422280765069016e-29,4.35942516605005e-06,5.425972305500176e-06,0.09246083997278715,0.0001524042970558018,8.150208877008564e-24,False,1e-24,False
UniGCN,random,0,97,restart,9447.180442263087,970.3982854386797,940.2819115864072,1321.5896814357402,1233.145935059815,7.148346097859903,0.7342659367500998,0.7625065978430184,0.012810140752055534,0.014420485914533503,0.013421435614295821,0.01600762695537476,0.014922983031573384,0.8002523289533789,0.900850947784715,0.8993802101027217,False,1e-24,False
UniGCN,random,0,98,base,0.2809642726071976,4.225832638964016e-05,1.730859236128841e-24,0.34018459217105973,0.423791392295788,0.8259171022828584,0.00012422175301928673,4.084224615210627e-24,3.809805370389337e-07,6.279747291578175e-10,2.4706011578930292e-29,4.120452909048688e-06,5.1285347308468725e-06,0.09246083997278176,0.00015240429705646157,4.817362633878584e-24,False,1e-24,False
UniGCN,random,0,98,restart,9447.180434211987,970.3982854354633,940.2819115864072,1321.589673506836,1233.145924992302,7.14834613465457,0.7342659411529094,0.7625066040681899,0.012810140741138443,0.014420485914485706,0.013421435614295821,0.016007626859336675,0.014922982909740824,0.8002523330725161,0.9008509531864027,0.8993802174453415,False,1e-24,False
UniGCN,random,0,99,base,0.26556254788334405,3.9941835740254083e-05,9.66984483081086e-25,0.32153656480696857,0.40056025936950496,0.8259171022828213,0.0001242217530197002,2.4140799304532895e-24,3.6009618294590294e-07,5.935508010842848e-10,1.3802583905713345e-29,3.894580484580529e-06,4.847401904141872e-06,0.09246083997277761,0.00015240429705696887,2.8474189222725066e-24,False,1e-24,False
UniGCN,random,0,99,restart,9447.180427167403,970.3982854326495,940.2819115864071,1321.5896665691685,1233.1459161833852,7.148346166849333,0.7342659450052997,0.7625066095151182,0.012810140731586164,0.01442048591444389,0.01342143561429582,0.01600762677530485,0.014922982803139235,0.8002523366766972,0.9008509579127958,0.8993802238700196,False,1e-24,False
UniGCN,random,0,100,base,0.251005105324866,3.775232903429214e-05,5.402320311889444e-25,0.3039107734070413,0.37860259623720466,0.8259171022827927,0.00012422175302001802,1.426910529822343e-24,3.4035665438457535e-07,5.610139024861721e-10,7.711186755841753e-30,3.681089794174434e-06,4.581680041854398e-06,0.0924608399727744,0.00015240429705735877,1.683047852621483e-24,False,1e-24,False
UniGCN,random,0,100,restart,9447.180421003502,970.3982854301869,940.2819115864072,1321.5896604988172,1233.1459084757194,7.14834619501925,0.734265948376081,0.7625066142810961,0.012810140723228069,0.014420485914407297,0.013421435614295821,0.016007626701778306,0.014922982709864495,0.8002523398302995,0.9008509620483157,0.8993802294915136,False,1e-24,False
UniGCN,random,0,101,base,0.23724566359720117,3.5682845344943203e-05,3.01816372379283e-25,0.2872511816760696,0.3578485946238741,0.8259171022827707,0.00012422175302026224,8.434191915620482e-25,3.2169919502108415e-07,5.30260591355658e-10,4.3080792678384194e-30,3.4793021036345636e-06,4.330524355323301e-06,0.09246083997277195,0.0001524042970576584,9.948170046758212e-25,False,1e-24,True
UniGCN,random,0,101,restart,9447.180415610184,970.3982854280323,940.2819115864072,1321.5896551873539,1233.1459017316315,7.148346219667491,0.7342659513254625,0.7625066184512528,0.012810140715914865,0.014420485914375279,0.013421435614295821,0.01600762663744372,0.014922982628250547,0.8002523425896529,0.9008509656668319,0.8993802344102335,False,1e-24,False
UniGCN,random,0,102,base,0.22424047838719655,3.3726805325149335e-05,1.6861964138452418e-25,0.2715048250816189,0.33823227296109576,0.8259171022827536,0.00012422175302045,4.985320883436786e-25,3.040644886592354e-07,5.011930961045199e-10,2.4068501502169683e-30,3.2885758851940267e-06,4.093136364986759e-06,0.09246083997277003,0.00015240429705788876,5.880210028684824e-25,False,1e-24,True
UniGCN,random,0,102,restart,9447.180410891113,970.3982854261473,940.2819115864072,1321.589650539906,1233.1458958306591,7.148346241234318,0.7342659539061256,0.7625066221000751,0.012810140709515921,0.014420485914347265,0.013421435614295821,0.01600762658115196,0.014922982556839607,0.800252345004044,0.9008509688329774,0.899380238714037,False,1e-24,False
UniGCN,random,0,103,base,0.21194820333024703,3.187799029040503e-05,9.420504643283256e-26,0.25662164246804714,0.3196912666170267,0.8259171022827407,0.00012422175302059438,2.94675070200417e-25,2.873964706611814e-07,4.737190047266114e-10,1.3446679657027747e-30,3.1083047779559968e-06,3.868761361838882e-06,0.09246083997276859,0.0001524042970580659,3.4757066666516565e-25,False,1e-24,True
UniGCN,random,0,103,restart,9447.180406761998,970.3982854244974,940.2819115864071,1321.589646473461,1233.1458906674,7.148346260104958,0.7342659561641656,0.7625066252927383,0.012810140703916945,0.014420485914322748,0.01342143561429582,0.016007626531897537,0.014922982494356142,0.800252347116599,0.9008509716033054,0.8993802424797986,False,1e-24,False
UniGCN,random,0,104,base,0.20032975856104304,3.0130522448182187e-05,5.263164341273766e-26,0.2425543169010023,0.3021666296254184,0.825917102282731,0.00012422175302070527,1.7418086000423875e-25,2.7164214970551717e-07,4.4775097099963186e-10,7.5125577194911445e-31,2.9379156601381086e-06,3.6566860080426034e-06,0.0924608399727675,0.00015240429705820196,2.0544716453553417e-25,False,1e-24,True
UniGCN,random,0,104,restart,9447.180403149088,970.3982854230544,940.2819115864074,1321.5896429153847,1233.1458861496285,7.1483462766164765,0.734265958139916,0.762506628086269,0.01281014069901793,0.014420485914301305,0.013421435614295823,0.016007626488800684,0.014922982439684084,0.8002523489650518,0.9008509740273,0.8993802457747816,False,1e-24,False
UniGCN,random,0,105,base,0.18934820647002226,2.847884621112634e-05,2.940527107163942e-26,0.22925812523640623,0.28560264728333334,0.8259171022827232,0.00012422175302079062,1.0295867825926625e-25,2.5675143931613175e-07,4.2320643679214777e-10,4.197261986493681e-31,2.776866826991354e-06,3.456236069070679e-06,0.09246083997276663,0.00015240429705830666,1.2144025762749045e-25,False,1e-24,True
UniGCN,random,0,105,restart,9447.180399987847,970.3982854217913,940.2819115864072,1321.589639802123,1233.145882196648,7.148346291063798,0.7342659598686667,0.7625066305305651,0.012810140694731364,0.014420485914282535,0.013421435614295821,0.016007626451091602,0.014922982391846874,0.8002523505824194,0.9008509761482573,0.8993802486578406,False,1e-24,False
UniGCN,random,0,106,base,0.17896863427052687,2.6917710534613944e-05,1.6428955792562884e-26,0.21669079593567328,0.26994665902176285,0.8259171022827172,0.00012422175302085614,6.086000787006739e-26,2.4267699862620597e-07,4.000073695930072e-10,2.345043222281877e-31,2.6246462686006933e-06,3.2667742701647804e-06,0.09246083997276595,0.00015240429705838703,7.178467284069766e-26,False,1e-24,True
UniGCN,random,0,106,restart,9447.180397221813,970.3982854206864,940.2819115864073,1321.5896370780674,1233.1458787378517,7.148346303704982,0.7342659613812968,0.7625066326692863,0.012810140690980692,0.014420485914266116,0.013421435614295823,0.016007626418096745,0.014922982349990063,0.800252351997591,0.9008509780040621,0.8993802511804726,False,1e-24,False
UniGCN,random,0,107,base,0.1691580430033205,2.5442152222518764e-05,9.179045045455793e-27,0.20481237467512498,0.2551488909860128,0.8259171022827128,0.0001242217530209066,3.597524962771242e-26,2.2937408187110957e-07,3.7808001442870757e-10,1.3102024037711682e-31,2.480770042092114e-06,3.0876982702978663e-06,0.09246083997276545,0.00015240429705844897,4.2432980462329127e-26,False,1e-24,True
UniGCN,random,0,107,restart,9447.180394801571,970.3982854197196,940.2819115864072,1321.589634694561,1233.145875711458,7.14834631476582,0.7342659627048248,0.7625066345406343,0.012810140687698904,0.01442048591425175,0.013421435614295821,0.016007626389226755,0.014922982313365994,0.800252353235844,0.9008509796278626,0.8993802533877365,False,1e-24,False
UniGCN,random,0,108,base,0.15988524262558768,2.404748014811204e-05,5.128637427698072e-27,0.1935850973223453,0.2411622977935944,0.8259171022827092,0.0001242217530209453,2.126633173850235e-26,2.1680039613170438e-07,3.5735465937999824e-10,7.320536126105403e-32,2.3447807330710426e-06,2.9184387471986355e-06,0.09246083997276507,0.00015240429705849645,2.5083740863611659e-26,False,1e-24,True
UniGCN,random,0,108,restart,9447.180392683902,970.3982854188738,940.2819115864073,1321.5896326090299,1233.145873063411,7.148346324443884,0.7342659638628914,0.7625066361780347,0.012810140684827397,0.01442048591423918,0.013421435614295823,0.01600762636396596,0.014922982281320508,0.8002523543192965,0.9008509810486632,0.8993802553190583,False,1e-24,False
UniGCN,random,0,109,base,0.15112075285087842,2.27292603399317e-05,2.8656422702808032e-27,0.18297326987563783,0.22794241296653173,0.8259171022827064,0.00012422175302097507,1.2571781762710211e-26,2.049159668757854e-07,3.3776541395225076e-10,4.090372552130492e-32,2.2162460014006516e-06,2.7584575873499097e-06,0.09246083997276475,0.00015240429705853296,1.4828477229045133e-26,False,1e-24,True
UniGCN,random,0,109,restart,9447.180390830972,970.3982854181335,940.2819115864071,1321.5896307842222,1233.1458707464105,7.148346332912039,0.7342659648761816,0.7625066376107347,0.01281014068231487,0.014420485914228178,0.01342143561429582,0.016007626341863153,0.0149229822532812,0.8002523552673005,0.9008509822918414,0.8993802570089348,False,1e-24,False
UniGCN,random,0,110,base,0.14283670942474733,2.148330188520493e-05,1.6012602408628253e-27,0.172943154984888,0.2154472075625784,0.8259171022827043,0.00012422175302099795,7.432262682716489e-27,1.9368301087018817e-07,3.1924999959498095e-10,2.2856135973320053e-32,2.0947572066968017e-06,2.607246175206565e-06,0.09246083997276451,0.00015240429705856102,8.76638968374715e-27,False,1e-24,True
UniGCN,random,0,110,restart,9447.180389209685,970.3982854174858,940.2819115864073,1321.589629187544,1233.1458687190711,7.148346340321543,0.7342659657627947,0.7625066388643251,0.012810140680116447,0.014420485914218554,0.013421435614295823,0.016007626322523543,0.014922982228747241,0.8002523560967892,0.9008509833796029,0.8993802584875508,False,1e-24,False
UniGCN,random,0,111,base,0.1350067755381165,2.0305643606008216e-05,8.948007292129771e-28,0.16346286469305374,0.2036369565559005,0.8259171022827029,0.00012422175302101562,4.394097929701404e-27,1.830658160595212e-07,3.01749551704543e-10,1.277224439476342e-32,1.9799281091697396e-06,2.464323776194053e-06,0.09246083997276436,0.0001524042970585827,5.1828597029928864e-27,False,1e-24,True
UniGCN,random,0,111,restart,9447.180387791086,970.3982854169191,940.2819115864072,1321.589627790475,1233.1458669451804,7.148346346804745,0.7342659665385677,0.7625066399611974,0.012810140678192862,0.014420485914210131,0.013421435614295821,0.016007626305601683,0.014922982207280404,0.8002523568225792,0.9008509843313778,0.8993802597813169,False,1e-24,False
UniGCN,random,0,112,base,0.12760605809672523,1.919254146580528e-05,5.000728845927502e-28,0.15450225905728632,0.19247411254241936,0.8259171022827019,0.00012422175302102912,2.5981306160460364e-27,1.7303062802963068e-07,2.85208432480515e-10,7.13796143509032e-33,1.8713936416822468e-06,2.32923600834669e-06,0.09246083997276425,0.00015240429705859926,3.064507593696742e-27,False,1e-24,True
UniGCN,random,0,112,restart,9447.180386549833,970.398285416423,940.2819115864072,1321.5896265680612,1233.1458653930536,7.148346352477448,0.7342659672173569,0.7625066409209436,0.012810140676509754,0.01442048591420276,0.013421435614295821,0.016007626290795312,0.014922982188497257,0.8002523574576343,0.9008509851641658,0.8993802609133421,False,1e-24,False
UniGCN,random,0,113,base,0.12061102858046967,1.8140456666325725e-05,2.795037466546987e-28,0.14603285032737595,0.18192318636829716,0.8259171022827005,0.0001242217530210395,1.5363833067922034e-27,1.635455426948415e-07,2.695740540408095e-10,3.989592369538803e-33,1.768808749120348e-06,2.201553397726746e-06,0.0924608399727641,0.000152404297058612,1.8121715210988427e-27,False,1e-24,True
UniGCN,random,0,113,restart,9447.180385463756,970.3982854159892,940.2819115864071,1321.5896254984686,1233.1458640349667,7.148346357440972,0.7342659678112868,0.7625066417607064,0.01281014067503706,0.014420485914196313,0.01342143561429582,0.016007626277839977,0.014922982172062295,0.8002523580132974,0.9008509858928423,0.8993802619038465,False,1e-24,False
UniGCN,random,0,114,base,0.11399944824102515,1.714604439694134e-05,1.5624490575164989e-28,0.13802771237688294,0.17195063430205523,0.8259171022827001,0.00012422175302104752,9.086614096298356e-28,1.5458040486780128e-07,2.5479671123314536e-10,2.2302151267266838e-33,1.6718472913866633e-06,2.0808700130316555e-06,0.09246083997276404,0.00015240429705862184,1.0717705155822993e-27,False,1e-24,True
UniGCN,random,0,114,restart,9447.180384513458,970.3982854156097,940.2819115864072,1321.5896245625916,1233.1458628466619,7.14834636178398,0.7342659683309665,0.762506642495486,0.01281014067374848,0.014420485914190675,0.013421435614295821,0.016007626266504257,0.014922982157681959,0.800252358499494,0.9008509865304232,0.8993802627705226,False,1e-24,False
UniGCN,random,0,115,base,0.10775029739993917,1.6206143200772285e-05,8.736683918765259e-29,0.13046139509901783,0.16252475139162162,0.8259171022826994,0.0001242217530210536,5.375602081502798e-28,1.4610671238946e-07,2.408294236113604e-10,1.2470604746647422e-33,1.580201006528801e-06,1.9668021750484934e-06,0.09246083997276397,0.0001524042970586293,6.340548584323153e-28,False,1e-24,True
UniGCN,random,0,115,restart,9447.180383681958,970.3982854152773,940.2819115864071,1321.5896237437132,1233.1458618069132,7.148346365584045,0.734265968785678,0.7625066431384069,0.012810140672620986,0.014420485914185734,0.01342143561429582,0.01600762625658567,0.014922982145099383,0.8002523589249086,0.9008509870882964,0.8993802635288508,False,1e-24,False
UniGCN,random,0,116,base,0.10184370862241761,1.531776492371539e-05,4.886985432664442e-29,0.12330984349511388,0.153615570667265,0.8259171022826992,0.0001242217530210583,3.181308646927315e-28,1.3809752551439302e-07,2.276277860741659e-10,6.975605882053596e-34,1.493578530706321e-06,1.8589872368527593e-06,0.09246083997276394,0.0001524042970586351,3.7523688940776174e-28,False,1e-24,True
UniGCN,random,0,116,restart,9447.180382954413,970.3982854149871,940.2819115864071,1321.5896230272074,1233.1458608971493,7.1483463689090465,0.734265969183544,0.7625066437009526,0.012810140671634454,0.014420485914181422,0.01342143561429582,0.016007626247907063,0.014922982134089826,0.8002523592971402,0.9008509875764275,0.8993802641923762,False,1e-24,False
UniGCN,random,0,117,base,0.09626090355434834,1.447808521444032e-05,2.7348498646246393e-29,0.11655032119845815,0.1451947678699602,0.8259171022826987,0.00012422175302106203,1.8835732890003545e-28,1.3052738126338256e-07,2.1514982769149323e-10,3.9036815364125164e-34,1.411704471880549e-06,1.7570824308734816e-06,0.09246083997276389,0.00015240429705863965,2.2216837797825546e-28,False,1e-24,True
UniGCN,random,0,117,restart,9447.180382317818,970.3982854147324,940.2819115864072,1321.589622400276,1233.14586010112,7.148346371818366,0.7342659695316701,0.7625066441931715,0.012810140670771247,0.014420485914177637,0.013421435614295821,0.01600762624031342,0.014922982124456632,0.8002523596228366,0.9008509880035339,0.8993802647729507,False,1e-24,False
UniGCN,random,0,118,base,0.09098413322175417,1.3684434545151046e-05,1.531606659421317e-29,0.11016133819034508,0.13723557140229425,0.8259171022826983,0.00012422175302106484,1.1160420317933053e-28,1.233722124709667e-07,2.0335587826960993e-10,2.1861911744285305e-34,1.3343185342822803e-06,1.6607637791591764e-06,0.09246083997276384,0.0001524042970586431,1.3163769597235385e-28,False,1e-24,True
UniGCN,random,0,118,restart,9447.180381760809,970.39828541451,940.2819115864073,1321.589621851721,1233.1458594046069,7.148346374363976,0.7342659698362752,0.7625066446238554,0.012810140670015957,0.014420485914174332,0.013421435614295823,0.0160076262336691,0.01492298211602774,0.8002523599078158,0.9008509883772456,0.8993802652809445,False,1e-24,False
UniGCN,random,0,119,base,0.08599662160287261,1.293428972456572e-05,8.587270938866803e-30,0.1041225824785468,0.12971267721562815,0.8259171022826981,0.00012422175302106699,6.620224887187961e-29,1.1660927127058884e-07,1.9220844223078716e-10,1.2257335017118766e-34,1.261174690873871e-06,1.5697250633801759e-06,0.09246083997276382,0.00015240429705864572,7.808587187060877e-29,False,1e-24,True
UniGCN,random,0,119,restart,9447.180381273434,970.3982854143153,940.2819115864074,1321.5896213717435,1233.1458587951684,7.1483463765913475,0.7342659701027999,0.7625066450006973,0.012810140669355088,0.014420485914171438,0.013421435614295823,0.01600762622785542,0.014922982108652588,0.8002523601571685,0.9008509887042375,0.8993802657254314,False,1e-24,False
UniGCN,random,0,120,base,0.08128251229346685,1.2225265876132638e-05,4.824301834989701e-30,0.09841485552099047,0.12260216836292094,0.8259171022826981,0.00012422175302106872,3.934923745156806e-29,1.102170567740912e-07,1.8167207940655206e-10,6.886132303981192e-35,1.1920404011747875e-06,1.4836768512927272e-06,0.09246083997276382,0.00015240429705864786,4.641261537498078e-29,False,1e-24,True
UniGCN,random,0,120,restart,9447.180380846989,970.3982854141449,940.2819115864071,1321.5896209517705,1233.145858261919,7.148346378540263,0.734265970336005,0.7625066453304278,0.012810140668776839,0.014420485914168906,0.01342143561429582,0.016007626222768537,0.014922982102199443,0.8002523603753482,0.9008509889903505,0.8993802661143501,False,1e-24,False
UniGCN,random,0,121,base,0.07682681809580406,1.1555108855979398e-05,2.7188421689839475e-30,0.09302001118934028,0.1158814389614572,0.8259171022826979,0.00012422175302107002,2.346227483323062e-29,1.0417524671562847e-07,1.7171329236554154e-10,3.880832404282312e-35,1.1266958719639081e-06,1.4023455765697765e-06,0.09246083997276379,0.00015240429705864946,2.767386633596453e-29,False,1e-24,True
UniGCN,random,0,121,restart,9447.180380473856,970.398285413996,940.2819115864071,1321.5896205843012,1233.1458577953345,7.148346380245532,0.7342659705400556,0.762506645618937,0.01281014066827088,0.014420485914166692,0.01342143561429582,0.0160076262183176,0.014922982096553043,0.8002523605662518,0.9008509892406946,0.8993802664546481,False,1e-24,False
UniGCN,random,0,122,base,0.07261537337103413,1.0921688086490202e-05,1.5394955589064597e-30,0.08792089807843581,0.10952912232373833,0.8259171022826979,0.00012422175302107092,1.405558198810476e-29,9.846463284268323e-08,1.623004199177479e-10,2.1974516650540342e-35,1.0649333585081855e-06,1.3254726690730156e-06,0.09246083997276379,0.00015240429705865055,1.6578626752001207e-29,False,1e-24,True
UniGCN,random,0,122,restart,9447.18038014737,970.3982854138654,940.2819115864072,1321.5896202627707,1233.14585738708,7.148346381737619,0.7342659707185971,0.7625066458713782,0.012810140667828174,0.014420485914164753,0.013421435614295821,0.01600762621442309,0.01492298209161253,0.80025236073329,0.9008509894597424,0.8993802667524037,False,1e-24,False
UniGCN,random,0,123,base,0.06863478900348575,1.0322989782727716e-05,8.77709352648837e-31,0.08310130497817587,0.10352502302805007,0.8259171022826979,0.00012422175302107165,8.478233831554154e-30,9.306705984877611e-08,1.5340353645658315e-10,1.2528284782982445e-35,1.0065565040961224e-06,1.2528137328011368e-06,0.09246083997276379,0.00015240429705865144,1.0000117699037947e-29,False,1e-24,True
UniGCN,random,0,123,restart,9447.1803798617,970.3982854137513,940.2819115864072,1321.5896199814365,1233.1458570298637,7.1483463830431715,0.734265970874818,0.7625066460922603,0.012810140667440812,0.014420485914163056,0.013421435614295821,0.01600762621101546,0.014922982087289656,0.8002523608794456,0.9008509896514056,0.8993802670129352,False,1e-24,False
UniGCN,random,0,124,base,0.06487240983370189,9.757110550164609e-06,5.063840976254829e-31,0.07854590933449049,0.09785005271274322,0.8259171022826978,0.00012422175302107222,5.175102961999073e-30,8.7965367653725e-08,1.449943568187457e-10,7.228046693908088e-36,9.513797157762896e-07,1.1841377689008064e-06,0.09246083997276378,0.00015240429705865214,6.104058905761978e-30,False,1e-24,True
UniGCN,random,0,124,restart,9447.180379611744,970.3982854136513,940.281911586407,1321.5896197352738,1233.145856717305,7.148346384185507,0.7342659710115087,0.7625066462855284,0.012810140667101878,0.01442048591416157,0.013421435614295818,0.016007626208033837,0.01492298208350721,0.8002523610073292,0.9008509898191077,0.8993802672408959,False,1e-24,False
UniGCN,random,0,125,base,0.061316274424884555,9.222251333370752e-06,2.978696708261465e-31,0.0742402285355474,0.09248616939010372,0.8259171022826978,0.00012422175302107254,3.220694216123729e-30,8.314333684794885e-08,1.3704614635942127e-10,4.251744672722266e-36,8.992275743162232e-07,1.1192264412701428e-06,0.09246083997276378,0.00015240429705865255,3.79882436292089e-30,False,1e-24,True
UniGCN,random,0,125,restart,9447.180379393036,970.398285413564,940.2819115864071,1321.589619519885,1233.1458564438208,7.148346385185035,0.7342659711311113,0.7625066464546354,0.012810140666805315,0.014420485914160274,0.01342143561429582,0.016007626205424962,0.014922982080197626,0.8002523611192258,0.9008509899658448,0.8993802674403584,False,1e-24,False
UniGCN,random,0,126,base,0.05795507703483765,8.716711696417522e-06,1.7941369410338717e-31,0.07017057386832097,0.08741632008687711,0.8259171022826977,0.00012422175302107292,2.0524050191666745e-30,7.858563712737188e-08,1.2953363595692519e-10,2.5609227552499764e-36,8.499342765058256e-07,1.057873382419882e-06,0.09246083997276378,0.000152404297058653,2.4208216198727614e-30,False,1e-24,True
UniGCN,random,0,126,restart,9447.180379201669,970.3982854134877,940.2819115864073,1321.5896193314231,1233.1458562045266,7.148346386059607,0.7342659712357614,0.7625066466026015,0.012810140666545827,0.01442048591415914,0.013421435614295823,0.016007626203142236,0.014922982077301795,0.8002523612171334,0.9008509900942373,0.8993802676148851,False,1e-24,False
UniGCN,random,0,127,base,0.0547781316725081,8.238884416815252e-06,1.1212734710315507e-31,0.06632400699914123,0.0826243866290891,0.8259171022826979,0.0001242217530210732,1.3570732767615976e-30,7.427777855499105e-08,1.224329416765664e-10,1.6004880570421366e-36,8.033431080322338e-07,9.998835373854168e-07,0.09246083997276379,0.00015240429705865334,1.6006744757766818e-30,False,1e-24,True
UniGCN,random,0,127,restart,9447.180379034227,970.3982854134207,940.2819115864073,1321.589619166522,1233.1458559951475,7.1483463868248425,0.7342659713273286,0.7625066467320694,0.01281014066631878,0.014420485914158144,0.013421435614295823,0.016007626201144886,0.014922982074767981,0.8002523613028011,0.9008509902065786,0.8993802677675931,False,1e-24,False
UniGCN,random,0,128,base,0.051775338124853194,7.787250375796967e-06,7.443629875468278e-32,0.06268829883986511,0.07809513439880009,0.8259171022826977,0.0001242217530210734,9.53148993566832e-31,7.020606549415648e-08,1.1572148883832913e-10,1.0624919811728784e-36,7.59305945250304e-07,9.450725436038574e-07,0.09246083997276378,0.0001524042970586536,1.124243835421632e-30,False,1e-24,True
UniGCN,random,0,128,restart,9447.180378887717,970.3982854133621,940.2819115864071,1321.5896190222359,1233.1458558119443,7.148346387494413,0.7342659714074488,0.7625066468453515,0.012810140666120115,0.014420485914157274,0.01342143561429582,0.016007626199397235,0.014922982072550939,0.800252361377759,0.9008509903048758,0.89938026790121,False,1e-24,False
UniGCN,random,0,129,base,0.04893714984602609,7.360373728703298e-06,5.185040211526761e-32,0.05925189066889637,0.07381416389988014,0.8259171022826974,0.00012422175302107354,7.024451592460807e-31,6.6357553067109e-08,1.0937794024696412e-10,7.401044569615351e-37,7.17682784264733e-07,8.932661447846051e-07,0.09246083997276375,0.00015240429705865377,8.285374535715755e-31,False,1e-24,True
UniGCN,random,0,129,restart,9447.180378759525,970.3982854133111,940.2819115864072,1321.589618895988,1233.1458556516443,7.1483463880802764,0.7342659714775526,0.762506646944472,0.01281014066594629,0.014420485914156516,0.013421435614295821,0.01600762619786807,0.01492298207061106,0.800252361443346,0.9008509903908842,0.899380268018123,False,1e-24,False
UniGCN,random,0,130,base,0.04625454360679181,6.956897340114252e-06,3.8900541562370994e-32,0.056003857383449186,0.06976786497882108,0.8259171022826977,0.00012422175302107357,5.575710475615062e-31,6.272000600034615e-08,1.033821283563187e-10,5.552601911268633e-37,6.783412958266615e-07,8.442996369100046e-07,0.09246083997276378,0.0001524042970586538,6.576577400400438e-31,False,1e-24,True
UniGCN,random,0,130,restart,9447.180378647356,970.3982854132662,940.2819115864074,1321.589618785523,1233.1458555113843,7.148346388592896,0.7342659715388922,0.7625066470312009,0.012810140665794192,0.014420485914155848,0.013421435614295823,0.016007626196530074,0.014922982068913695,0.8002523615007334,0.9008509904661401,0.8993802681204202,False,1e-24,False
UniGCN,random,0,131,base,0.04371899080768267,6.575538469215109e-06,3.084504679064635e-32,0.05293387276622636,0.06594337355504361,0.8259171022826974,0.00012422175302107368,4.677505127167884e-31,5.928185972597736e-08,9.771499115224022e-11,4.402773300425856e-37,6.411564046296797e-07,7.980173446047871e-07,0.09246083997276375,0.00015240429705865393,5.5171398594178446e-31,False,1e-24,True
UniGCN,random,0,131,restart,9447.180378549212,970.398285413227,940.2819115864072,1321.589618688868,1233.1458553886591,7.148346389041431,0.7342659715925633,0.7625066471070869,0.01281014066566111,0.014420485914155266,0.013421435614295821,0.01600762619535935,0.01492298206742853,0.8002523615509466,0.9008509905319878,0.8993802682099281,False,1e-24,False
UniGCN,random,0,132,base,0.041322430364691534,6.215084691679192e-06,2.5752093546134666e-32,0.05003217665608716,0.06232853072313554,0.8259171022826975,0.00012422175302107376,4.1316702395129335e-31,5.6032183615401164e-08,9.235851155021032e-11,3.6758131918079303e-37,6.060098916677223e-07,7.542721262095675e-07,0.09246083997276376,0.00015240429705865404,4.873324976596894e-31,False,1e-24,True
UniGCN,random,0,132,restart,9447.180378463336,970.3982854131928,940.2819115864071,1321.5896186042962,1233.1458552812765,7.148346389433892,0.734265971639525,0.7625066471734862,0.012810140665544666,0.014420485914154757,0.01342143561429582,0.01600762619433498,0.014922982066129032,0.8002523615948823,0.9008509905896038,0.8993802682882462,False,1e-24,False
UniGCN,random,0,133,base,0.039057243081299965,5.874390045102383e-06,2.230301609234073e-32,0.04728954391833301,0.05891184409699834,0.8259171022826975,0.00012422175302107373,3.7858288828336146e-31,5.2960646228415345e-08,8.729566011504225e-11,3.1834973192552683e-37,5.727900183906614e-07,7.129249059849183e-07,0.09246083997276376,0.00015240429705865402,4.465403428229527e-31,False,1e-24,True
UniGCN,random,0,133,restart,9447.180378388197,970.3982854131629,940.2819115864073,1321.5896185302972,1233.145855187318,7.1483463897772905,0.7342659716806157,0.7625066472315849,0.012810140665442778,0.014420485914154313,0.013421435614295823,0.016007626193438675,0.014922982064991989,0.8002523616333256,0.9008509906400168,0.8993802683567741,False,1e-24,False
UniGCN,random,0,134,base,0.03691622742536483,5.552371385734815e-06,1.9818135704951423e-32,0.04469725511596081,0.05568245127300577,0.8259171022826975,0.00012422175302107387,3.5591349252540956e-31,5.005748246728012e-08,8.251034092053465e-11,2.828809414302337e-37,5.413911714627035e-07,6.738442319587834e-07,0.09246083997276376,0.00015240429705865418,4.198016811807279e-31,False,1e-24,True
UniGCN,random,0,134,restart,9447.180378322453,970.3982854131364,940.2819115864072,1321.5896184655492,1233.145855105106,7.14834639007776,0.7342659717165692,0.7625066472824199,0.012810140665353633,0.01442048591415392,0.013421435614295821,0.01600762619265442,0.014922982063997095,0.8002523616669629,0.9008509906841272,0.8993802684167341,False,1e-24,False
UniGCN,random,0,135,base,0.03489257663385235,5.248004944926909e-06,1.8345184097877458e-32,0.04224706878864121,0.05263008529601673,0.8259171022826978,0.00012422175302107392,3.485683900129628e-31,4.731346253130931e-08,7.798734037695583e-11,2.618562626464389e-37,5.117135269942005e-07,6.369058580115427e-07,0.09246083997276378,0.00015240429705865423,4.111380973382305e-31,False,1e-24,True
UniGCN,random,0,135,restart,9447.180378264926,970.3982854131134,940.2819115864071,1321.5896184088956,1233.1458550331718,7.148346390340665,0.7342659717480282,0.7625066473268999,0.012810140665275626,0.014420485914153578,0.01342143561429582,0.01600762619196821,0.01492298206312658,0.8002523616963949,0.9008509907227235,0.8993802684691985,False,1e-24,False
UniGCN,random,0,136,base,0.03297985707263062,4.960323074342112e-06,1.6907929118285235e-32,0.03993119525129068,0.049745042018450536,0.8259171022826978,0.00012422175302107395,3.398917446288225e-31,4.471986257328938e-08,7.371227886367283e-11,2.4134111188981347e-37,4.836627331793928e-07,6.019923488700745e-07,0.09246083997276378,0.00015240429705865429,4.009039522558801e-31,False,1e-24,True
UniGCN,random,0,136,restart,9447.180378214589,970.3982854130934,940.2819115864071,1321.5896183593247,1233.1458549702302,7.148346390570701,0.7342659717755542,0.7625066473658193,0.012810140665207371,0.014420485914153281,0.01342143561429582,0.016007626191367787,0.014922982062364889,0.8002523617221473,0.9008509907564943,0.8993802685151042,False,1e-24,False
UniGCN,random,0,137,base,0.031171987782521598,4.688411169588457e-06,1.5811518125715998e-32,0.037742271828937066,0.04701814924865218,0.8259171022826978,0.00012422175302107392,3.3628542123378565e-31,4.226843696443677e-08,6.967156501315168e-11,2.256911144132621e-37,4.5714961033111746e-07,5.689927067550095e-07,0.09246083997276378,0.00015240429705865423,3.966502764163507e-31,False,1e-24,True
UniGCN,random,0,137,restart,9447.180378170548,970.3982854130758,940.2819115864072,1321.5896183159507,1233.1458549151575,7.148346390771982,0.7342659717996393,0.7625066473998731,0.012810140665147652,0.01442048591415302,0.013421435614295821,0.016007626190842422,0.014922982061698424,0.8002523617446805,0.9008509907860437,0.8993802685552708,False,1e-24,False
UniGCN,random,0,138,base,0.02946322114658483,4.431404762488619e-06,1.468694790460755e-32,0.035673339449144935,0.0444407375904633,0.8259171022826975,0.00012422175302107403,3.30483891603079e-31,3.995139207971741e-08,6.585235250098955e-11,2.0963917655252355e-37,4.320898673588291e-07,5.378020184942024e-07,0.09246083997276376,0.00015240429705865437,3.898073442332821e-31,False,1e-24,True
UniGCN,random,0,138,restart,9447.180378132012,970.3982854130604,940.281911586407,1321.5896182779993,1233.1458548669698,7.148346390948098,0.7342659718207131,0.7625066474296694,0.012810140665095398,0.01442048591415279,0.013421435614295818,0.01600762619038274,0.014922982061115277,0.8002523617643966,0.9008509908118986,0.8993802685904158,False,1e-24,False
UniGCN,random,0,139,base,0.027848124617170032,4.188486772744068e-06,1.364435603266019e-32,0.03371782051758276,0.04200461288129141,0.8259171022826974,0.00012422175302107403,3.248299435878696e-31,3.776136152018639e-08,6.22424992046036e-11,1.9475738471020144e-37,4.084038337885508e-07,5.083211219805183e-07,0.09246083997276375,0.00015240429705865437,3.8313848527755176e-31,False,1e-24,True
UniGCN,random,0,139,restart,9447.180378098292,970.3982854130469,940.2819115864071,1321.5896182447923,1233.1458548248063,7.148346391102199,0.7342659718391525,0.7625066474557411,0.012810140665049674,0.014420485914152589,0.01342143561429582,0.016007626189980525,0.014922982060605034,0.800252361781648,0.9008509908345215,0.8993802686211674,False,1e-24,False
UniGCN,random,0,140,base,0.026321563444644768,3.958884910255832e-06,1.2867078392262192e-32,0.03186949800639355,0.039702030141051926,0.8259171022826977,0.0001242217530210741,3.240911949980519e-31,3.5691382693573964e-08,5.883052860073397e-11,1.8366264633813944e-37,3.8601620647279e-07,4.804562909135279e-07,0.09246083997276378,0.00015240429705865445,3.822671277525115e-31,False,1e-24,True
UniGCN,random,0,140,restart,9447.18037806879,970.3982854130352,940.2819115864072,1321.5896182157371,1233.145854787914,7.148346391237031,0.7342659718552865,0.7625066474785532,0.01281014066500967,0.014420485914152415,0.013421435614295821,0.016007626189628595,0.014922982060158579,0.8002523617967425,0.9008509908543157,0.8993802686480744,False,1e-24,False
UniGCN,random,0,141,base,0.024878684352887873,3.7418692198431836e-06,1.197192187134152e-32,0.03012249568888611,0.03752566894916076,0.8259171022826978,0.00012422175302107422,3.1903287020841406e-31,3.373487467866236e-08,5.5605593279033926e-11,1.7088532342869005e-37,3.6485581018515144e-07,4.541189368228369e-07,0.09246083997276378,0.0001524042970586546,3.7630080926432857e-31,False,1e-24,True
UniGCN,random,0,141,restart,9447.180378042975,970.3982854130248,940.2819115864071,1321.5896181903138,1233.1458547556335,7.148346391355009,0.7342659718694036,0.7625066474985137,0.012810140664974667,0.014420485914152261,0.01342143561429582,0.016007626189320657,0.014922982059767937,0.80025236180995,0.9008509908716356,0.8993802686716179,False,1e-24,False
UniGCN,random,0,142,base,0.023514900109649663,3.53674976055442e-06,1.1531313476205018e-32,0.02847125945770875,0.035468610171295836,0.8259171022826977,0.00012422175302107422,3.251132034921718e-31,3.188561730307952e-08,5.2557440455749433e-11,1.6459614873164033e-37,3.448553713385265e-07,4.2922532742571524e-07,0.09246083997276378,0.0001524042970586546,3.83472591700979e-31,False,1e-24,True
UniGCN,random,0,142,restart,9447.180378020386,970.3982854130155,940.2819115864072,1321.589618168069,1233.1458547273887,7.148346391458238,0.7342659718817557,0.7625066475159787,0.012810140664944037,0.014420485914152122,0.013421435614295821,0.01600762618905122,0.01492298205942613,0.8002523618215065,0.9008509908867901,0.899380268692218,False,1e-24,False
UniGCN,random,0,143,base,0.02222587494272446,3.3428744121917637e-06,1.0809405041034666e-32,0.02691053966711167,0.03352431396193632,0.8259171022826977,0.00012422175302107411,3.2243478728029214e-31,3.013773136799325e-08,4.9676379377848724e-11,1.5429174165684194e-37,3.259513041074572e-07,4.056963204236226e-07,0.09246083997276378,0.00015240429705865448,3.8031338685973927e-31,False,1e-24,True
UniGCN,random,0,143,restart,9447.180378000625,970.398285413008,940.2819115864073,1321.5896181486053,1233.145854702675,7.148346391548562,0.7342659718925638,0.7625066475312602,0.01281014066491724,0.014420485914152011,0.013421435614295823,0.016007626188815467,0.014922982059127055,0.8002523618316181,0.9008509909000503,0.8993802687102425,False,1e-24,False
UniGCN,random,0,144,base,0.02100751075557032,3.1596268020767944e-06,1.0287346283954032e-32,0.025435374443160283,0.03168659897274509,0.8259171022826975,0.000124221753021074,3.2465921296263414e-31,2.848565995683584e-08,4.6953250513971703e-11,1.4683995734758573e-37,3.080835082747127e-07,3.8345711189131e-07,0.09246083997276376,0.00015240429705865434,3.8293710768156817e-31,False,1e-24,True
UniGCN,random,0,144,restart,9447.18037798333,970.398285413001,940.2819115864073,1321.5896181315745,1233.1458546810507,7.148346391627593,0.7342659719020206,0.7625066475446315,0.012810140664893789,0.014420485914151907,0.013421435614295823,0.016007626188609184,0.014922982058865367,0.8002523618404656,0.9008509909116525,0.8993802687260141,False,1e-24,False
UniGCN,random,0,145,base,0.01985593409855235,2.9864243454651647e-06,9.667787740010937e-33,0.02404107390883885,0.029949622700693082,0.8259171022826977,0.00012422175302107395,3.2280165385145937e-31,2.6924150768635348e-08,4.4379396434250706e-11,1.3799647646769754e-37,2.911951781593853e-07,3.624369984585715e-07,0.09246083997276378,0.00015240429705865429,3.8074610775001018e-31,False,1e-24,True
UniGCN,random,0,145,restart,9447.180377968198,970.3982854129948,940.2819115864073,1321.589618116673,1233.14585466213,7.148346391696745,0.7342659719102953,0.7625066475563309,0.01281014066487327,0.014420485914151815,0.013421435614295823,0.01600762618842869,0.014922982058636397,0.8002523618482071,0.9008509909218045,0.8993802687398136,False,1e-24,False
UniGCN,random,0,146,base,0.018767483854388266,2.8227163933806504e-06,9.006077162072745e-33,0.022723205273892575,0.028307862913448008,0.8259171022826975,0.00012422175302107403,3.1814754754214574e-31,2.5448239419787332e-08,4.194663428642327e-11,1.285513241068358e-37,2.752326220190476e-07,3.425691525285686e-07,0.09246083997276376,0.00015240429705865437,3.752565669091155e-31,False,1e-24,True
UniGCN,random,0,146,restart,9447.18037795496,970.3982854129896,940.2819115864072,1321.5896181036344,1233.1458546455747,7.148346391757252,0.7342659719175354,0.7625066475665677,0.01281014066485532,0.014420485914151737,0.013421435614295821,0.016007626188270764,0.014922982058436052,0.8002523618549808,0.9008509909306872,0.8993802687518879,False,1e-24,False
UniGCN,random,0,147,base,0.01773869959864561,2.6679824819800705e-06,8.605413963017471e-33,0.021477578742005454,0.026756100092974487,0.8259171022826975,0.000124221753021074,3.216243747449968e-31,2.4053233661179726e-08,3.9647229780732046e-11,1.2283232083465176e-37,2.601450913518102e-07,3.2379040981809647e-07,0.09246083997276376,0.00015240429705865434,3.793575013653375e-31,False,1e-24,True
UniGCN,random,0,147,restart,9447.180377943376,970.398285412985,940.2819115864072,1321.589618092226,1233.145854631089,7.148346391810193,0.7342659719238704,0.762506647575525,0.012810140664839613,0.01442048591415167,0.013421435614295821,0.01600762618813258,0.014922982058260752,0.8002523618609075,0.9008509909384596,0.899380268762453,False,1e-24,False
UniGCN,random,0,148,base,0.01676631059828592,2.521730677883459e-06,8.222514390897486e-33,0.02030023419050971,0.025289400841530054,0.8259171022826975,0.00012422175302107398,3.25136781310949e-31,2.273469846049352e-08,3.7473872600904703e-11,1.1736687276995447e-37,2.4588461955559236e-07,3.060410685443364e-07,0.09246083997276376,0.0001524042970586543,3.8350040185195416e-31,False,1e-24,True
UniGCN,random,0,148,restart,9447.180377933239,970.3982854129811,940.2819115864071,1321.5896180822435,1233.1458546184142,7.148346391856518,0.7342659719294136,0.7625066475833622,0.012810140664825867,0.01442048591415161,0.01342143561429582,0.01600762618801167,0.01492298205810737,0.8002523618660936,0.9008509909452602,0.8993802687716971,False,1e-24,False
UniGCN,random,0,149,base,0.015847225413279906,2.3834960142088638e-06,7.683291650219624e-33,0.019187428580278592,0.023903102197300886,0.8259171022826975,0.000124221753021074,3.2143491613767248e-31,2.1488441902252565e-08,3.541965316303891e-11,1.0967009246758554e-37,2.3240586943166895e-07,2.892646996196628e-07,0.09246083997276376,0.00015240429705865434,3.7913403402414577e-31,False,1e-24,True
UniGCN,random,0,149,restart,9447.18037792437,970.3982854129773,940.2819115864071,1321.589618073509,1233.1458546073238,7.14834639189705,0.7342659719342636,0.7625066475902198,0.01281014066481384,0.014420485914151555,0.01342143561429582,0.016007626187905872,0.014922982057973157,0.8002523618706311,0.9008509909512106,0.8993802687797856,False,1e-24,False
UniGCN,random,0,150,base,0.014978522068234794,2.25283901233964e-06,7.239998502833901e-33,0.018135624055775876,0.022592796809813322,0.8259171022826975,0.00012422175302107406,3.2045605348378837e-31,2.0310501860795756e-08,3.347804064850466e-11,1.0334259604062774e-37,2.1966598904767288e-07,2.7340796725107443e-07,0.09246083997276376,0.0001524042970586544,3.779794608023502e-31,False,1e-24,True
UniGCN,random,0,150,restart,9447.18037791661,970.3982854129744,940.2819115864071,1321.5896180658667,1233.1458545976202,7.148346391932516,0.7342659719385073,0.76250664759622,0.012810140664803318,0.014420485914151512,0.01342143561429582,0.016007626187813304,0.014922982057855728,0.8002523618746015,0.9008509909564171,0.899380268786863,False,1e-24,False
UniGCN,random,0,151,base,0.014157438762787286,2.1293442847245742e-06,6.944725652492793e-33,0.017141476697429412,0.02135431892799039,0.8259171022826977,0.00012422175302107414,3.252141019299812e-31,1.9197133403801834e-08,3.1642862241025145e-11,9.912791797368866e-38,2.076244755018097e-07,2.5842045937389356e-07,0.09246083997276378,0.0001524042970586545,3.8359160189505825e-31,False,1e-24,True
UniGCN,random,0,151,restart,9447.180377909819,970.3982854129715,940.2819115864074,1321.5896180591797,1233.1458545891296,7.148346391963548,0.7342659719422205,0.7625066476014704,0.01281014066479411,0.01442048591415147,0.013421435614295823,0.01600762618773231,0.014922982057752979,0.8002523618780756,0.9008509909609728,0.8993802687930558,False,1e-24,False
UniGCN,random,0,152,base,0.013381365091228446,2.0126192142688432e-06,6.60925611617125e-33,0.016201825890570103,0.020183731156306388,0.8259171022826975,0.0001242217530210741,3.27454624964433e-31,1.8144796886320042e-08,2.990828350192641e-11,9.433947875475181e-38,1.962430461551611e-07,2.442545273806455e-07,0.09246083997276376,0.00015240429705865445,3.862343096213462e-31,False,1e-24,True
UniGCN,random,0,152,restart,9447.180377903878,970.3982854129692,940.2819115864074,1321.5896180533286,1233.1458545817002,7.1483463919906995,0.7342659719454696,0.7625066476060642,0.012810140664786055,0.014420485914151435,0.013421435614295823,0.01600762618766144,0.014922982057663072,0.8002523618811151,0.900850990964959,0.8993802687984742,False,1e-24,False
UniGCN,random,0,153,base,0.012647833743445708,1.9022927061173109e-06,6.188244971136019e-33,0.015313684277137736,0.019077311936934297,0.8259171022826978,0.0001242217530210742,3.243771969338812e-31,1.7150146697454706e-08,2.8268789821164572e-11,8.833003211288472e-38,1.854855169226954e-07,2.308651346355804e-07,0.09246083997276378,0.00015240429705865458,3.826044684153511e-31,False,1e-24,True
UniGCN,random,0,153,restart,9447.18037789868,970.3982854129672,940.2819115864074,1321.589618048209,1233.1458545751998,7.148346392014457,0.7342659719483124,0.7625066476100837,0.012810140664779006,0.014420485914151406,0.013421435614295823,0.01600762618759943,0.014922982057584407,0.8002523618837748,0.9008509909684468,0.8993802688032152,False,1e-24,False
UniGCN,random,0,154,base,0.011954512660797476,1.798014007861765e-06,5.862947453634256e-33,0.014474228258207985,0.01803154371808911,0.8259171022826975,0.00012422175302107417,3.2514950163432713e-31,1.6210020623927123e-08,2.671916888515869e-11,8.368678668527237e-38,1.753176872360463e-07,2.1820971329323257e-07,0.09246083997276376,0.00015240429705865453,3.835154055347351e-31,False,1e-24,True
UniGCN,random,0,154,restart,9447.180377894132,970.3982854129653,940.2819115864072,1321.5896180437296,1233.145854569512,7.148346392035245,0.7342659719507997,0.7625066476136004,0.012810140664772839,0.014420485914151376,0.013421435614295821,0.01600762618754517,0.014922982057515577,0.8002523618861019,0.9008509909714982,0.8993802688073632,False,1e-24,False
UniGCN,random,0,155,base,0.011299197621982138,1.6994515944213283e-06,5.553680577326958e-33,0.013680789017145952,0.017043101770951488,0.8259171022826975,0.00012422175302107417,3.25860905600689e-31,1.5321429796699073e-08,2.5254494105691493e-11,7.927236010017545e-38,1.657072313123298e-07,2.0624802896580981e-07,0.09246083997276376,0.00015240429705865453,3.8435450994451254e-31,False,1e-24,True
UniGCN,random,0,155,restart,9447.18037789015,970.3982854129638,940.2819115864072,1321.5896180398101,1233.145854564535,7.148346392053432,0.7342659719529762,0.762506647616678,0.01281014066476744,0.014420485914151354,0.013421435614295821,0.0160076261874977,0.014922982057455347,0.800252361888138,0.9008509909741685,0.8993802688109932,False,1e-24,False
UniGCN,random,0,156,base,0.010679805235330261,1.606292114050781e-06,5.279325341542489e-33,0.012930844034846904,0.016108843619618375,0.8259171022826977,0.0001242217530210741,3.2772838735072143e-31,1.4481549188696053e-08,2.3870108957194003e-11,7.535625676228004e-38,1.5662359538332002e-07,1.949420528091622e-07,0.09246083997276378,0.00015240429705865445,3.8655721367646495e-31,False,1e-24,True
UniGCN,random,0,156,restart,9447.180377886669,970.3982854129625,940.2819115864072,1321.5896180363804,1233.1458545601809,7.1483463920693495,0.7342659719548807,0.7625066476193705,0.01281014066476272,0.014420485914151336,0.013421435614295821,0.016007626187456155,0.014922982057402655,0.80025236188992,0.9008509909765052,0.899380268814169,False,1e-24,False
UniGCN,random,0,157,base,0.010094366315240999,1.5182393921259588e-06,4.91698245723682e-33,0.012222009070089296,0.015225799050476049,0.8259171022826975,0.000124221753021074,3.229375641262707e-31,1.368770863342046e-08,2.2561612172619382e-11,7.01842316152666e-38,1.480379005582521e-07,1.842558406206634e-07,0.09246083997276376,0.00015240429705865434,3.809064145747127e-31,False,1e-24,True
UniGCN,random,0,157,restart,9447.180377883622,970.398285412961,940.2819115864071,1321.5896180333796,1233.1458545563705,7.148346392083275,0.734265971956547,0.7625066476217265,0.012810140664758588,0.014420485914151312,0.01342143561429582,0.01600762618741981,0.014922982057356544,0.800252361891479,0.9008509909785495,0.8993802688169479,False,1e-24,False
UniGCN,random,0,158,base,0.009541019621704842,1.4350134895390091e-06,4.681792287360191e-33,0.011552030579503743,0.014391160669233025,0.8259171022826974,0.0001242217530210741,3.2532416216917313e-31,1.293738433590078e-08,2.132484375083997e-11,6.682716424725906e-38,1.3992285101143096e-07,1.741554185646272e-07,0.09246083997276375,0.00015240429705865445,3.837214184780602e-31,False,1e-24,True
UniGCN,random,0,158,restart,9447.180377880957,970.3982854129599,940.2819115864071,1321.589618030754,1233.145854553037,7.148346392095458,0.7342659719580048,0.7625066476237877,0.012810140664754974,0.014420485914151297,0.01342143561429582,0.01600762618738801,0.014922982057316203,0.8002523618928428,0.900850990980338,0.8993802688193792,False,1e-24,False
UniGCN,random,0,159,base,0.009018005943009357,1.3563498127099564e-06,4.431047949407084e-33,0.01091877855305949,0.013602274975591785,0.8259171022826974,0.0001242217530210741,3.257578572230198e-31,1.2228190848988347e-08,2.015587173108216e-11,6.324807913882709e-38,1.3225264720275542e-07,1.6460867516195916e-07,0.09246083997276375,0.00015240429705865445,3.842329638859983e-31,False,1e-24,True
UniGCN,random,0,159,restart,9447.180377878625,970.3982854129592,940.2819115864073,1321.5896180284565,1233.1458545501198,7.148346392106122,0.7342659719592808,0.7625066476255917,0.012810140664751812,0.014420485914151286,0.013421435614295823,0.016007626187360176,0.0149229820572809,0.8002523618940366,0.9008509909819036,0.899380268821507,False,1e-24,False
UniGCN,random,0,160,base,0.00852366250281546,1.2819982723851072e-06,4.214187703755518e-33,0.010320239742290691,0.012856633927183522,0.8259171022826975,0.00012422175302107406,3.277831295208008e-31,1.1557873489492442e-08,1.9050979692352242e-11,6.015265021644971e-38,1.2500290385526512e-07,1.5558525920065092e-07,0.09246083997276376,0.0001524042970586544,3.8662178233012215e-31,False,1e-24,True
UniGCN,random,0,160,restart,9447.18037787658,970.3982854129582,940.2819115864071,1321.5896180264463,1233.1458545475673,7.148346392115449,0.7342659719603969,0.7625066476271698,0.01281014066474904,0.014420485914151272,0.01342143561429582,0.016007626187335828,0.014922982057250012,0.8002523618950808,0.9008509909832728,0.8993802688233683,False,1e-24,False
UniGCN,random,0,161,base,0.008056417673823096,1.2117224885479096e-06,3.99401839009266e-33,0.00975451125973357,0.012151866965945904,0.8259171022826975,0.00012422175302107406,3.2867528926093417e-31,1.0924301170042968e-08,1.8006654938110756e-11,5.700998817950356e-38,1.1815057242894342e-07,1.4705648324255447e-07,0.09246083997276376,0.0001524042970586544,3.8767408904693763e-31,False,1e-24,True
UniGCN,random,0,161,restart,9447.180377874796,970.3982854129576,940.2819115864074,1321.5896180246878,1233.145854545334,7.148346392123611,0.7342659719613736,0.762506647628551,0.01281014066474662,0.014420485914151264,0.013421435614295823,0.01600762618731453,0.014922982057222985,0.8002523618959945,0.9008509909844711,0.8993802688249976,False,1e-24,False
UniGCN,random,0,162,base,0.007614785981219931,1.1452990389145203e-06,3.760612555495172e-33,0.009219794529225667,0.011485733481593858,0.8259171022826975,0.00012422175302107403,3.2741596882094097e-31,1.0325459623891677e-08,1.7019577328632083e-11,5.367839013167353e-38,1.1167386784430311e-07,1.389952324196612e-07,0.09246083997276376,0.00015240429705865437,3.8618871451363964e-31,False,1e-24,True
UniGCN,random,0,162,restart,9447.180377873234,970.398285412957,940.2819115864073,1321.5896180231487,1233.14585454338,7.148346392130753,0.7342659719622281,0.7625066476297592,0.012810140664744502,0.014420485914151253,0.013421435614295823,0.016007626187295888,0.014922982057199339,0.800252361896794,0.9008509909855195,0.8993802688264225,False,1e-24,False
UniGCN,random,0,163,base,0.007197363380027859,1.0825167486248736e-06,3.57044490768597e-33,0.008714389567833797,0.010856115688223165,0.8259171022826975,0.000124221753021074,3.2888788312740886e-31,9.759445001111947e-09,1.6086608725544817e-11,5.096396713837453e-38,1.0555219922279306e-07,1.3137587822993038e-07,0.09246083997276376,0.00015240429705865434,3.8792484453789e-31,False,1e-24,True
UniGCN,random,0,163,restart,9447.180377871866,970.3982854129564,940.2819115864074,1321.589618021802,1233.1458545416704,7.148346392137002,0.7342659719629758,0.7625066476308164,0.012810140664742647,0.014420485914151245,0.013421435614295823,0.016007626187279574,0.014922982057178649,0.8002523618974936,0.9008509909864368,0.8993802688276695,False,1e-24,False
UniGCN,random,0,164,base,0.00680282279133301,1.0231760188710229e-06,3.3569072792076665e-33,0.008236689581231747,0.010261011891399949,0.8259171022826975,0.00012422175302107392,3.2715168004250995e-31,9.224457815838164e-09,1.5204783014994734e-11,4.791596472916556e-38,9.976610442383413e-08,1.2417419705860416e-07,0.09246083997276376,0.00015240429705865423,3.858769846246846e-31,False,1e-24,True
UniGCN,random,0,164,restart,9447.180377870669,970.3982854129559,940.2819115864071,1321.5896180206237,1233.1458545401738,7.14834639214247,0.7342659719636302,0.7625066476317416,0.012810140664741024,0.014420485914151238,0.01342143561429582,0.016007626187265304,0.014922982057160538,0.8002523618981057,0.9008509909872398,0.8993802688287608,False,1e-24,False
UniGCN,random,0,165,base,0.006429909883207915,9.670881923283173e-07,3.174579407800582e-33,0.007785175855345183,0.009698530124330673,0.8259171022826975,0.00012422175302107395,3.2732582846100823e-31,8.718797225301538e-09,1.4371296677711845e-11,4.531344546698691e-38,9.429718817036315e-08,1.1736729316597033e-07,0.09246083997276376,0.00015240429705865429,3.8608239352430737e-31,False,1e-24,True
UniGCN,random,0,165,restart,9447.180377869621,970.3982854129556,940.2819115864074,1321.589618019593,1233.145854538865,7.148346392147252,0.7342659719642025,0.7625066476325509,0.012810140664739603,0.014420485914151232,0.013421435614295823,0.016007626187252818,0.0149229820571447,0.800252361898641,0.9008509909879419,0.8993802688297154,False,1e-24,False
UniGCN,random,0,166,base,0.006077439082912453,9.140749533719745e-07,3.0248904141966376e-33,0.007358412928023188,0.009166882132880595,0.8259171022826978,0.000124221753021074,3.2998028886470453e-31,8.240855622474176e-09,1.3583499876001554e-11,4.3176808395627635e-38,8.912806356617231e-08,1.1093352589673408e-07,0.09246083997276378,0.00015240429705865434,3.8921334237424405e-31,False,1e-24,True
UniGCN,random,0,166,restart,9447.180377868706,970.3982854129551,940.2819115864071,1321.5896180186905,1233.1458545377197,7.14834639215144,0.7342659719647036,0.762506647633259,0.012810140664738363,0.014420485914151225,0.01342143561429582,0.01600762618724189,0.01492298205713084,0.80025236189911,0.9008509909885566,0.8993802688305507,False,1e-24,False
UniGCN,random,0,167,base,0.005744289807695494,8.639677611722106e-07,2.8367882406884588e-33,0.00695504402538612,0.008664377690317769,0.8259171022826979,0.00012422175302107395,3.2740819272669755e-31,7.789113525130241e-09,1.28388880293237e-11,4.049186765653619e-38,8.42422968191148e-08,1.0485244087958114e-07,0.09246083997276379,0.00015240429705865429,3.8617954257297153e-31,False,1e-24,True
UniGCN,random,0,167,restart,9447.180377867906,970.3982854129549,940.2819115864073,1321.5896180179016,1233.1458545367175,7.148346392155102,0.7342659719651419,0.7625066476338789,0.012810140664737277,0.014420485914151222,0.013421435614295823,0.01600762618723233,0.014922982057118712,0.8002523618995199,0.9008509909890944,0.8993802688312817,False,1e-24,False
UniGCN,random,0,168,base,0.005429402902214111,8.166073138656124e-07,2.681567162900428e-33,0.006573786748340898,0.008189419223707842,0.8259171022826977,0.00012422175302107403,3.274428979209494e-31,7.362134745075371e-09,1.2135093851676257e-11,3.82762664885856e-38,7.962435499443915e-08,9.910470499820044e-08,0.09246083997276378,0.00015240429705865437,3.8622047751699195e-31,False,1e-24,True
UniGCN,random,0,168,restart,9447.180377867204,970.3982854129546,940.2819115864072,1321.589618017211,1233.1458545358407,7.148346392158306,0.7342659719655252,0.7625066476344209,0.012810140664736324,0.014420485914151217,0.013421435614295821,0.01600762618722397,0.0149229820571081,0.8002523618998786,0.9008509909895647,0.899380268831921,False,1e-24,False
UniGCN,random,0,169,base,0.005131777271244124,7.718430420992184e-07,2.556347156005869e-33,0.006213428995550212,0.007740496734875814,0.8259171022826978,0.000124221753021074,3.3025621527464956e-31,6.958561822186268e-09,1.1469879825468638e-11,3.6488895871914365e-38,7.525955663214887e-08,9.367204492702476e-08,0.09246083997276378,0.00015240429705865434,3.8953879890570392e-31,False,1e-24,True
UniGCN,random,0,169,restart,9447.18037786659,970.3982854129545,940.2819115864071,1321.5896180166064,1233.1458545350733,7.148346392161112,0.734265971965861,0.7625066476348954,0.012810140664735493,0.014420485914151215,0.01342143561429582,0.016007626187216645,0.014922982057098815,0.8002523619001927,0.9008509909899766,0.8993802688324807,False,1e-24,False
UniGCN,random,0,170,base,0.004850466696976625,7.295326303372007e-07,2.3849713944179804e-33,0.005872825109893889,0.007316182999787364,0.8259171022826975,0.00012422175302107406,3.2598574891952493e-31,6.577111708744275e-09,1.0841131087957761e-11,3.4042705296874906e-38,7.113402507138915e-08,8.853718903628113e-08,0.09246083997276376,0.0001524042970586544,3.8450176324126064e-31,False,1e-24,True
UniGCN,random,0,170,restart,9447.180377866054,970.3982854129541,940.2819115864074,1321.589618016078,1233.1458545344021,7.148346392163564,0.7342659719661544,0.7625066476353107,0.012810140664734767,0.014420485914151212,0.013421435614295823,0.016007626187210244,0.014922982057090693,0.8002523619004672,0.9008509909903366,0.8993802688329706,False,1e-24,False
UniGCN,random,0,171,base,0.004584576830781971,6.895415644082457e-07,2.2722019708890906e-33,0.005550892236171115,0.006915129031087483,0.8259171022826977,0.00012422175302107406,3.285841754614029e-31,6.216571690342467e-09,1.0246848707630824e-11,3.2433052342261875e-38,6.723464433346795e-08,8.368381248165364e-08,0.09246083997276378,0.0001524042970586544,3.8756661988090354e-31,False,1e-24,True
UniGCN,random,0,171,restart,9447.180377865583,970.398285412954,940.2819115864072,1321.5896180156153,1233.1458545338146,7.148346392165711,0.7342659719664113,0.7625066476356738,0.012810140664734128,0.01442048591415121,0.013421435614295821,0.01600762618720464,0.014922982057083582,0.8002523619007075,0.9008509909906518,0.8993802688333988,False,1e-24,False
UniGCN,random,0,172,base,0.004333262349877371,6.517427038552112e-07,2.127330083125992e-33,0.005246606878463896,0.00653605978937087,0.8259171022826977,0.00012422175302107422,3.2547592153081556e-31,5.875795530397914e-09,9.685143329159303e-12,3.036517387945765e-38,6.354901742325455e-08,7.909648530398752e-08,0.09246083997276378,0.0001524042970586546,3.83900419377128e-31,False,1e-24,True
UniGCN,random,0,172,restart,9447.180377865174,970.398285412954,940.2819115864072,1321.5896180152106,1233.1458545333007,7.14834639216759,0.7342659719666361,0.7625066476359916,0.012810140664733573,0.01442048591415121,0.013421435614295821,0.01600762618719974,0.014922982057077363,0.8002523619009179,0.9008509909909276,0.8993802688337738,False,1e-24,False
UniGCN,random,0,173,base,0.004095724269858514,6.160158777274445e-07,2.007818606008114e-33,0.0049590016462168094,0.006177770129549201,0.8259171022826977,0.00012422175302107414,3.2500701125223423e-31,5.55369982601168e-09,9.154229166719757e-12,2.865928591592046e-38,6.006542691638577e-08,7.476062337403061e-08,0.09246083997276378,0.0001524042970586545,3.8334733744175484e-31,False,1e-24,True
UniGCN,random,0,173,restart,9447.180377864814,970.3982854129536,940.2819115864072,1321.5896180148561,1233.1458545328508,7.148346392169234,0.7342659719668327,0.7625066476362697,0.012810140664733084,0.014420485914151203,0.013421435614295821,0.016007626187195444,0.014922982057071918,0.8002523619011019,0.9008509909911688,0.8993802688341018,False,1e-24,False
UniGCN,random,0,174,base,0.0038712074045511666,5.822475025307183e-07,1.912993448619632e-33,0.004687162178688142,0.005839120969427963,0.8259171022826977,0.00012422175302107414,3.276166838528507e-31,5.249260563591025e-09,8.652418326585246e-12,2.730576658430028e-38,5.677279770697846e-08,7.066244202625632e-08,0.09246083997276378,0.0001524042970586545,3.864254588619251e-31,False,1e-24,True
UniGCN,random,0,174,restart,9447.180377864499,970.3982854129536,940.2819115864072,1321.5896180145464,1233.1458545324572,7.148346392170672,0.7342659719670048,0.7625066476365131,0.012810140664732657,0.014420485914151203,0.013421435614295821,0.016007626187191693,0.014922982057067154,0.8002523619012629,0.90085099099138,0.8993802688343888,False,1e-24,False
UniGCN,random,0,175,base,0.003658997965107029,5.503302211201349e-07,1.7912677082841836e-33,0.004430224237994548,0.005519035668311817,0.8259171022826975,0.0001242217530210741,3.245617198252504e-31,4.961509863283345e-09,8.178115440937161e-12,2.5568272577042033e-38,5.366066179741457e-08,6.678891223435816e-08,0.09246083997276376,0.00015240429705865445,3.8282211405576638e-31,False,1e-24,True
UniGCN,random,0,175,restart,9447.180377864222,970.3982854129534,940.2819115864073,1321.5896180142752,1233.1458545321132,7.14834639217193,0.7342659719671554,0.762506647636726,0.012810140664732282,0.014420485914151201,0.013421435614295823,0.016007626187188408,0.014922982057062993,0.8002523619014037,0.9008509909915646,0.89938026883464,False,1e-24,False
UniGCN,random,0,176,base,0.0034584212907108843,5.201625613879862e-07,1.694822625332688e-33,0.004187370961507376,0.005216496604125345,0.8259171022826975,0.00012422175302107395,3.2489671784553196e-31,4.6895329018717444e-09,7.729812595837607e-12,2.4191630683585844e-38,5.071912501825793e-08,6.31277191890891e-08,0.09246083997276376,0.00015240429705865429,3.832172458365498e-31,False,1e-24,True
UniGCN,random,0,176,restart,9447.180377863982,970.3982854129533,940.2819115864072,1321.589618014038,1233.1458545318117,7.14834639217303,0.7342659719672872,0.7625066476369123,0.012810140664731956,0.0144204859141512,0.013421435614295821,0.016007626187185535,0.014922982057059343,0.8002523619015269,0.9008509909917263,0.8993802688348597,False,1e-24,False
UniGCN,random,0,177,base,0.003268839703684416,4.916486136614451e-07,1.617560155010595e-33,0.003957830264865428,0.004930541938167056,0.8259171022826975,0.000124221753021074,3.280694445552019e-31,4.432465004349363e-09,7.306084537236957e-12,2.3088798375475318e-38,4.793883557249791e-08,5.966722314675508e-08,0.09246083997276376,0.00015240429705865434,3.869594922942374e-31,False,1e-24,True
UniGCN,random,0,177,restart,9447.180377863771,970.3982854129532,940.2819115864072,1321.5896180138304,1233.1458545315481,7.148346392173994,0.7342659719674024,0.7625066476370752,0.01281014066473167,0.014420485914151198,0.013421435614295821,0.01600762618718302,0.014922982057056155,0.8002523619016348,0.9008509909918677,0.8993802688350518,False,1e-24,False
UniGCN,random,0,178,base,0.003089650482167612,4.6469772578446747e-07,1.5165725641373108e-33,0.0037408723873477517,0.004660262557211089,0.8259171022826975,0.0001242217530210739,3.254264208334425e-31,4.189488894926006e-09,6.9055841397754795e-12,2.1647317440824715e-38,4.53109543041152e-08,5.639642242389139e-08,0.09246083997276376,0.0001524042970586542,3.8384203306581007e-31,False,1e-24,True
UniGCN,random,0,178,restart,9447.180377863588,970.3982854129531,940.2819115864071,1321.5896180136483,1233.1458545313174,7.148346392174839,0.7342659719675034,0.7625066476372178,0.012810140664731422,0.014420485914151196,0.01342143561429582,0.016007626187180816,0.014922982057053362,0.8002523619017294,0.9008509909919916,0.8993802688352199,False,1e-24,False
UniGCN,random,0,179,base,0.0029202839439324653,4.3922421491451217e-07,1.4370112833082147e-33,0.00353580757180265,0.004404799183234895,0.8259171022826974,0.000124221753021074,3.2623763843255846e-31,3.9598320987273626e-09,6.527038123973477e-12,2.0511672274326694e-38,4.2827126596446823e-08,5.330491842047406e-08,0.09246083997276375,0.00015240429705865434,3.8479886813687154e-31,False,1e-24,True
UniGCN,random,0,179,restart,9447.180377863426,970.3982854129532,940.2819115864072,1321.5896180134898,1233.1458545311157,7.148346392175574,0.7342659719675916,0.7625066476373425,0.012810140664731202,0.014420485914151198,0.013421435614295821,0.016007626187178894,0.01492298205705092,0.8002523619018117,0.9008509909920999,0.8993802688353671,False,1e-24,False
UniGCN,random,0,180,base,0.0027602016352369766,4.151470951177995e-07,1.349006739500214e-33,0.003341983871756908,0.004163339641584053,0.8259171022826978,0.0001242217530210741,3.240203431942316e-31,3.742764485926271e-09,6.169243008193699e-12,1.9255509304551203e-38,4.047945581100906e-08,5.038288256046676e-08,0.09246083997276378,0.00015240429705865445,3.8218355770815212e-31,False,1e-24,True
UniGCN,random,0,180,restart,9447.180377863286,970.398285412953,940.2819115864071,1321.5896180133504,1233.145854530939,7.148346392176222,0.7342659719676689,0.7625066476374518,0.012810140664731013,0.014420485914151194,0.01342143561429582,0.016007626187177208,0.014922982057048784,0.8002523619018843,0.9008509909921946,0.899380268835496,False,1e-24,False
UniGCN,random,0,181,base,0.0026088946189614325,3.9238981989709213e-07,1.2826409724862524e-33,0.0031587850787335456,0.003935116278889142,0.8259171022826975,0.00012422175302107395,3.2594741338833674e-31,3.5375959504982583e-09,5.831061282506684e-12,1.8308214819784985e-38,3.826047818233461e-08,4.7621025044600584e-08,0.09246083997276376,0.00015240429705865429,3.844565462973129e-31,False,1e-24,True
UniGCN,random,0,181,restart,9447.18037786316,970.3982854129529,940.2819115864071,1321.5896180132288,1233.1458545307844,7.148346392176785,0.7342659719677364,0.7625066476375474,0.012810140664730843,0.014420485914151192,0.01342143561429582,0.016007626187175734,0.014922982057046912,0.8002523619019473,0.9008509909922774,0.8993802688356087,False,1e-24,False
UniGCN,random,0,182,base,0.002465881856584569,3.708800388334236e-07,1.2088411359045198e-33,0.002985628763188559,0.0037194035225256313,0.8259171022826975,0.00012422175302107392,3.2500940771375777e-31,3.343674216221631e-09,5.511417792294714e-12,1.7254807599224774e-38,3.61631390890087e-08,4.5010565316044254e-08,0.09246083997276376,0.00015240429705865423,3.833501640796812e-31,False,1e-24,True
UniGCN,random,0,182,restart,9447.180377863053,970.3982854129531,940.2819115864071,1321.5896180131222,1233.1458545306493,7.148346392177281,0.7342659719677957,0.7625066476376309,0.012810140664730697,0.014420485914151196,0.01342143561429582,0.016007626187174443,0.014922982057045278,0.8002523619020028,0.9008509909923503,0.8993802688357072,False,1e-24,False
UniGCN,random,0,183,base,0.002330708678855552,3.5054936756808833e-07,1.1537330775771523e-33,0.0028219644228383942,0.003515515573857785,0.8259171022826977,0.00012422175302107387,3.2818317920608505e-31,3.1603827629468674e-09,5.209296320097095e-12,1.6468203871602548e-38,3.418077062546504e-08,4.254320414506898e-08,0.09246083997276378,0.00015240429705865418,3.8709364286355265e-31,False,1e-24,True
UniGCN,random,0,183,restart,9447.18037786296,970.3982854129529,940.2819115864072,1321.5896180130292,1233.145854530531,7.1483463921777135,0.7342659719678474,0.7625066476377041,0.01281014066473057,0.014420485914151192,0.013421435614295821,0.016007626187173316,0.014922982057043847,0.8002523619020512,0.9008509909924136,0.8993802688357937,False,1e-24,False
UniGCN,random,0,184,base,0.0022029453402997185,3.313331703936192e-07,1.083461625138093e-33,0.002667271732491243,0.0033228042279328848,0.8259171022826977,0.00012422175302107392,3.260684502656102e-31,2.9871388665425044e-09,4.923736354829781e-12,1.5465160249458792e-38,3.230707040323695e-08,4.021109724395881e-08,0.09246083997276378,0.00015240429705865423,3.8459930987787775e-31,False,1e-24,True
UniGCN,random,0,184,restart,9447.180377862873,970.3982854129529,940.2819115864072,1321.5896180129475,1233.1458545304274,7.148346392178088,0.7342659719678927,0.7625066476377682,0.012810140664730452,0.014420485914151192,0.013421435614295821,0.016007626187172327,0.014922982057042592,0.8002523619020931,0.9008509909924692,0.8993802688358692,False,1e-24,False
UniGCN,random,0,185,base,0.0020821856529625116,3.131703547625537e-07,1.0282531902661223e-33,0.0025210588898179932,0.0031406568126940977,0.8259171022826977,0.00012422175302107398,3.2740068450333895e-31,2.823391746286033e-09,4.653830038107832e-12,1.467712376287994e-38,3.0536081514268324e-08,3.8006830328282266e-08,0.09246083997276378,0.0001524042970586543,3.861706865873042e-31,False,1e-24,True
UniGCN,random,0,185,restart,9447.180377862804,970.3982854129528,940.2819115864073,1321.5896180128761,1233.145854530337,7.148346392178422,0.7342659719679322,0.7625066476378242,0.012810140664730359,0.01442048591415119,0.013421435614295823,0.016007626187171463,0.014922982057041496,0.8002523619021306,0.9008509909925178,0.8993802688359352,False,1e-24,False
UniGCN,random,0,186,base,0.001968045695048004,2.9600317706069456e-07,9.6063391876094e-34,0.0023828610518036894,0.0029684942411602956,0.8259171022826975,0.000124221753021074,3.2360983068151653e-31,2.668620813809985e-09,4.3987192779625365e-12,1.371193695282931e-38,2.8862173592583442e-08,3.592339554523986e-08,0.09246083997276376,0.00015240429705865434,3.816993562192996e-31,False,1e-24,True
UniGCN,random,0,186,restart,9447.18037786274,970.3982854129529,940.2819115864072,1321.589618012814,1233.1458545302578,7.148346392178711,0.7342659719679668,0.762506647637873,0.012810140664730272,0.014420485914151192,0.013421435614295821,0.01600762618717071,0.014922982057040539,0.8002523619021629,0.9008509909925602,0.8993802688359929,False,1e-24,False
UniGCN,random,0,187,base,0.0018601625903464606,2.797770590273684e-07,9.01021757118112e-34,0.0022522388569086176,0.002805769170380263,0.8259171022826977,0.00012422175302107403,3.2113181890725437e-31,2.5223340180361918e-09,4.1575930207769505e-12,1.2861042365302525e-38,2.728002491410631e-08,3.395416919414767e-08,0.09246083997276378,0.00015240429705865437,3.787765293788796e-31,False,1e-24,True
UniGCN,random,0,187,restart,9447.180377862684,970.3982854129528,940.2819115864073,1321.5896180127593,1233.1458545301884,7.148346392178964,0.7342659719679971,0.7625066476379161,0.012810140664730196,0.01442048591415119,0.013421435614295823,0.016007626187170047,0.0149229820570397,0.8002523619021912,0.9008509909925974,0.8993802688360436,False,1e-24,False
UniGCN,random,0,188,base,0.0017581933545704857,2.644404142390452e-07,8.680531750635522e-34,0.0021287770282406447,0.002651964261308213,0.8259171022826977,0.000124221753021074,3.273246128269247e-31,2.3840662808364074e-09,3.929684672766794e-12,1.239045402803104e-38,2.5784605477720983e-08,3.209289066822563e-08,0.09246083997276378,0.00015240429705865434,3.8608095967804223e-31,False,1e-24,True
UniGCN,random,0,188,restart,9447.180377862636,970.3982854129529,940.2819115864072,1321.5896180127115,1233.1458545301275,7.148346392179186,0.7342659719680237,0.7625066476379536,0.012810140664730131,0.014420485914151192,0.013421435614295821,0.016007626187169468,0.014922982057038962,0.800252361902216,0.90085099099263,0.8993802688360879,False,1e-24,False
UniGCN,random,0,189,base,0.0016618138049320002,2.4994448410467177e-07,8.129375573372997e-34,0.0020120830532979928,0.0025065905340683646,0.8259171022826974,0.00012422175302107403,3.2432004601000688e-31,2.253378018445924e-09,3.714269662809006e-12,1.1603742398742121e-38,2.4371161013783822e-08,3.0333642550741786e-08,0.09246083997276375,0.00015240429705865437,3.8253705862497416e-31,False,1e-24,True
UniGCN,random,0,189,restart,9447.18037786259,970.3982854129525,940.2819115864072,1321.5896180126697,1233.1458545300745,7.148346392179379,0.7342659719680468,0.7625066476379865,0.01281014066473007,0.014420485914151187,0.013421435614295821,0.01600762618716896,0.014922982057038322,0.8002523619022377,0.9008509909926583,0.8993802688361267,False,1e-24,False
UniGCN,random,0,190,base,0.0015707175294933469,2.3624318285130832e-07,7.644710799026881e-34,0.001901785936085044,0.002369185813379601,0.8259171022826975,0.000124221753021074,3.226724875632207e-31,2.129853743929408e-09,3.5106631388696218e-12,1.0911939548634243e-38,2.3035197869247135e-08,2.867083180223371e-08,0.09246083997276376,0.00015240429705865434,3.8059375548999965e-31,False,1e-24,True
UniGCN,random,0,190,restart,9447.180377862554,970.3982854129525,940.281911586407,1321.589618012633,1233.1458545300281,7.1483463921795485,0.7342659719680671,0.762506647638015,0.01281014066473002,0.014420485914151187,0.013421435614295818,0.016007626187168517,0.01492298205703776,0.8002523619022567,0.9008509909926832,0.8993802688361603,False,1e-24,False
UniGCN,random,0,191,base,0.0014846149130158632,2.2329295100724948e-07,7.322173544467067e-34,0.0017975350176338942,0.00223931325919787,0.8259171022826974,0.000124221753021074,3.2698299420108355e-31,2.0131007462558925e-09,3.3182177907074784e-12,1.0451554961634935e-38,2.177246872134077e-08,2.709917197899709e-08,0.09246083997276375,0.00015240429705865434,3.856780188610668e-31,False,1e-24,True
UniGCN,random,0,191,restart,9447.180377862524,970.3982854129528,940.2819115864072,1321.589618012601,1233.1458545299874,7.148346392179699,0.734265971968085,0.7625066476380402,0.012810140664729979,0.01442048591415119,0.013421435614295821,0.01600762618716813,0.014922982057037267,0.8002523619022734,0.9008509909927052,0.89938026883619,False,1e-24,False
UniGCN,random,0,192,base,0.0014032322162088886,2.1105261691681347e-07,6.917992850378365e-34,0.0016989988611818164,0.0021165599779049246,0.8259171022826974,0.00012422175302107392,3.2685078252429845e-31,1.902747841783427e-09,3.13632179193155e-12,9.874633817517572e-39,2.0578959074392153e-08,2.5613666426310236e-08,0.09246083997276375,0.00015240429705865423,3.855220745505764e-31,False,1e-24,True
UniGCN,random,0,192,restart,9447.180377862494,970.3982854129528,940.2819115864072,1321.5896180125735,1233.145854529952,7.1483463921798265,0.7342659719681004,0.7625066476380622,0.012810140664729939,0.01442048591415119,0.013421435614295821,0.016007626187167796,0.014922982057036838,0.8002523619022878,0.900850990992724,0.899380268836216,False,1e-24,False
UniGCN,random,0,193,base,0.0013263107054519191,1.9948326584652943e-07,6.516521562291582e-34,0.0016058641984603743,0.002000535709628041,0.8259171022826977,0.00012422175302107392,3.2573882740154614e-31,1.79844419418405e-09,2.9643968548693376e-12,9.301580036768541e-39,1.9450874496855305e-08,2.420959239296181e-08,0.09246083997276378,0.00015240429705865423,3.842105181197799e-31,False,1e-24,True
UniGCN,random,0,193,restart,9447.18037786247,970.3982854129529,940.2819115864073,1321.5896180125485,1233.145854529921,7.148346392179943,0.7342659719681143,0.7625066476380814,0.012810140664729908,0.014420485914151192,0.013421435614295823,0.016007626187167494,0.014922982057036464,0.8002523619023008,0.9008509909927411,0.8993802688362387,False,1e-24,False
UniGCN,random,0,194,base,0.0012536058302231163,1.8854811626657935e-07,6.219813529599296e-34,0.0015178349337462054,0.0018908715875174443,0.8259171022826977,0.000124221753021074,3.289389702959887e-31,1.6998581990573927e-09,2.801896392062253e-12,8.87806367343606e-39,1.8384628557972445e-08,2.2882486016578674e-08,0.09246083997276378,0.00015240429705865434,3.8798510209964865e-31,False,1e-24,True
UniGCN,random,0,194,restart,9447.180377862449,970.3982854129528,940.2819115864072,1321.5896180125274,1233.1458545298938,7.148346392180042,0.734265971968126,0.7625066476380982,0.012810140664729878,0.01442048591415119,0.013421435614295821,0.016007626187167237,0.014922982057036134,0.800252361902312,0.9008509909927556,0.8993802688362584,False,1e-24,False
UniGCN,random,0,195,base,0.001184886445619027,1.782124029141665e-07,5.849375414812732e-34,0.0014346312025071257,0.0017872189650368763,0.8259171022826975,0.00012422175302107398,3.272892426302135e-31,1.6066764296868328e-09,2.6483037785430037e-12,8.34930615450211e-39,1.7376831425716152e-08,2.1628128132018503e-08,0.09246083997276376,0.0001524042970586543,3.860392403604134e-31,False,1e-24,True
UniGCN,random,0,195,restart,9447.180377862429,970.3982854129526,940.2819115864073,1321.5896180125085,1233.14585452987,7.1483463921801285,0.7342659719681365,0.762506647638113,0.01281014066472985,0.014420485914151189,0.013421435614295823,0.016007626187167008,0.014922982057035844,0.8002523619023215,0.9008509909927683,0.899380268836276,False,1e-24,False
UniGCN,random,0,196,base,0.0011199340774937334,1.6844326626704522e-07,5.476652938472067e-34,0.0013559884816507876,0.0016892483075390307,0.8259171022826975,0.00012422175302107395,3.2420650735774243e-31,1.5186026405865352e-09,2.5031307093703998e-12,7.817287973936756e-39,1.6424279089762445e-08,2.0442530857709264e-08,0.09246083997276376,0.00015240429705865429,3.824031392369751e-31,False,1e-24,True
UniGCN,random,0,196,restart,9447.18037786241,970.3982854129526,940.281911586407,1321.589618012492,1233.145854529849,7.148346392180203,0.7342659719681455,0.7625066476381257,0.012810140664729826,0.014420485914151189,0.013421435614295818,0.01600762618716681,0.014922982057035591,0.80025236190233,0.9008509909927793,0.8993802688362909,False,1e-24,False
UniGCN,random,0,197,base,0.001058542227881148,1.5920964807582e-07,5.223027756099134e-34,0.0012816567485471764,0.0015966481446019127,0.8259171022826975,0.00012422175302107392,3.2712453108454748e-31,1.4353568256714288e-09,2.3659156471997674e-12,7.455267391233083e-39,1.552394317523227e-08,1.9321924917290285e-08,0.09246083997276376,0.00015240429705865423,3.8584496229781497e-31,False,1e-24,True
UniGCN,random,0,197,restart,9447.180377862398,970.3982854129525,940.2819115864072,1321.5896180124778,1233.1458545298308,7.1483463921802715,0.7342659719681535,0.7625066476381371,0.012810140664729809,0.014420485914151187,0.013421435614295821,0.016007626187166637,0.01492298205703537,0.8002523619023376,0.9008509909927892,0.8993802688363044,False,1e-24,False
UniGCN,random,0,198,base,0.001000515718492238,1.5048219262289132e-07,4.890242486943437e-34,0.001211399686151284,0.0015091240797953727,0.8259171022826978,0.00012422175302107398,3.2404509028883306e-31,1.3566743280558392e-09,2.2362223549534985e-12,6.98025494992985e-39,1.4672961314816905e-08,1.8262747656247804e-08,0.09246083997276378,0.0001524042970586543,3.822127470256021e-31,False,1e-24,True
UniGCN,random,0,198,restart,9447.180377862385,970.3982854129526,940.2819115864071,1321.5896180124653,1233.1458545298149,7.148346392180328,0.7342659719681603,0.762506647638147,0.012810140664729791,0.014420485914151189,0.01342143561429582,0.016007626187166484,0.014922982057035178,0.800252361902344,0.9008509909927976,0.899380268836316,False,1e-24,False
UniGCN,random,0,199,base,0.0009456700702000089,1.4223315339412636e-07,4.5651750105323045e-34,0.001144993931698876,0.0014263978547296415,0.8259171022826978,0.0001242217530210741,3.2004920614505444e-31,1.2823049986506223e-09,2.1136385089267464e-12,6.516258764190961e-39,1.3868628048678244e-08,1.7261631715447055e-08,0.09246083997276378,0.00015240429705865445,3.7749958240388737e-31,False,1e-24,True
UniGCN,random,0,199,restart,9447.180377862374,970.3982854129525,940.2819115864073,1321.589618012454,1233.1458545298008,7.1483463921803825,0.7342659719681666,0.7625066476381558,0.012810140664729776,0.014420485914151187,0.013421435614295823,0.01600762618716635,0.014922982057035008,0.80025236190235,0.9008509909928053,0.8993802688363264,False,1e-24,False
UniGCN,random,0,200,base,0.0008938309165394963,1.3443630486654416e-07,4.425151985363328e-34,0.001082228366586787,0.0013482064644102709,0.8259171022826978,0.00012422175302107398,3.2822509772633135e-31,1.2120124008837986e-09,1.997774387919027e-12,6.316392107854498e-39,1.3108386223192668e-08,1.6315394325551674e-08,0.09246083997276378,0.0001524042970586543,3.8714308596037693e-31,False,1e-24,True
UniGCN,random,0,200,restart,9447.180377862363,970.3982854129529,940.2819115864073,1321.5896180124446,1233.145854529789,7.148346392180426,0.7342659719681721,0.7625066476381631,0.012810140664729762,0.014420485914151192,0.013421435614295823,0.016007626187166234,0.014922982057034866,0.8002523619023548,0.9008509909928121,0.899380268836335,False,1e-24,False
UniGCN,random,0,201,base,0.0008448334493581486,1.2706685913156984e-07,4.169614809267629e-34,0.001022903445180115,0.0012743013210869988,0.8259171022826975,0.00012422175302107392,3.272079170184711e-31,1.1455730590163189e-09,1.888261634224213e-12,5.9516423754853e-39,1.238981886119325e-08,1.542102718829497e-08,0.09246083997276376,0.00015240429705865423,3.8594331640908952e-31,False,1e-24,True
UniGCN,random,0,201,restart,9447.180377862354,970.3982854129525,940.2819115864071,1321.5896180124362,1233.1458545297778,7.148346392180463,0.7342659719681766,0.7625066476381698,0.01281014066472975,0.014420485914151187,0.01342143561429582,0.016007626187166134,0.01492298205703473,0.800252361902359,0.9008509909928175,0.8993802688363429,False,1e-24,False
UniGCN,random,0,202,base,0.0007985218948542028,1.201013870887812e-07,3.925994696935185e-34,0.0009668305604124448,0.0012044474639382242,0.8259171022826975,0.00012422175302107392,3.2595815213875933e-31,1.0827757476631845e-09,1.7847520825397695e-12,5.603902871861238e-39,1.1710641477863912e-08,1.4575686912433336e-08,0.09246083997276376,0.00015240429705865423,3.844692127052347e-31,False,1e-24,True
UniGCN,random,0,202,restart,9447.180377862347,970.3982854129528,940.2819115864073,1321.589618012429,1233.145854529769,7.148346392180497,0.7342659719681807,0.7625066476381754,0.01281014066472974,0.01442048591415119,0.013421435614295823,0.016007626187166044,0.014922982057034623,0.8002523619023628,0.9008509909928225,0.8993802688363496,False,1e-24,False
UniGCN,random,0,203,base,0.0007547490183372631,1.1351774395960915e-07,3.719884955916769e-34,0.0009138314441622074,0.0011384228120785087,0.8259171022826977,0.00012422175302107406,3.267577666618504e-31,1.0234208202611609e-09,1.6869166530721437e-12,5.309705080276511e-39,1.1068694817856192e-08,1.3776685973975648e-08,0.09246083997276378,0.0001524042970586544,3.8541236189215735e-31,False,1e-24,True
UniGCN,random,0,203,restart,9447.180377862342,970.3982854129526,940.2819115864072,1321.589618012422,1233.1458545297603,7.148346392180529,0.7342659719681844,0.7625066476381807,0.012810140664729732,0.014420485914151189,0.013421435614295821,0.016007626187165964,0.014922982057034519,0.8002523619023664,0.9008509909928272,0.8993802688363557,False,1e-24,False
UniGCN,random,0,204,base,0.0007133756561366056,1.07294998884181e-07,3.51627107205888e-34,0.0008637376004988317,0.0010760174585142483,0.8259171022826979,0.00012422175302107406,3.2678568960341072e-31,9.67319574348128e-10,1.5944443053192016e-12,5.019069835814061e-39,1.0461937990538174e-08,1.3021484171949174e-08,0.09246083997276379,0.0001524042970586544,3.8544529713641395e-31,False,1e-24,True
UniGCN,random,0,204,restart,9447.180377862334,970.3982854129525,940.2819115864071,1321.5896180124164,1233.1458545297533,7.148346392180554,0.7342659719681874,0.7625066476381851,0.012810140664729722,0.014420485914151187,0.01342143561429582,0.016007626187165894,0.014922982057034434,0.8002523619023691,0.9008509909928308,0.8993802688363609,False,1e-24,False
UniGCN,random,0,205,base,0.0006742702731690416,1.0141336837748093e-07,3.3101399449810226e-34,0.0008163897699968563,0.0010170330028028425,0.8259171022826977,0.00012422175302107406,3.2547025866993537e-31,9.142936516361522e-10,1.507041049203578e-12,4.724841518105594e-39,9.888441981551067e-09,1.2307680552537977e-08,0.09246083997276378,0.0001524042970586544,3.83893740005405e-31,False,1e-24,True
UniGCN,random,0,205,restart,9447.18037786233,970.3982854129525,940.2819115864072,1321.5896180124116,1233.1458545297469,7.148346392180578,0.7342659719681902,0.762506647638189,0.012810140664729717,0.014420485914151187,0.013421435614295821,0.016007626187165835,0.014922982057034356,0.8002523619023719,0.9008509909928343,0.8993802688363656,False,1e-24,False
UniGCN,random,0,206,base,0.0006373085447597529,9.585415343326836e-08,3.1317671309847195e-34,0.0007716374234149382,0.0009612819202937404,0.8259171022826977,0.000124221753021074,3.2579070352511574e-31,8.641744709709828e-10,1.4244290104130918e-12,4.4702349784186774e-39,9.346383520045277e-09,1.163300577591892e-08,0.09246083997276378,0.00015240429705865434,3.8427170625775447e-31,False,1e-24,True
UniGCN,random,0,206,restart,9447.180377862325,970.3982854129526,940.2819115864073,1321.5896180124073,1233.1458545297417,7.148346392180597,0.7342659719681927,0.7625066476381924,0.01281014066472971,0.014420485914151189,0.013421435614295823,0.016007626187165783,0.014922982057034294,0.800252361902374,0.9008509909928373,0.8993802688363696,False,1e-24,False
UniGCN,random,0,207,base,0.0006023729613866096,9.059968007579539e-08,2.9641838870739384e-34,0.0007293382831300511,0.000908586965946036,0.8259171022826977,0.00012422175302107403,3.2624107522691352e-31,8.168026923752171e-10,1.3463455469767597e-12,4.231029300794974e-39,8.834039282098486e-09,1.0995314901527657e-08,0.09246083997276378,0.00015240429705865437,3.8480292185239067e-31,False,1e-24,True
UniGCN,random,0,207,restart,9447.180377862323,970.3982854129526,940.2819115864074,1321.589618012404,1233.1458545297369,7.148346392180613,0.7342659719681945,0.7625066476381954,0.012810140664729708,0.014420485914151189,0.013421435614295823,0.01600762618716574,0.014922982057034235,0.8002523619023758,0.9008509909928396,0.8993802688363731,False,1e-24,False
UniGCN,random,0,208,base,0.0005693524550913706,8.563324317032251e-08,2.777878038494839e-34,0.0006893578708054056,0.0008587806108272221,0.8259171022826974,0.00012422175302107398,3.234677173043116e-31,7.720277104712175e-10,1.2725424142677865e-12,3.965099272740686e-39,8.349780411887179e-09,1.0392580568817453e-08,0.09246083997276375,0.0001524042970586543,3.815317328054032e-31,False,1e-24,True
UniGCN,random,0,208,restart,9447.18037786232,970.3982854129526,940.2819115864073,1321.5896180124003,1233.1458545297328,7.148346392180632,0.7342659719681965,0.7625066476381979,0.012810140664729703,0.014420485914151189,0.013421435614295823,0.016007626187165697,0.014922982057034186,0.8002523619023779,0.900850990992842,0.899380268836376,False,1e-24,False
UniGCN,random,0,209,base,0.00053814204637004,8.09390533137952e-08,2.650960733284234e-34,0.0006515690798540253,0.0008117045095016028,0.8259171022826974,0.00012422175302107406,3.2659184496978565e-31,7.297071756732549e-10,1.2027849757789118e-12,3.78393951424335e-39,7.892067343193134e-09,9.822886551830914e-09,0.09246083997276375,0.0001524042970586544,3.852166564560445e-31,False,1e-24,True
UniGCN,random,0,209,restart,9447.180377862316,970.3982854129524,940.2819115864073,1321.589618012397,1233.1458545297287,7.148346392180645,0.7342659719681981,0.7625066476382003,0.012810140664729698,0.014420485914151186,0.013421435614295823,0.01600762618716566,0.014922982057034136,0.8002523619023795,0.9008509909928439,0.8993802688363789,False,1e-24,False
UniGCN,random,0,210,base,0.0005086425104197704,7.650218663683372e-08,2.508953379190435e-34,0.0006158517713387544,0.0007672089966150788,0.8259171022826974,0.00012422175302107406,3.270234564844679e-31,6.897065416266429e-10,1.136851457160974e-12,3.581240458115513e-39,7.459444904781424e-09,9.28442166709321e-09,0.09246083997276375,0.0001524042970586544,3.857257443194883e-31,False,1e-24,True
UniGCN,random,0,210,restart,9447.180377862314,970.3982854129525,940.2819115864072,1321.5896180123952,1233.1458545297257,7.148346392180655,0.7342659719681993,0.7625066476382021,0.012810140664729696,0.014420485914151187,0.013421435614295821,0.016007626187165638,0.014922982057034101,0.8002523619023805,0.9008509909928454,0.899380268836381,False,1e-24,False
UniGCN,random,0,211,base,0.00048076006168123477,7.23085373574468e-08,2.391791188361906e-34,0.0005820923920239619,0.0007251526110758334,0.8259171022826978,0.00012422175302107403,3.2983280372023407e-31,6.518986374550728e-10,1.0745322411531318e-12,3.414004995935675e-39,7.050537694088684e-09,8.775474015458593e-09,0.09246083997276378,0.00015240429705865437,3.8903938293494727e-31,False,1e-24,True
UniGCN,random,0,211,restart,9447.18037786231,970.3982854129525,940.281911586407,1321.5896180123923,1233.1458545297228,7.148346392180667,0.7342659719682008,0.7625066476382037,0.01281014066472969,0.014420485914151187,0.013421435614295818,0.016007626187165603,0.014922982057034065,0.8002523619023818,0.9008509909928472,0.8993802688363829,False,1e-24,False
UniGCN,random,0,212,base,0.0004544060556735581,6.834477293562592e-08,2.239641082464382e-34,0.0005501836133646527,0.0006854016463181867,0.8259171022826978,0.00012422175302107392,3.267633065218324e-31,6.161632634562267e-10,1.0156292011631576e-12,3.1968283359522234e-39,6.6640457045137185e-09,8.29442553960382e-09,0.09246083997276378,0.00015240429705865423,3.854188961837276e-31,False,1e-24,True
UniGCN,random,0,212,restart,9447.180377862307,970.3982854129526,940.2819115864072,1321.5896180123907,1233.1458545297205,7.148346392180673,0.7342659719682019,0.7625066476382053,0.012810140664729686,0.014420485914151189,0.013421435614295821,0.016007626187165582,0.014922982057034037,0.8002523619023825,0.9008509909928486,0.8993802688363848,False,1e-24,False
UniGCN,random,0,213,base,0.0004294967071738779,6.459829168624745e-08,2.0974147234689083e-34,0.0005200239902852483,0.000647829725219804,0.8259171022826975,0.00012422175302107392,3.237601860206817e-31,5.823868089603001e-10,9.599550713791145e-13,2.9938166756839876e-39,6.29874019240853e-09,7.839746879865477e-09,0.09246083997276376,0.00015240429705865423,3.8187670106708315e-31,False,1e-24,True
UniGCN,random,0,213,restart,9447.180377862307,970.3982854129526,940.2819115864071,1321.5896180123893,1233.1458545297182,7.148346392180681,0.7342659719682026,0.7625066476382066,0.012810140664729686,0.014420485914151189,0.01342143561429582,0.016007626187165565,0.014922982057034009,0.8002523619023834,0.9008509909928495,0.8993802688363863,False,1e-24,False
UniGCN,random,0,214,base,0.00040595282384556035,6.105718271552394e-08,1.9809082938023377e-34,0.0004915176386632198,0.0006123173983208313,0.8259171022826974,0.00012422175302107392,3.2351004548206813e-31,5.504618911365148e-10,9.073328514098547e-13,2.8275172366377577e-39,5.9534597706300836e-09,7.4099925120668685e-09,0.09246083997276375,0.00015240429705865423,3.815816590952368e-31,False,1e-24,True
UniGCN,random,0,214,restart,9447.180377862305,970.3982854129525,940.2819115864074,1321.5896180123875,1233.1458545297162,7.14834639218069,0.7342659719682036,0.7625066476382081,0.012810140664729682,0.014420485914151187,0.013421435614295823,0.016007626187165544,0.014922982057033985,0.8002523619023844,0.9008509909928507,0.899380268836388,False,1e-24,False
UniGCN,random,0,215,base,0.00038369955446822024,5.771018805363454e-08,1.8489599564821055e-34,0.0004645739304922231,0.0005787517640676026,0.8259171022826975,0.000124221753021074,3.194737487255647e-31,5.202870135993132e-10,8.575952435615721e-13,2.6391762623049612e-39,5.627106716233322e-09,7.003796151876431e-09,0.09246083997276376,0.00015240429705865434,3.7682082760188314e-31,False,1e-24,True
UniGCN,random,0,215,restart,9447.180377862303,970.3982854129525,940.2819115864072,1321.5896180123862,1233.1458545297144,7.148346392180695,0.7342659719682042,0.7625066476382091,0.01281014066472968,0.014420485914151187,0.013421435614295821,0.016007626187165527,0.014922982057033962,0.800252361902385,0.9008509909928514,0.8993802688363892,False,1e-24,False
UniGCN,random,0,216,base,0.0003626661509691105,5.454666686314507e-08,1.7633307255999115e-34,0.00043910720575559154,0.0005470261098735898,0.8259171022826979,0.00012422175302107411,3.2234854859256955e-31,4.917662437288662e-10,8.105841209613721e-13,2.51695044951143e-39,5.318643480566757e-09,6.6198664110871926e-09,0.09246083997276379,0.00015240429705865448,3.802116679115986e-31,False,1e-24,True
UniGCN,random,0,216,restart,9447.180377862303,970.3982854129526,940.2819115864072,1321.589618012385,1233.145854529713,7.148346392180701,0.734265971968205,0.76250664763821,0.01281014066472968,0.014420485914151189,0.013421435614295821,0.016007626187165513,0.014922982057033947,0.8002523619023857,0.9008509909928524,0.8993802688363903,False,1e-24,False
UniGCN,random,0,217,base,0.0003427857434993275,5.1556561609428697e-08,1.661351491731663e-34,0.0004150365000941677,0.0005170395728564545,0.8259171022826974,0.0001242217530210741,3.2131998766618647e-31,4.6480890768002393e-10,7.661500248369161e-13,2.3713869004850872e-39,5.0270893906754805e-09,6.256982692007624e-09,0.09246083997276375,0.00015240429705865445,3.7899847533767112e-31,False,1e-24,True
UniGCN,random,0,217,restart,9447.180377862303,970.3982854129528,940.2819115864073,1321.589618012384,1233.145854529712,7.148346392180706,0.7342659719682055,0.7625066476382107,0.01281014066472968,0.01442048591415119,0.013421435614295823,0.016007626187165502,0.014922982057033936,0.8002523619023862,0.900850990992853,0.8993802688363912,False,1e-24,False
UniGCN,random,0,218,base,0.0003239951278397494,4.8730366085535694e-08,1.5755610338512768e-34,0.0003922852874026712,0.0004886968191726008,0.8259171022826975,0.0001242217530210741,3.2240050928074713e-31,4.393293021100776e-10,7.2415168935388e-13,2.2489309548187594e-39,4.751517531524602e-09,5.913991306911183e-09,0.09246083997276376,0.00015240429705865445,3.8027295579393617e-31,False,1e-24,True
UniGCN,random,0,218,restart,9447.180377862303,970.3982854129526,940.2819115864071,1321.5896180123832,1233.1458545297107,7.14834639218071,0.734265971968206,0.7625066476382113,0.01281014066472968,0.014420485914151189,0.01342143561429582,0.016007626187165492,0.014922982057033919,0.8002523619023867,0.9008509909928536,0.8993802688363919,False,1e-24,False
UniGCN,random,0,219,base,0.00030623456446082184,4.6059095189855536e-08,1.484068687715382e-34,0.0003707812365362581,0.00046190774092976904,0.8259171022826978,0.00012422175302107417,3.2129114890521568e-31,4.152464217088472e-10,6.844555925005708e-13,2.118336223841534e-39,4.491051799131033e-09,5.58980181020747e-09,0.09246083997276378,0.00015240429705865453,3.789644598800024e-31,False,1e-24,True
UniGCN,random,0,219,restart,9447.180377862302,970.3982854129525,940.2819115864072,1321.5896180123825,1233.1458545297098,7.148346392180713,0.7342659719682063,0.762506647638212,0.012810140664729679,0.014420485914151187,0.013421435614295821,0.01600762618716548,0.014922982057033908,0.800252361902387,0.900850990992854,0.8993802688363927,False,1e-24,False
UniGCN,random,0,220,base,0.00028944758859736114,4.353425636048863e-08,1.4104743729167787e-34,0.0003504559813537898,0.00043658716971408686,0.8259171022826975,0.00012422175302107411,3.2306821426760507e-31,3.924837016648574e-10,6.469355315918756e-13,2.013288860335286e-39,4.244864115234856e-09,5.283383531674166e-09,0.09246083997276376,0.00015240429705865448,3.8106051704660687e-31,False,1e-24,True
UniGCN,random,0,220,restart,9447.180377862302,970.3982854129526,940.2819115864072,1321.5896180123818,1233.1458545297091,7.148346392180717,0.7342659719682069,0.7625066476382123,0.012810140664729679,0.014420485914151189,0.013421435614295821,0.016007626187165475,0.0149229820570339,0.8002523619023875,0.9008509909928547,0.899380268836393,False,1e-24,False
UniGCN,random,0,221,base,0.00027358083073455823,4.114782257551091e-08,1.3417519532171886e-34,0.0003312449033667256,0.0004126546058208148,0.8259171022826977,0.000124221753021074,3.251513334131576e-31,3.7096877424884213e-10,6.114722220429711e-13,1.9151955630069873e-39,4.012171794655106e-09,4.9937622997280696e-09,0.09246083997276378,0.00015240429705865434,3.835175661267012e-31,False,1e-24,True
UniGCN,random,0,221,restart,9447.180377862298,970.3982854129524,940.2819115864071,1321.5896180123814,1233.1458545297085,7.148346392180716,0.7342659719682069,0.7625066476382127,0.012810140664729673,0.014420485914151186,0.01342143561429582,0.016007626187165468,0.014922982057033891,0.8002523619023874,0.9008509909928547,0.8993802688363935,False,1e-24,False
UniGCN,random,0,222,base,0.00025858384693446825,3.889220683329306e-08,1.2595579696694405e-34,0.0003130869263026344,0.0003900339623279535,0.8259171022826975,0.00012422175302107406,3.2293545981269247e-31,3.5063323874070186e-10,5.779529181372059e-13,1.7978731680448872e-39,3.792235056960203e-09,4.720017344317852e-09,0.09246083997276376,0.0001524042970586544,3.80903932526697e-31,False,1e-24,True
UniGCN,random,0,222,restart,9447.180377862298,970.3982854129528,940.2819115864071,1321.589618012381,1233.1458545297075,7.14834639218072,0.7342659719682074,0.7625066476382133,0.012810140664729673,0.01442048591415119,0.01342143561429582,0.016007626187165464,0.01492298205703388,0.8002523619023878,0.9008509909928554,0.8993802688363942,False,1e-24,False
UniGCN,random,0,223,base,0.0002444089584635587,3.67602380317415e-08,1.198414478578439e-34,0.0002959243219301949,0.00036865332319906477,0.8259171022826975,0.00012422175302107414,3.2507898428229314e-31,3.314124439684637e-10,5.462710545824893e-13,1.7105979138047406e-39,3.5843546745420887e-09,4.461278369592104e-09,0.09246083997276376,0.0001524042970586545,3.8343222997787087e-31,False,1e-24,True
UniGCN,random,0,223,restart,9447.180377862298,970.3982854129524,940.2819115864071,1321.5896180123802,1233.1458545297069,7.148346392180723,0.7342659719682075,0.7625066476382136,0.012810140664729673,0.014420485914151186,0.01342143561429582,0.016007626187165457,0.014922982057033872,0.8002523619023881,0.9008509909928555,0.8993802688363945,False,1e-24,False
UniGCN,random,0,224,base,0.00023101110021145335,3.474513816977648e-08,1.1268000298058346e-34,0.00027970252652836106,0.0003484447146462605,0.8259171022826979,0.00012422175302107406,3.2337985982934395e-31,3.1324528276788395e-10,5.163259077166242e-13,1.6083765798185162e-39,3.3878697496167756e-09,4.216722787036031e-09,0.09246083997276379,0.0001524042970586544,3.814281044898988e-31,False,1e-24,True
UniGCN,random,0,224,restart,9447.180377862298,970.3982854129526,940.2819115864072,1321.5896180123798,1233.1458545297064,7.148346392180724,0.7342659719682079,0.762506647638214,0.012810140664729673,0.014420485914151189,0.013421435614295821,0.01600762618716545,0.014922982057033867,0.8002523619023882,0.9008509909928559,0.899380268836395,False,1e-24,False
UniGCN,random,0,225,base,0.0002183476774189642,3.284050079856536e-08,1.0595132346079186e-34,0.00026436996741620615,0.0003293438890264747,0.8259171022826975,0.00012422175302107406,3.2170423375390106e-31,2.9607399770923695e-10,4.880222752844751e-13,1.5123324702474316e-39,3.2021556130838916e-09,3.985573100280359e-09,0.09246083997276376,0.0001524042970586544,3.7945169545153962e-31,False,1e-24,True
UniGCN,random,0,225,restart,9447.180377862296,970.3982854129526,940.2819115864072,1321.5896180123796,1233.145854529706,7.148346392180725,0.734265971968208,0.7625066476382143,0.01281014066472967,0.014420485914151189,0.013421435614295821,0.016007626187165447,0.014922982057033862,0.8002523619023884,0.900850990992856,0.8993802688363954,False,1e-24,False
UniGCN,random,0,226,base,0.00020637843025991665,3.104027065400241e-08,1.0083404869220902e-34,0.00024987789899194606,0.00031129012058397416,0.8259171022826974,0.00012422175302107403,3.2392306091515635e-31,2.798439974736524e-10,4.612701737689072e-13,1.4392892977893769e-39,3.026621838565238e-09,3.7670944332681515e-09,0.09246083997276375,0.00015240429705865437,3.820688127907423e-31,False,1e-24,True
UniGCN,random,0,226,restart,9447.180377862296,970.3982854129526,940.2819115864072,1321.5896180123789,1233.1458545297057,7.148346392180729,0.7342659719682083,0.7625066476382144,0.01281014066472967,0.014420485914151189,0.013421435614295821,0.01600762618716544,0.014922982057033858,0.8002523619023888,0.9008509909928565,0.8993802688363955,False,1e-24,False
UniGCN,random,0,227,base,0.00019506530584624413,2.9338724405683072e-08,9.535102695727994e-35,0.00023618024775987325,0.00029422601238972935,0.8259171022826978,0.00012422175302107414,3.240740891086773e-31,2.6450368329521963e-10,4.3598455231325504e-13,1.361025510854481e-39,2.8607103653085417e-09,3.560592193921034e-09,0.09246083997276378,0.0001524042970586545,3.82246951273484e-31,False,1e-24,True
UniGCN,random,0,227,restart,9447.180377862296,970.3982854129526,940.2819115864072,1321.5896180123789,1233.1458545297055,7.148346392180729,0.7342659719682083,0.7625066476382146,0.01281014066472967,0.014420485914151189,0.013421435614295821,0.01600762618716544,0.014922982057033856,0.8002523619023888,0.9008509909928565,0.8993802688363958,False,1e-24,False
UniGCN,random,0,228,base,0.00018437233724942723,2.773045246116867e-08,9.118483510654806e-35,0.00022323346585250835,0.0002780973138638627,0.8259171022826977,0.0001242217530210741,3.2788822674923745e-31,2.500042849170808e-10,4.1208502232580755e-13,1.3015579458695692e-39,2.703893723988715e-09,3.3654098658771138e-09,0.09246083997276378,0.00015240429705865445,3.8674574501799914e-31,False,1e-24,True
UniGCN,random,0,228,restart,9447.180377862298,970.3982854129528,940.2819115864073,1321.5896180123787,1233.1458545297055,7.148346392180731,0.7342659719682085,0.7625066476382147,0.012810140664729673,0.01442048591415119,0.013421435614295823,0.016007626187165436,0.014922982057033856,0.800252361902389,0.9008509909928567,0.8993802688363959,False,1e-24,False
UniGCN,random,0,229,base,0.00017426552915366137,2.6210341767693857e-08,8.442324675221677e-35,0.00021099639258228268,0.0002628527483010385,0.8259171022826975,0.00012422175302107384,3.211807648879098e-31,2.3629970553998147e-10,3.894956019066693e-13,1.2050441007878111e-39,2.55567335976602e-09,3.180926921280051e-09,0.09246083997276376,0.00015240429705865415,3.7883426139915337e-31,False,1e-24,True
UniGCN,random,0,229,restart,9447.180377862298,970.3982854129525,940.2819115864071,1321.5896180123787,1233.145854529705,7.1483463921807315,0.7342659719682085,0.7625066476382149,0.012810140664729673,0.014420485914151187,0.01342143561429582,0.016007626187165436,0.01492298205703385,0.8002523619023891,0.9008509909928567,0.899380268836396,False,1e-24,False
UniGCN,random,0,230,base,0.0001647127497772171,2.4773559556639357e-08,8.054156763949368e-35,0.000199430123582595,0.0002484438498504577,0.8259171022826974,0.00012422175302107387,3.2418418764631503e-31,2.233463752703344e-10,3.6814447428447094e-13,1.1496376257245263e-39,2.4155780472698034e-09,3.0065568479835345e-09,0.09246083997276375,0.00015240429705865418,3.823768130296875e-31,False,1e-24,True
UniGCN,random,0,230,restart,9447.180377862296,970.3982854129525,940.2819115864071,1321.5896180123782,1233.1458545297046,7.148346392180732,0.7342659719682086,0.7625066476382151,0.01281014066472967,0.014420485914151187,0.01342143561429582,0.01600762618716543,0.014922982057033844,0.8002523619023891,0.9008509909928569,0.8993802688363963,False,1e-24,False
UniGCN,random,0,231,base,0.0001556836287183887,2.3415537979089735e-08,7.699697305035088e-35,0.0001884978871222124,0.00023482480943218232,0.8259171022826977,0.00012422175302107392,3.2789113397572117e-31,2.11103112601877e-10,3.4796375949494095e-13,1.0990426419534389e-39,2.2831623924686576e-09,2.8417452848992536e-09,0.09246083997276378,0.00015240429705865423,3.867491741056597e-31,False,1e-24,True
UniGCN,random,0,231,restart,9447.180377862296,970.3982854129525,940.2819115864071,1321.5896180123782,1233.1458545297046,7.148346392180732,0.7342659719682086,0.7625066476382151,0.01281014066472967,0.014420485914151187,0.01342143561429582,0.01600762618716543,0.014922982057033844,0.8002523619023891,0.9008509909928569,0.8993802688363963,False,1e-24,False
UniGCN,random,0,232,base,0.00014714946040125898,2.2131959583630036e-08,7.238601408586998e-35,0.0001781649271997908,0.0002219523290999235,0.8259171022826977,0.00012422175302107398,3.2613315832014366e-31,1.995309934905397e-10,3.2888929857546546e-13,1.0332265413783153e-39,2.1580054166641323e-09,2.6859682595602026e-09,0.09246083997276378,0.0001524042970586543,3.8467563334031897e-31,False,1e-24,True
UniGCN,random,0,232,restart,9447.180377862296,970.3982854129525,940.2819115864071,1321.5896180123782,1233.1458545297044,7.148346392180732,0.7342659719682086,0.7625066476382152,0.01281014066472967,0.014420485914151187,0.01342143561429582,0.01600762618716543,0.014922982057033842,0.8002523619023891,0.9008509909928569,0.8993802688363964,False,1e-24,False
UniGCN,random,0,233,base,0.00013908311281431564,2.091874359021132e-08,6.831052651499465e-35,0.00016839839304684824,0.00020978548438727854,0.8259171022826974,0.00012422175302107398,3.2562084414233677e-31,1.8859322760628875e-10,3.1086044958953344e-13,9.750536749694737e-40,2.039709218106204e-09,2.5387305222961357e-09,0.09246083997276375,0.0001524042970586543,3.8407135629645077e-31,False,1e-24,True
UniGCN,random,0,233,restart,9447.180377862298,970.3982854129526,940.2819115864071,1321.589618012378,1233.1458545297044,7.148346392180735,0.7342659719682089,0.7625066476382152,0.012810140664729673,0.014420485914151189,0.01342143561429582,0.01600762618716543,0.014922982057033842,0.8002523619023895,0.9008509909928571,0.8993802688363964,False,1e-24,False
UniGCN,random,0,234,base,0.00013145894125177608,1.977203291644698e-08,6.425523738889973e-35,0.00015916723468789473,0.00019828559419978733,0.8259171022826975,0.000124221753021074,3.2405398712000156e-31,1.78255041368517e-10,2.9381989483258787e-13,9.171691179737869e-40,1.927897706975469e-09,2.399563971725165e-09,0.09246083997276376,0.00015240429705865434,3.8222324088087913e-31,False,1e-24,True
UniGCN,random,0,234,restart,9447.180377862298,970.3982854129526,940.2819115864071,1321.589618012378,1233.1458545297041,7.148346392180735,0.7342659719682089,0.7625066476382153,0.012810140664729673,0.014420485914151189,0.01342143561429582,0.01600762618716543,0.014922982057033839,0.8002523619023895,0.9008509909928571,0.8993802688363965,False,1e-24,False
UniGCN,random,0,235,base,0.0001242527067833871,1.868818191509338e-08,6.08322508224446e-35,0.00015044210422568232,0.0001874160978391646,0.8259171022826974,0.000124221753021074,3.2458391527631305e-31,1.6848356739312807e-10,2.777134586063459e-13,8.683099479268309e-40,1.822215409710299e-09,2.268026166555776e-09,0.09246083997276375,0.00015240429705865434,3.8284829369735444e-31,False,1e-24,True
UniGCN,random,0,235,restart,9447.180377862298,970.3982854129526,940.2819115864071,1321.589618012378,1233.1458545297041,7.148346392180735,0.7342659719682089,0.7625066476382153,0.012810140664729673,0.014420485914151189,0.01342143561429582,0.01600762618716543,0.014922982057033839,0.8002523619023895,0.9008509909928571,0.8993802688363965,False,1e-24,False
UniGCN,random,0,236,base,0.00011744149919349656,1.7663744783729748e-08,5.817662633171592e-35,0.0001421952625377387,0.00017714243876874137,0.8259171022826977,0.00012422175302107398,3.284172146216483e-31,1.5924773999984233e-10,2.6248993498225365e-13,8.304039830466516e-40,1.7223263388776485e-09,2.143698918967956e-09,0.09246083997276378,0.0001524042970586543,3.873696887650782e-31,False,1e-24,True
UniGCN,random,0,236,restart,9447.180377862298,970.3982854129526,940.2819115864071,1321.589618012378,1233.145854529704,7.148346392180735,0.7342659719682089,0.7625066476382155,0.012810140664729673,0.014420485914151189,0.01342143561429582,0.01600762618716543,0.014922982057033836,0.8002523619023895,0.9008509909928571,0.8993802688363969,False,1e-24,False
UniGCN,random,0,237,base,0.00011100366414440276,1.6695464609788972e-08,5.476974171645678e-35,0.00013440049108755237,0.00016743195475058003,0.8259171022826974,0.0001242217530210739,3.2711642050674345e-31,1.5051819644751738e-10,2.481009250064963e-13,7.81774649709919e-40,1.6279129249945777e-09,2.026186965101476e-09,0.09246083997276375,0.0001524042970586542,3.8583539583217378e-31,False,1e-24,True
UniGCN,random,0,237,restart,9447.180377862298,970.3982854129526,940.2819115864071,1321.589618012378,1233.145854529704,7.148346392180735,0.7342659719682089,0.7625066476382155,0.012810140664729673,0.014420485914151189,0.01342143561429582,0.01600762618716543,0.014922982057033836,0.8002523619023895,0.9008509909928571,0.8993802688363969,False,1e-24,False
UniGCN,random,0,238,base,0.00010491873433241813,1.5780263016111133e-08,5.154140455388656e-35,0.00012703300857003712,0.00015825377400498488,0.8259171022826975,0.00012422175302107403,3.256883121931932e-31,1.4226718358348987e-10,2.3450068282900343e-13,7.356938745351932e-40,1.5386750069045191e-09,1.915116708424527e-09,0.09246083997276376,0.00015240429705865437,3.841509351878677e-31,False,1e-24,True
UniGCN,random,0,238,restart,9447.180377862298,970.3982854129526,940.2819115864071,1321.5896180123775,1233.1458545297037,7.148346392180738,0.7342659719682092,0.7625066476382156,0.012810140664729673,0.014420485914151189,0.01342143561429582,0.016007626187165423,0.014922982057033834,0.8002523619023898,0.9008509909928576,0.899380268836397,False,1e-24,False
UniGCN,random,0,239,base,9.916736441777721e-05,1.4915230374100504e-08,4.815383190420847e-35,0.00012006939212627404,0.00014957871706227616,0.8259171022826977,0.000124221753021074,3.2192970263383073e-31,1.3446846961015555e-10,2.216459702672568e-13,6.873401971474241e-40,1.4543288774984742e-09,1.8101350319875888e-09,0.09246083997276378,0.00015240429705865434,3.7971763708296473e-31,False,1e-24,True
UniGCN,random,0,239,restart,9447.180377862298,970.3982854129525,940.2819115864071,1321.5896180123775,1233.1458545297037,7.148346392180738,0.7342659719682091,0.7625066476382156,0.012810140664729673,0.014420485914151187,0.01342143561429582,0.016007626187165423,0.014922982057033834,0.8002523619023898,0.9008509909928574,0.899380268836397,False,1e-24,False
UniGCN,random,0,240,base,9.373126952151603e-05,1.4097616553371884e-08,4.615593141291866e-35,0.00011348750287705438,0.000141379203994792,0.8259171022826974,0.0001242217530210741,3.2646902874498366e-31,1.270972606882738e-10,2.0949591934253262e-13,6.588224808357538e-40,1.374606381747267e-09,1.7109081757864247e-09,0.09246083997276375,0.00015240429705865445,3.850717941264871e-31,False,1e-24,True
UniGCN,random,0,240,restart,9447.180377862296,970.3982854129526,940.2819115864072,1321.5896180123775,1233.1458545297037,7.148346392180736,0.7342659719682091,0.7625066476382157,0.01281014066472967,0.014420485914151189,0.013421435614295821,0.016007626187165423,0.014922982057033834,0.8002523619023896,0.9008509909928574,0.8993802688363971,False,1e-24,False
UniGCN,random,0,241,base,8.859316709379184e-05,1.332482217847676e-08,4.3442698556271376e-35,0.00010726641553847845,0.00013362916673418914,0.8259171022826975,0.00012422175302107398,3.250989257658562e-31,1.2013012211186086e-10,1.9801190235154212e-13,6.2009422323198405e-40,1.2992540641773065e-09,1.6171206756650963e-09,0.09246083997276376,0.0001524042970586543,3.8345575105392117e-31,False,1e-24,True
UniGCN,random,0,241,restart,9447.180377862296,970.3982854129526,940.2819115864072,1321.5896180123775,1233.1458545297037,7.148346392180736,0.7342659719682091,0.7625066476382157,0.01281014066472967,0.014420485914151189,0.013421435614295821,0.016007626187165423,0.014922982057033834,0.8002523619023896,0.9008509909928574,0.8993802688363971,False,1e-24,False
UniGCN,random,0,242,base,8.373672196882852e-05,1.2594390364913113e-08,4.103473779114742e-35,0.000101386351895843,0.00012630396619527944,0.8259171022826977,0.00012422175302107406,3.248887507436095e-31,1.1354490380406794e-10,1.8715740906040848e-13,5.857233712857465e-40,1.2280323630794935e-09,1.528474360385535e-09,0.09246083997276378,0.0001524042970586544,3.83207848601403e-31,False,1e-24,True
UniGCN,random,0,242,restart,9447.180377862296,970.3982854129526,940.2819115864072,1321.5896180123775,1233.1458545297037,7.148346392180736,0.7342659719682091,0.7625066476382157,0.01281014066472967,0.014420485914151189,0.013421435614295821,0.016007626187165423,0.014922982057033834,0.8002523619023896,0.9008509909928574,0.8993802688363971,False,1e-24,False
UniGCN,random,0,243,base,7.914649443180641e-05,1.1903998908145183e-08,3.9221581177205327e-35,9.58286179243155e-05,0.0001193803139429199,0.8259171022826974,0.000124221753021074,3.2854312308106844e-31,1.0732066989718085e-10,1.7689793063054338e-13,5.598426599237666e-40,1.1607148488894802e-09,1.4446874036751239e-09,0.09246083997276375,0.00015240429705865434,3.875181984002831e-31,False,1e-24,True
UniGCN,random,0,243,restart,9447.180377862296,970.3982854129526,940.2819115864072,1321.5896180123775,1233.1458545297035,7.148346392180736,0.7342659719682091,0.7625066476382159,0.01281014066472967,0.014420485914151189,0.013421435614295821,0.016007626187165423,0.01492298205703383,0.8002523619023896,0.9008509909928574,0.8993802688363972,False,1e-24,False
UniGCN,random,0,244,base,7.48078911325886e-05,1.1251452900800992e-08,3.657606403163599e-35,9.05755443564881e-05,0.00011283619815291891,0.8259171022826975,0.00012422175302107392,3.2415186465310573e-31,1.0143763217285864e-10,1.6720084990740704e-13,5.220809656932894e-40,1.0970875043179275e-09,1.3654934282385513e-09,0.09246083997276376,0.00015240429705865423,3.8233868790328733e-31,False,1e-24,True
UniGCN,random,0,244,restart,9447.180377862296,970.3982854129526,940.2819115864072,1321.5896180123775,1233.1458545297035,7.148346392180736,0.7342659719682091,0.7625066476382159,0.01281014066472967,0.014420485914151189,0.013421435614295821,0.016007626187165423,0.01492298205703383,0.8002523619023896,0.9008509909928574,0.8993802688363972,False,1e-24,False
UniGCN,random,0,245,base,7.070711869022824e-05,1.0634677754575538e-08,3.47238106941611e-35,8.561043050786276e-05,0.0001066508136315709,0.8259171022826974,0.00012422175302107392,3.2558411428642035e-31,9.58770871510042e-11,1.580353377233477e-13,4.956421938696976e-40,1.036948043942136e-09,1.2906406588853802e-09,0.09246083997276375,0.00015240429705865423,3.8402803325423108e-31,False,1e-24,True
UniGCN,random,0,245,restart,9447.180377862296,970.3982854129526,940.2819115864072,1321.5896180123775,1233.1458545297035,7.148346392180736,0.7342659719682091,0.7625066476382159,0.01281014066472967,0.014420485914151189,0.013421435614295821,0.016007626187165423,0.01492298205703383,0.8002523619023896,0.9008509909928574,0.8993802688363972,False,1e-24,False
UniGCN,random,0,246,base,6.683113984075529e-05,1.0051712604655054e-08,3.2996056462366496e-35,8.091749118167568e-05,0.0001008044956713373,0.8259171022826974,0.00012422175302107406,3.2732723121741264e-31,9.062135662725815e-11,1.4937225488484916e-13,4.709805026326143e-40,9.801052710958777e-10,1.2198911220809493e-09,0.09246083997276375,0.0001524042970586544,3.8608404808225254e-31,False,1e-24,True
UniGCN,random,0,246,restart,9447.180377862296,970.3982854129526,940.2819115864072,1321.5896180123775,1233.1458545297032,7.148346392180736,0.7342659719682091,0.762506647638216,0.01281014066472967,0.014420485914151189,0.013421435614295821,0.016007626187165423,0.014922982057033829,0.8002523619023896,0.9008509909928574,0.8993802688363973,False,1e-24,False
UniGCN,random,0,247,base,6.316763198882618e-05,9.500704075693338e-09,3.1063906826395926e-35,7.648180648426014e-05,9.527865753238498e-05,0.8259171022826977,0.00012422175302107398,3.2603216324534574e-31,8.5653731470071e-11,1.4118405953257867e-13,4.434013036532228e-40,9.263784700128407e-10,1.1530198893757896e-09,0.09246083997276378,0.0001524042970586543,3.8455650916244556e-31,False,1e-24,True
UniGCN,random,0,247,restart,9447.180377862296,970.3982854129526,940.2819115864072,1321.5896180123775,1233.1458545297032,7.148346392180736,0.7342659719682091,0.762506647638216,0.01281014066472967,0.014420485914151189,0.013421435614295821,0.016007626187165423,0.014922982057033829,0.8002523619023896,0.9008509909928574,0.8993802688363973,False,1e-24,False
UniGCN,random,0,248,base,5.970494803146363e-05,8.979900389521094e-09,2.932941427700801e-35,7.228927439139968e-05,9.005573135122327e-05,0.8259171022826974,0.00012422175302107392,3.256807072347386e-31,8.095841849867262e-11,1.3344471957971707e-13,4.186434307342281e-40,8.755968312911782e-10,1.0898143623082605e-09,0.09246083997276375,0.00015240429705865423,3.8414196510268805e-31,False,1e-24,True
UniGCN,random,0,248,restart,9447.180377862296,970.3982854129526,940.2819115864072,1321.5896180123773,1233.1458545297032,7.148346392180737,0.7342659719682093,0.762506647638216,0.01281014066472967,0.014420485914151189,0.013421435614295821,0.01600762618716542,0.014922982057033829,0.8002523619023897,0.9008509909928577,0.8993802688363973,False,1e-24,False
UniGCN,random,0,249,base,5.643207932933652e-05,8.487645795855017e-09,2.773960526919914e-35,6.832656591486923e-05,8.511911228857436e-05,0.8259171022826975,0.00012422175302107398,3.2589161850226036e-31,7.652049027305252e-11,1.2612962995018717e-13,3.959507478543304e-40,8.275989088525825e-10,1.0300735965069462e-09,0.09246083997276376,0.0001524042970586543,3.8439073596005945e-31,False,1e-24,True
UniGCN,random,0,249,restart,9447.180377862296,970.3982854129526,940.2819115864072,1321.589618012377,1233.1458545297032,7.148346392180739,0.7342659719682094,0.762506647638216,0.01281014066472967,0.014420485914151189,0.013421435614295821,0.016007626187165416,0.014922982057033829,0.8002523619023899,0.9008509909928578,0.8993802688363973,False,1e-24,False
UniGCN,random,0,250,base,5.3338620707856624e-05,8.02237530830086e-09,2.6406308284226715e-35,6.458108272662904e-05,8.0453105738911e-05,0.8259171022826975,0.000124221753021074,3.282198746922376e-31,7.232583763632101e-11,1.1921553435366642e-13,3.7691947710665564e-40,7.822321066694407e-10,9.73607662843986e-10,0.09246083997276376,0.00015240429705865434,3.871369253664701e-31,False,1e-24,True
UniGCN,random,0,250,restart,9447.180377862296,970.3982854129526,940.2819115864072,1321.589618012377,1233.1458545297032,7.148346392180739,0.7342659719682094,0.762506647638216,0.01281014066472967,0.014420485914151189,0.013421435614295821,0.016007626187165416,0.014922982057033829,0.8002523619023899,0.9008509909928578,0.8993802688363973,False,1e-24,False
UniGCN,random,0,251,base,5.0414737376823875e-05,7.582609728915077e-09,2.471240935264611e-35,6.104091710594916e-05,7.604287743382913e-05,0.8259171022826974,0.00012422175302107414,3.249799348288775e-31,6.836112485857439e-11,1.126804513486892e-13,3.5274103108191315e-40,7.393521936282601e-10,9.202370436083079e-10,0.09246083997276375,0.0001524042970586545,3.833154006698026e-31,False,1e-24,True
UniGCN,random,0,251,restart,9447.180377862296,970.3982854129526,940.2819115864072,1321.589618012377,1233.1458545297032,7.148346392180739,0.7342659719682094,0.762506647638216,0.01281014066472967,0.014420485914151189,0.013421435614295821,0.016007626187165416,0.014922982057033829,0.8002523619023899,0.9008509909928578,0.8993802688363973,False,1e-24,False
UniGCN,random,0,252,base,4.765113366344971e-05,7.166950945506823e-09,2.3581492768278442e-35,5.76948140821275e-05,7.187440628062231e-05,0.8259171022826974,0.00012422175302107398,3.28093044361413e-31,6.461374723965534e-11,1.0650360445877411e-13,3.365985062335713e-40,6.988228449870094e-10,8.697920617790558e-10,0.09246083997276375,0.0001524042970586543,3.8698732837949698e-31,False,1e-24,True
UniGCN,random,0,252,restart,9447.180377862294,970.3982854129526,940.2819115864072,1321.589618012377,1233.1458545297032,7.148346392180738,0.7342659719682094,0.762506647638216,0.012810140664729668,0.014420485914151189,0.013421435614295821,0.016007626187165416,0.014922982057033829,0.8002523619023898,0.9008509909928578,0.8993802688363973,False,1e-24,False
UniGCN,random,0,253,base,4.503902345935416e-05,6.774077486729699e-09,2.2150170763221042e-35,5.4532135652444775e-05,6.793443978612253e-05,0.8259171022826974,0.000124221753021074,3.2605215900736433e-31,6.107179103601912e-11,1.006653561194044e-13,3.1616804181913663e-40,6.605152089685655e-10,8.22112341584758e-10,0.09246083997276375,0.00015240429705865434,3.8458009426019596e-31,False,1e-24,True
UniGCN,random,0,253,restart,9447.180377862296,970.3982854129526,940.2819115864072,1321.5896180123773,1233.1458545297032,7.148346392180737,0.7342659719682093,0.762506647638216,0.01281014066472967,0.014420485914151189,0.013421435614295821,0.01600762618716542,0.014922982057033829,0.8002523619023897,0.9008509909928577,0.8993802688363973,False,1e-24,False
UniGCN,random,0,254,base,4.257010228758115e-05,6.402740320831525e-09,2.0817243284205038e-35,5.1542826961597536e-05,6.421045192408858e-05,0.8259171022826979,0.00012422175302107403,3.2420334478903492e-31,5.7723995584303816e-11,9.514714524585913e-14,2.9714204534116977e-40,6.243074971123732e-10,7.770462986332216e-10,0.09246083997276379,0.00015240429705865437,3.8239940897193e-31,False,1e-24,True
UniGCN,random,0,254,restart,9447.180377862296,970.3982854129526,940.2819115864072,1321.5896180123773,1233.1458545297032,7.148346392180737,0.7342659719682093,0.762506647638216,0.01281014066472967,0.014420485914151189,0.013421435614295821,0.01600762618716542,0.014922982057033829,0.8002523619023897,0.9008509909928577,0.8993802688363973,False,1e-24,False
UniGCN,random,0,255,base,4.0236520900826534e-05,6.051758884705768e-09,1.953189569997245e-35,4.871738433508578e-05,6.0690603312193955e-05,0.8259171022826977,0.00012422175302107406,3.2182734449845387e-31,5.455971750118693e-11,8.993142822341387e-14,2.787951967724647e-40,5.900845970819497e-10,7.344506579911733e-10,0.09246083997276378,0.0001524042970586544,3.795969051685637e-31,False,1e-24,True
UniGCN,random,0,255,restart,9447.180377862296,970.3982854129526,940.2819115864072,1321.589618012377,1233.1458545297032,7.148346392180739,0.7342659719682094,0.762506647638216,0.01281014066472967,0.014420485914151189,0.013421435614295821,0.016007626187165416,0.014922982057033829,0.8002523619023899,0.9008509909928578,0.8993802688363973,False,1e-24,False
UniGCN,random,0,256,base,3.803086032694244e-05,5.72001733061991e-09,1.868894744703265e-35,4.604682506492656e-05,5.736370357200802e-05,0.8259171022826978,0.00012422175302107406,3.2579743432312774e-31,5.156889684571247e-11,8.50016231323033e-14,2.6676308644086548e-40,5.577377066972693e-10,6.94189998681509e-10,0.09246083997276378,0.0001524042970586544,3.842796452664756e-31,False,1e-24,True
UniGCN,random,0,256,restart,9447.180377862296,970.3982854129526,940.2819115864072,1321.589618012377,1233.1458545297032,7.148346392180739,0.7342659719682094,0.762506647638216,0.01281014066472967,0.014420485914151189,0.013421435614295821,0.016007626187165416,0.014922982057033829,0.8002523619023899,0.9008509909928578,0.8993802688363973,False,1e-24,False
UniGCN,random,1,0,base,734316.0767360969,67273.55203728896,69881.22805267693,82560.00000000001,82447.59150957035,8.894332324807374,0.8148443802966201,0.8475836197660821,1.0,1.0,1.0,1.0,1.0,1.0,1.0,1.0,False,1e-24,False
UniGCN,random,1,0,restart,734316.0767360969,67273.55203728896,69881.22805267693,82560.00000000001,82447.59150957035,8.894332324807374,0.8148443802966201,0.8475836197660821,1.0,1.0,1.0,1.0,1.0,1.0,1.0,1.0,False,1e-24,False
UniGCN,random,1,1,base,14369.025894030898,2574.647846891069,1887.948015828813,4077.1828744371705,2911.5165331315307,3.524253470238185,0.6314771562083742,0.6484414545976143,0.01956790318128215,0.03827132311170326,0.027016526017626153,0.049384482490760294,0.03531354257684492,0.3962358658905305,0.7749665721183516,0.7650471758486467,False,1e-24,False
UniGCN,random,1,1,restart,33664.7154293534,4700.945594781059,3888.0688709568817,6822.820618021416,5381.879025981543,4.934134621747684,0.6890032521687943,0.7224370618861651,0.04584499304303266,0.06987806429747279,0.055638244766191426,0.08264075360975551,0.06527636438423827,0.5547504232538942,0.8455642191678158,0.8523490131693965,False,1e-24,False
UniGCN,random,1,2,base,1357.5245737595521,298.75866807522914,192.9220490078357,629.783489877262,441.67189171444716,2.1555416989799445,0.4743831378200371,0.43679947179560397,0.001848692432002177,0.004440952782003106,0.0027607134903583808,0.00762819149560637,0.005357001746535904,0.24235002923916804,0.5821763631079494,0.5153467594337805,False,1e-24,False
UniGCN,random,1,2,restart,12741.443861632697,1616.6730377654917,1391.3817239320335,2410.518980517826,1974.5015491937588,5.285767905007572,0.6706742617800086,0.7046749213745472,0.0173514434251067,0.02403133161259849,0.01991066503415196,0.02919717757410157,0.023948565543780168,0.5942849572041425,0.8230703653326655,0.8313928029532058,False,1e-24,False
UniGCN,random,1,3,base,304.03011360838684,56.82557532084202,36.733629498492725,187.0852657257839,157.58252540482422,1.6250884987063188,0.3037415859575647,0.23310725224212053,0.00041403167279102226,0.0008446941420507164,0.0005256580418249472,0.0022660521526863355,0.0019113053822382715,0.18271056661259996,0.3727602390127505,0.27502566921533234,False,1e-24,False
UniGCN,random,1,3,restart,10222.913925785419,1143.635300519179,1052.948733487365,1648.5478409286975,1447.8904775176184,6.201163030868679,0.6937228463293612,0.7272295452157584,0.013921680662671089,0.01699977577942183,0.015067690749419075,0.019967875980241002,0.01756134352753713,0.6972038826987476,0.8513562382019888,0.8580033028675811,False,1e-24,False
UniGCN,random,1,4,base,120.19511911485178,14.31981660841272,9.898097814716,94.05532558311691,96.31609443440388,1.2779193349199038,0.15224886543780305,0.1027668103948827,0.00016368308269798138,0.00021285952911294785,0.00014164172683477669,0.0011392360172373655,0.0011682099218534928,0.14367793874258908,0.1868441006887491,0.12124681034214005,False,1e-24,False
UniGCN,random,1,4,restart,9682.67054302182,1028.7545332483378,976.0564326147576,1443.8585175230426,1312.503422625218,6.706107575991976,0.7125036980861388,0.7436601046437561,0.013185971068561583,0.015292109634379212,0.013967362334831892,0.017488596384726773,0.01591924516646269,0.7539753779255388,0.8744046290492582,0.877388480972524,False,1e-24,False
UniGCN,random,1,5,base,70.81168998417827,4.419348459155324,3.362583840162166,66.75244422595026,76.2046869541413,1.0608104438016963,0.066205043281955,0.044125682744234784,9.643216623953478e-05,6.56922122486669e-05,4.8118556783624755e-05,0.000808532512426723,0.0009242803283743662,0.11926813672601,0.08124869592627615,0.05206056572496373,False,1e-24,False
UniGCN,random,1,5,restart,9522.523739806049,993.2590052794412,953.0240399057457,1373.9557362733376,1266.324415040835,6.930735458505061,0.7229192171601664,0.752590748931437,0.012967881327250736,0.014764479876562622,0.013637768918247256,0.016641905720365037,0.015359143813119666,0.7792305487815423,0.8871868477475526,0.8879250747426414,False,1e-24,False
UniGCN,random,1,6,base,52.74615242282886,1.6108872955916451,1.3414439505788731,55.832732320567615,66.81803230626048,0.9447173768961021,0.028852023331808675,0.020076076835521945,7.18303113521306e-05,2.3945328391441985e-05,1.9196055764327493e-05,0.0006762685600843945,0.0008104303725901365,0.10621565986028772,0.03540801658508824,0.0236862491998873,False,1e-24,False
UniGCN,random,1,6,restart,9464.105560929027,980.5396476010912,944.8269971481603,1345.9609121420458,1247.2241482562363,7.031486186227548,0.7285052922083745,0.7575438612771713,0.012888326785646961,0.014575410661497246,0.01352046928018986,0.016302821125751522,0.015127478261283848,0.7905580688295037,0.8940422365595545,0.8937688785045655,False,1e-24,False
UniGCN,random,1,7,base,44.295325678758566,0.6727468726073105,0.5964192991511654,49.97408291537684,61.027096552042615,0.8863659540039115,0.01346191532411911,0.009773024326047555,6.0321879204447406e-05,1.0000168747361735e-05,8.534756983686387e-06,0.000605306236862607,0.0007401925930723969,0.09965514235753584,0.01652084207688675,0.011530454456805967,False,1e-24,False
UniGCN,random,1,7,restart,9439.334993967617,975.4917571096934,941.5368303738319,1333.2636830349124,1238.0186771969647,7.079871081825936,0.7316570379305453,0.760519084013816,0.012854593945326332,0.014500375371423669,0.013473387011231332,0.016149027168543027,0.015015825866220215,0.7959980382202849,0.8979101477808646,0.8972791194616356,False,1e-24,False
UniGCN,random,1,8,base,39.44199410602381,0.3111401899646983,0.28432684145287107,46.01498577498903,56.720388808078226,0.8571554123452995,0.006761714357278261,0.0050127801911748655,5.3712556970475705e-05,4.625000175287858e-06,4.0687155817946365e-06,0.0005573520563831035,0.000687956892003258,0.09637096760535795,0.008298166522074876,0.005914201353440859,False,1e-24,False
UniGCN,random,1,8,restart,9427.476512293715,973.3297992840362,940.0902109414044,1326.8372032735451,1232.9611424832567,7.105224732193552,0.7335713807863219,0.762465400205563,0.012838444929868832,0.014468238554499555,0.013452685894883791,0.01607118705515437,0.014954483447101508,0.7988485782542908,0.9002594833129816,0.8995754311721949,False,1e-24,False
UniGCN,random,1,9,base,36.14806426977932,0.15456883064568983,0.14156343802013704,42.913855033114544,53.148156210814875,0.8423401775926588,0.00360183979105155,0.0026635625412595398,4.9226845788874694e-05,2.2976166110571074e-06,2.0257720415763956e-06,0.0005197899107693137,0.0006446295790780686,0.09470527374418759,0.004420279354126988,0.003142536593610239,False,1e-24,False
UniGCN,random,1,9,restart,9421.177600816342,972.3460447218082,939.4062487833471,1323.2326156912236,1229.8513425892834,7.119819666699308,0.7348262377993751,0.7638372348364935,0.012829867000449975,0.014453615355152466,0.013442898400056972,0.016027526837345245,0.014916764942084751,0.80048950350565,0.9017994792231164,0.9011939554085517,False,1e-24,False
UniGCN,random,1,10,base,33.615095645546084,0.08084377528186519,0.07241392230511529,40.27173788640605,50.00273694447527,0.8347068542302231,0.0020074568301447567,0.0014481991732877774,4.577742025608257e-05,1.2017170616627233e-06,1.0362428412180907e-06,0.00048778752284891043,0.0006064790496478123,0.09384705043032,0.002463607627034258,0.0017086210015331048,False,1e-24,False
UniGCN,random,1,10,restart,9417.512746441911,971.8749405149163,939.0629670856914,1321.007453525672,1227.7531271297062,7.129038311863615,0.7357073859962359,0.7648630219994413,0.012824876160006007,0.01444661254063435,0.01343798604079796,0.01600057477623149,0.014891315860781585,0.8015259663707258,0.9028808491363999,0.9024042043315205,False,1e-24,False
UniGCN,random,1,11,base,31.49597963529297,0.04415709956569279,0.037688878998996526,37.91438256339146,47.14257231949685,0.8307132414099806,0.001164653004486193,0.0007994658998149209,4.2891583928390816e-05,6.563812706250001e-07,5.393276570724602e-07,0.0004592342849247996,0.0005717883501063174,0.09339804395356584,0.001429295007302174,0.0009432295305984785,False,1e-24,False
UniGCN,random,1,11,restart,9415.203734153492,971.6388636506304,938.8818401191724,1319.5121627215183,1226.2312177418612,7.135367145638476,0.736362188315572,0.7656646043053359,0.012821731720763056,0.014443103332971954,0.013435394114874984,0.015982463211258697,0.014872856748029113,0.8022375244218242,0.9036844410064178,0.9033499308500624,False,1e-24,False
UniGCN,random,1,12,base,29.628036279813816,0.02524205885212087,0.019846269413537274,35.75708524010911,44.49616040589195,0.8285920421326658,0.0007059316687202059,0.00044602206645473464,4.0347797383798426e-05,3.752151936043081e-07,2.840000092525138e-07,0.00043310423013698046,0.0005396902394744536,0.09315955508224286,0.0008663392492971875,0.0005262278034323371,False,1e-24,False
UniGCN,random,1,12,restart,9413.645998367962,971.5155381679995,938.7821658146561,1318.4345269350865,1225.0665394507832,7.140017806004745,0.7368705220625887,0.7663111639923876,0.012819610378421685,0.014441270138813238,0.01343396777611,0.015969410452217614,0.014858730461623976,0.802760403508914,0.9043082825144511,0.9041127578702804,False,1e-24,False
UniGCN,random,1,13,base,27.93038764395196,0.015249453779477565,0.010538740393958192,33.754885930064546,42.02419169205644,0.8274472531715811,0.00045177026552755426,0.0002507779440752518,3.803592012869651e-05,2.2667829061597592e-07,1.5080931872024373e-07,0.0004088527850056267,0.0005097079359459318,0.09303084514435446,0.0005544252086062133,0.0002958739860315635,False,1e-24,False
UniGCN,random,1,13,restart,9412.533161147161,971.4485912195395,938.7253501597974,1317.6148585784078,1224.140386427298,7.143614918931977,0.7372781089214858,0.7668445225465557,0.012818094904014877,0.014440274993671757,0.013433154744392585,0.015959482298672573,0.014847497228408451,0.8031648310472465,0.9048084846005828,0.9047420274098631,False,1e-24,False
UniGCN,random,1,14,base,26.360554640901835,0.009864215738107966,0.0056322136534732,31.881922033499986,39.70308979571457,0.8268182392894454,0.00030939840225890783,0.00014185832091287575,3.589810365867212e-05,1.4662843627820252e-07,8.059694728357664e-08,0.0003861666912972381,0.0004815554835353306,0.09296012439105168,0.0003797024434853198,0.00016736793586457713,False,1e-24,False
UniGCN,random,1,14,restart,9411.700158929527,971.4109549457607,938.6920085210991,1316.9662482693602,1223.383774488869,7.146500657323257,0.7376126428618064,0.7672915303403346,0.012816960512103785,0.0144397155424069,0.013432677625720986,0.01595162606915407,0.014838320344953448,0.8034892779293615,0.9052190340851344,0.9052694181986355,False,1e-24,False
UniGCN,random,1,15,base,24.894818777212336,0.006900947899361813,0.003025534386279702,30.12203744337126,37.517336111101756,0.8264653021567359,0.0002290996388386887,8.064363571336867e-05,3.3902047859098136e-05,1.0258040032636742e-07,4.329538089970363e-08,0.00036485025973075644,0.0004550446583602969,0.0929204432638101,0.0002811575367989796,9.514534475739971e-05,False,1e-24,False
UniGCN,random,1,15,restart,9411.053026557958,971.389128861123,938.6719731982021,1316.4383261242613,1222.753883734662,7.148874990798187,0.7378918629032923,0.7676704083173408,0.012816079239866843,0.014439391104585843,0.013432390920357395,0.015945231663326804,0.014830680452232823,0.803756226969292,0.9055617007933277,0.9057164277540003,False,1e-24,False
UniGCN,random,1,16,base,23.518915920019765,0.0052265464375886245,0.0016322545348182165,28.464224385297076,35.45571500837128,0.8262623144640553,0.00018361808728181427,4.603642979510729e-05,3.202832767131713e-05,7.769095401253095e-08,2.335755367074849e-08,0.0003447701597056331,0.0004300394269765376,0.09289762112435458,0.00022534129426648745,5.4314912088334745e-05,False,1e-24,False
UniGCN,random,1,16,restart,9410.535516638181,971.3761284029106,938.6597024396385,1316.0000208972685,1222.2224771674435,7.150862741036993,0.7381277454240553,0.7679941417989835,0.01281537448896165,0.014439197856900553,0.013432215325867924,0.015939922733736293,0.01482423506604884,0.8039797120119255,0.9058511824740838,0.9060983764775163,False,1e-24,False
UniGCN,random,1,17,base,22.223483942702675,0.0042447460664369755,0.0008838336130887102,26.90031418313085,33.50941568324664,0.8261421703631622,0.0001577954085420627,2.6375679643097793e-05,3.0264193644625173e-05,6.309680309557851e-08,1.2647654280237758e-08,0.000325827448923581,0.0004064329238696673,0.0928841131850843,0.0001936509747844391,3.1118675524164814e-05,False,1e-24,False
UniGCN,random,1,17,restart,9410.112360606146,971.3682099939263,938.6520726340422,1315.630992569355,1221.7699063975974,7.152546887200275,0.7383287680817686,0.7682723790453052,0.012814798230255841,0.014439080152264116,0.013432106143390611,0.015935452913872997,0.014818745872713295,0.8041690624996046,0.9060978831479476,0.90642664762367,False,1e-24,False
UniGCN,random,1,18,base,21.001784441137588,0.0036386936591143652,0.0004801168947816841,25.423773438066863,31.671048922155165,0.8260687380769269,0.00014312169938024113,1.5159488274662832e-05,2.8600469343510424e-05,5.408802640742797e-08,6.870470198660058e-09,0.000307942992224647,0.00038413552588105444,0.09287585710879284,0.00017564298514047784,1.7885537097621802e-05,False,1e-24,False
UniGCN,random,1,18,restart,9409.760466434376,971.3632986066598,938.6472715702309,1315.317187069684,1221.3818538765252,7.153985790604482,0.7385011829509364,0.7685125406039666,0.012814319016763288,0.01443900714605116,0.01343203744019313,0.015931651975165745,0.014814039215866598,0.8043308400621759,0.9063094755370428,0.9067099961370918,False,1e-24,False
UniGCN,random,1,19,base,19.8485418003096,0.00323884622055036,0.0002615499193662149,24.02906305692542,29.934126864470674,0.8260222944726533,0.00013478870203459273,8.737516231904962e-06,2.7029970375335927e-05,4.8144421135294074e-08,3.7427779484507175e-09,0.00029104969787942605,0.0003630685422872053,0.09287063540101562,0.0001654164958289666,1.0308736540137905e-05,False,1e-24,False
UniGCN,random,1,19,restart,9409.464089598983,971.3602078934763,938.6442219830461,1315.0484267069046,1221.0474777596805,7.155222498658711,0.7386497623710485,0.7687204953776455,0.01281391540741197,0.014438961203580606,0.01343199380061681,0.01592839664131425,0.014809983595675365,0.804469884569292,0.906491816390959,0.9069553462935004,False,1e-24,False
UniGCN,random,1,20,base,18.75934184160935,0.0029539976532214044,0.0001428426524645457,22.71129046440991,28.29278144569864,0.8259918946924868,0.00013006736265605486,5.048731342964589e-06,2.554668546137687e-05,4.3910237586147336e-08,2.0440775934399717e-09,0.00027508830504372465,0.0003431607998205074,0.09286721751881195,0.00015962233501408903,5.956617406501967e-06,False,1e-24,False
UniGCN,random,1,20,restart,9409.212081843414,971.3582406340178,938.6422705073777,1314.8170451039402,1220.7583073821017,7.156290007709466,0.7387782537890881,0.7689009895171488,0.012813572220379094,0.014438931960893115,0.013431965875010424,0.015925594054069042,0.014806476272146755,0.8045899058380923,0.9066495046823022,0.907168297718344,False,1e-24,False
UniGCN,random,1,21,base,17.730314800275153,0.00273485306731705,7.818818884795597e-05,21.466016912895565,26.741607622542176,0.8259713421554132,0.0001274038438716642,2.923840254915948e-06,2.4145344711889218e-05,4.0652722867987594e-08,1.1188725645894087e-09,0.0002600050498170489,0.0003243467411590557,0.09286490677346053,0.00015635358965755716,3.449618641430182e-06,False,1e-24,False
UniGCN,random,1,21,restart,9408.996269839578,971.3569772509769,938.6410143613153,1314.6170792107055,1220.5075572667697,7.157214384806812,0.7388896680348763,0.769057929033498,0.012813278325133336,0.014438913181105182,0.013431947899566985,0.015923171986563775,0.014803434944792724,0.8046938346169583,0.9067862353863265,0.9073534588194899,False,1e-24,False
UniGCN,random,1,22,base,16.757964514473304,0.0025546397092405934,4.2884807063624845e-05,20.28914780117515,25.275572625356908,0.8259570425872043,0.00012591163188690598,1.696689831691569e-06,2.282118701385301e-05,3.797390849563861e-08,6.136813599111051e-10,0.00024575033673904006,0.0003065653242572037,0.0928632990565812,0.00015452230503335075,2.001796391676169e-06,False,1e-24,False
UniGCN,random,1,22,restart,9408.810470050526,971.3561602202668,938.6402019705446,1314.4437702458063,1220.289683761532,7.158016708688148,0.7389864688077294,0.7691945727814354,0.012813025300863628,0.014438901036202982,0.013431936274259397,0.01592107279851994,0.014800792375116053,0.8047840408125486,0.9069050320243028,0.9075146744739113,False,1e-24,False
UniGCN,random,1,23,base,15.839073632860085,0.002398727619015306,2.3564369619643106e-05,19.17686787317919,23.88996057474237,0.8259468510503035,0.0001250844316641599,9.863712225861311e-07,2.1569830941550298e-05,3.56563247572496e-08,3.3720600333297134e-10,0.00023227795389025178,0.00028975935060479325,0.09286215321038065,0.000153507141595094,1.1637450271376786e-06,False,1e-24,False
UniGCN,random,1,23,restart,9408.649873029044,971.3556289297451,938.6396745563538,1314.293242691188,1220.1000875698046,7.158714332095019,0.7390707015587837,0.769313668705603,0.012812806598009952,0.014438893138737996,0.013431928726965145,0.015919249548100627,0.014798492778629898,0.8048624754135276,0.907008404831542,0.9076551867742794,False,1e-24,False
UniGCN,random,1,24,base,14.970648797516732,0.0022590500476992155,1.296937538605094e-05,18.12560093823941,22.58033631126502,0.8259394460093898,0.00012463311177359748,5.743659087832406e-07,2.0387200106061383e-05,3.3580061989993484e-08,1.8559169246817673e-10,0.00021954458500774473,0.00027387502652086496,0.09286132065312472,0.00015295326909934442,6.776510250891297e-07,False,1e-24,False
UniGCN,random,1,24,restart,9408.510648181158,971.3552819218205,938.6393310718595,1314.1622898060264,1219.9349070626286,7.159321737629437,0.7391440839968061,0.7694175530495514,0.01281261700002579,0.01443888798057533,0.013431923811703866,0.01591766339396834,0.014796489317956862,0.8049307667154755,0.9070984618286776,0.9077777520781924,False,1e-24,False
UniGCN,random,1,25,base,14.149887126993358,0.0021310947809238708,7.148621799936641e-06,17.131983162069883,21.34251986337152,0.8259339851746488,0.00012439276648614173,3.349474122877709e-07,1.9269477511492144e-05,3.1678047559353333e-08,1.0229673975603237e-10,0.00020750948597468363,0.0002588616534770955,0.09286070668520205,0.00015265831058546443,3.951791946854877e-07,False,1e-24,False
UniGCN,random,1,25,restart,9408.389683345102,971.3550544579261,938.6391067833398,1314.0482251574442,1219.7908699219656,7.159851140332254,0.7392080715618654,0.7695082246708305,0.012812452268733792,0.014438884599396731,0.013431920602136348,0.015916281796965165,0.014794742303422832,0.8049902880694663,0.9071769891728019,0.9078847286869477,False,1e-24,False
UniGCN,random,1,26,base,13.374154240472613,0.0020122782131548273,3.945499712242837e-06,16.192844000388583,20.172566966318662,0.8259299132475847,0.0001242695979227947,1.9558738948942302e-07,1.8213075628029728e-05,2.991187698903493e-08,5.646007979809246e-11,0.0001961342538806756,0.00024467139181351427,0.0928602488737649,0.00015250715465149066,2.307588123793634e-07,False,1e-24,False
UniGCN,random,1,26,restart,9408.284408668367,971.3549049017099,938.6389599990179,1313.9487764443727,1219.6651834200495,7.160312926450429,0.7392639061092297,0.7695874021483426,0.01281230890447953,0.014438882376291042,0.013431918501653485,0.01591507723406459,0.014793217862264335,0.8050422072131761,0.9072455109037169,0.9079781442222007,False,1e-24,False
UniGCN,random,1,27,base,12.640968678930754,0.00190106545598149,2.180223142173011e-06,15.305191546444513,19.06675315834722,0.8259268523736526,0.0001242104974781004,1.1434684888751144e-07,1.721461517650218e-05,2.825873464995205e-08,3.119898151374135e-11,0.0001853826495451128,0.00023125906784231517,0.09285990473619275,0.00015243462491928243,1.3490922455423232e-07,False,1e-24,False
UniGCN,random,1,27,restart,9408.1926743134,971.3548063081682,938.6388637509647,1313.8620072695246,1219.5554510427953,7.160715982544893,0.7393126530287935,0.7696565686688297,0.012812183979589727,0.014438880910729337,0.01343191712434436,0.01591402625084211,0.014791886927360779,0.8050875232728584,0.9073053344979424,0.908059748584147,False,1e-24,False
UniGCN,random,1,28,base,11.947989985664831,0.0017964938713198183,1.2060563494982815e-06,14.466200522214613,18.021560107057525,0.8259245381893634,0.00012418560551273177,6.692297128182431e-08,1.6270908896304575e-05,2.6704311232504005e-08,1.7258659916353334e-11,0.000175220452061708,0.00021858200800159964,0.09285964454979487,0.00015240407679749312,7.895736741620118e-08,False,1e-24,False
UniGCN,random,1,28,restart,9408.112663248077,971.3547411539666,938.6388005331147,1313.786257927027,1219.4596075845577,7.1610679488250835,0.7393552301929464,0.7697170080051455,0.012812075019609334,0.014438879942232809,0.013431916219697264,0.015913108744271157,0.01479072445000416,0.805127095246036,0.9073575863943565,0.9081310563995723,False,1e-24,False
UniGCN,random,1,29,base,11.293008972620324,0.0016979150855552204,6.678140771213099e-07,13.673201934722373,17.03366342294797,0.8259227814036978,0.00012417830831880388,3.920554613176295e-08,1.537894828997306e-05,2.523896886868833e-08,9.556415874917184e-12,0.0001656153335116566,0.0002065998910467959,0.0928594470323645,0.00015239512147534285,4.625566754414506e-08,False,1e-24,False
UniGCN,random,1,29,restart,9408.04282738314,971.3546979981364,938.6387589477664,1313.720099491428,1219.3758675472734,7.161375418572963,0.7393924309859996,0.7697698338378645,0.012811979916332763,0.01443887930073509,0.013431915624611152,0.015912307406630667,0.014789708774036542,0.8051616644229737,0.9074032402565574,0.9081933816162081,False,1e-24,False
UniGCN,random,1,30,base,10.673939367920337,0.0016048554076443166,3.701033659248583e-07,12.923673850461078,16.09992154261467,0.825921443966146,0.00012417950392543063,2.298789872641532e-08,1.4535892248694978e-05,2.385566629148352e-08,5.296177188613113e-12,0.00015653674721973203,0.0001952746132159097,0.09285929666272427,0.0001523965887575082,2.7121688279865022e-08,False,1e-24,False
UniGCN,random,1,30,restart,9407.981839583288,971.3546693469434,938.6387315555404,1313.662297459962,1219.3026833720235,7.1616440981629275,0.7394249429439445,0.7698160139857174,0.012811896862452037,0.014438878874844198,0.013431915232628544,0.015911607285125508,0.014788821129244137,0.8051918723778997,0.9074431398481003,0.9082478660903958,False,1e-24,False
UniGCN,random,1,31,base,10.088810396914042,0.001516940405388487,2.0527322872669015e-07,12.215232977074397,15.217365440579734,0.8259204237732318,0.00012418432036748604,1.3489406528891895e-08,1.3739056949096079e-05,2.254883768509301e-08,2.9374588061325115e-12,0.0001479558257882073,0.00018457016344514238,0.09285918196126305,0.0001524024996310098,1.5915133580111812e-08,False,1e-24,False
UniGCN,random,1,31,restart,9407.928556716333,971.3546502790001,938.6387134901938,1313.6117824308737,1219.2387111153337,7.16187893755544,0.7394533630639962,0.7698563906583535,0.012811824301236719,0.014438878591405272,0.01343191497411353,0.01591099542673054,0.014788045215047996,0.8052182756405547,0.9074780178208016,0.9082955034817923,False,1e-24,False
UniGCN,random,1,32,base,9.535760041260499,0.0014338542080485571,1.1393298066173927e-07,11.54562687125683,14.383189025031042,0.8259196445192635,0.00012419024311431526,7.921260053209472e-09,1.2985906673384083e-05,2.1313787731228882e-08,1.6303803444303504e-12,0.00013984528671580462,0.0001744525068796154,0.09285909434884428,0.00015240976819292471,9.34569742557743e-09,False,1e-24,False
UniGCN,random,1,32,restart,9407.881990560316,971.3546375549535,938.638701562621,1313.567626088367,1219.1827818898673,7.162084238156631,0.7394782105337971,0.7698916975415514,0.012811760886914885,0.014438878402266358,0.013431914803430027,0.015910460587310642,0.014787366854110553,0.8052413578229709,0.9075085113363756,0.9083371594109236,False,1e-24,False
UniGCN,random,1,33,base,9.013028825210554,0.0013553175638056103,6.32767116303279e-08,10.912726663554647,13.594740125794116,0.8259190487480518,0.00012419605160019073,4.654499537675545e-09,1.2274045347436555e-05,2.0146365440230853e-08,9.054894052896364e-13,0.0001321793442775514,0.00016488947556722824,0.0928590273656026,0.00015241689653057534,5.491493026918222e-09,False,1e-24,False
UniGCN,random,1,33,restart,9407.841284441076,971.3546290383817,938.6386936793491,1313.5290212791365,1219.1338778594527,7.162263742965925,0.739499937422365,0.7699225743176006,0.012811705452857905,0.014438878275670222,0.01343191469062045,0.015909992990299614,0.01478677370118129,0.8052615397548729,0.9075351751866679,0.9083735885906873,False,1e-24,False
UniGCN,random,1,34,base,8.518954036007395,0.001281075991161853,3.516317777037701e-08,10.314520230645355,12.849512012431214,0.8259185929653642,0.00012420121949595507,2.7365379896418263e-09,1.1601208670076538e-05,1.9042788025400638e-08,5.031848859878475e-13,0.00012493362682467724,0.00015585066558238597,0.09285897612143149,0.00015242323871797863,3.2286348223636763e-09,False,1e-24,False
UniGCN,random,1,34,restart,9407.80569415084,971.3546233177606,938.6386884640777,1313.4952653077353,1219.091111896967,7.162420712606613,0.739518937733045,0.7699495790790476,0.01281165698559515,0.014438878190635003,0.013431914615989943,0.015909584124366945,0.014786254996368904,0.805279188031883,0.907558492903694,0.9084054494723953,False,1e-24,False
UniGCN,random,1,35,base,8.051964317757513,0.0012108933360099935,1.955047573121768e-08,9.749105768095331,12.14513539716166,0.8259182441232877,0.00012420557995921342,1.6097371574619634e-09,1.0965256750944428e-05,1.7999545130883074e-08,2.7976720323919326e-13,0.0001180850989352632,0.00014730734003008295,0.09285893690071613,0.00015242859000144302,1.8992074881133523e-09,False,1e-24,False
UniGCN,random,1,35,restart,9407.774572140715,971.354619458955,938.6386850107748,1313.4657458100035,1219.0537102336025,7.162557989922317,0.7395355551201898,0.7699731989912956,0.012811614603287162,0.014438878133275082,0.013431914566573196,0.015909226572311086,0.014785801354695694,0.805294622278175,0.9075788862297652,0.9084333168257716,False,1e-24,False
UniGCN,random,1,36,base,7.61057459673986,0.0011445482042976558,1.0874999591931473e-08,9.214685729391917,11.479370887105999,0.8259179770466342,0.00012420914157136267,9.473515316197882e-10,1.0364167199726169e-05,1.701334580435482e-08,1.5562118604632744e-13,0.00011161198800135556,0.00013923233749979822,0.09285890687298118,0.0001524329609123008,1.1177086360886024e-09,False,1e-24,False
UniGCN,random,1,36,restart,9407.747354272311,971.3546168427724,938.638682722254,1313.4399287239194,1219.0209975829625,7.1626780551832825,0.7395500895016174,0.7699938594850768,0.012811577537683853,0.01443887809438636,0.013431914533824476,0.015908913865357546,0.014785404585668958,0.8053081213533817,0.9075967232324852,0.9084576925844572,False,1e-24,False
UniGCN,random,1,37,base,7.193381307111072,0.0010818319112998554,6.051789568427916e-09,8.709561104527493,10.85010185631662,0.8259177725237768,0.000124211989366202,5.577633877146266e-10,9.796028624464223e-06,1.6081088013610584e-08,8.660107638443384e-14,0.00010549371492886981,0.0001315999856109461,0.0928588838782414,0.00015243645580642807,6.580629624113775e-10,False,1e-24,False
UniGCN,random,1,37,restart,9407.723548610093,971.3546150581241,938.6386812044527,1313.4173479898152,1218.9923843347756,7.162783073490395,0.7395628027487089,0.7700119322047148,0.012811545118861805,0.01443887806785813,0.013431914512104749,0.015908640358403767,0.014785057537954609,0.8053199286822825,0.9076123252877965,0.9084790152235649,False,1e-24,False
UniGCN,random,1,38,base,6.799057892685597,0.0010225472225042639,3.3690153878484432e-09,8.232126015946463,10.255327711880277,0.8259176158765223,0.00012421423342202077,3.285136743066348e-10,9.259034505830499e-06,1.5199839930222173e-08,4.821059219664625e-14,9.971082868152206e-05,0.0001243860193379919,0.09285886626621064,0.00015243920977500543,3.8758851238453463e-10,False,1e-24,False
UniGCN,random,1,38,restart,9407.70272586947,971.354613831629,938.6386801970697,1313.3975966926037,1218.967355494658,7.162874935632543,0.7395739235991394,0.7700277418964754,0.012811516762216375,0.014438878049626668,0.013431914497689103,0.015908401122730176,0.014784753965228478,0.8053302568484443,0.9076259731090239,0.9084976678867264,False,1e-24,False
UniGCN,random,1,39,base,6.4263505647591135,0.0009665075030617775,1.876162920492061e-09,7.7808626125562315,9.693157530999624,0.825917495881331,0.00012421598364969108,1.935553935332131e-10,8.751477420081946e-06,1.4366827286391144e-08,2.6847881366334843e-14,9.424494443503186e-05,0.00011756750383514188,0.09285885277501345,0.00015244135770375433,2.2836141357548996e-10,False,1e-24,False
UniGCN,random,1,39,restart,9407.684511228636,971.3546129811597,938.6386795279938,1313.3803194176323,1218.9454611075087,7.162955293406642,0.7395836519096535,0.7700415723892733,0.01281149195731095,0.014438878036984713,0.01343191448811463,0.015908191853411243,0.014784488410022455,0.8053392915652914,0.907637911966,0.9085139854422752,False,1e-24,False
UniGCN,random,1,40,base,6.074074298818978,0.0009135360761617694,1.045133772718306e-09,7.354336244469111,9.161804047894137,0.8259174039515851,0.0001242173386957663,1.1407510652430212e-10,8.271743587335236e-06,1.3579423837400571e-08,1.495585870257571e-14,8.907868513165103e-05,0.00011112276150396283,0.09285884243924651,0.0001524430206545066,1.3458861623090925e-10,False,1e-24,False
UniGCN,random,1,40,restart,9407.668577277458,971.3546123851393,938.6386790833205,1313.365205635745,1218.9263079488087,7.163025590223093,0.7395921623452383,0.7700536717948503,0.012811470258274687,0.014438878028125058,0.013431914481751359,0.015908008789192647,0.014784256102948964,0.8053471951171134,0.9076483562125218,0.9085282606185467,False,1e-24,False
UniGCN,random,1,41,base,5.741109055017577,0.0008634656882727993,5.823631182434079e-10,6.95119090258064,8.659577970889018,0.8259173335156399,0.0001242183821986872,6.725075057943276e-11,7.818307724564299e-06,1.283514341258791e-08,8.333613110010298e-15,8.419562624249805e-05,0.00010503130306582492,0.09285883452005228,0.00015244430127071522,7.934408949289601e-11,False,1e-24,False
UniGCN,random,1,41,restart,9407.654637924203,971.354611962227,938.6386787876047,1313.3519839665357,1218.9095523044566,7.163087087675888,0.7395996075846923,0.7700642570345151,0.012811451275504602,0.0144388780218386,0.013431914477519666,0.015907848643005516,0.014784052875128172,0.8053541093463719,0.9076574932203164,0.9085407493446358,False,1e-24,False
UniGCN,random,1,42,base,5.426396208798859,0.0008161380305106218,3.2458218357484457e-10,6.57014490822055,8.18488261133999,0.825917279542703,0.000124219182668174,3.965630284362815e-11,7.389728184786878e-06,1.2131632800632348e-08,4.644769312442139e-15,7.958024355887293e-05,9.927376241657593e-05,0.092858828451813,0.0001524452836294406,4.678748139867613e-11,False,1e-24,False
UniGCN,random,1,42,restart,9407.642443115588,971.3546116578558,938.6386785908327,1313.3404171946527,1218.8948936885733,7.16314088864385,0.7396061211096419,0.7700735177832767,0.012811434668475284,0.01443887801731422,0.01343191447470386,0.015907708541601895,0.01478387508199177,0.8053601582509998,0.9076654868017989,0.9085516754037828,False,1e-24,False
UniGCN,random,1,43,base,5.128935179253614,0.0007714032919395326,1.8094796231683505e-10,6.209986839057284,7.736208807160378,0.8259172381808493,0.00012421979497409638,2.3389746428425718e-11,6.984642365520322e-06,1.1466665109521087e-08,2.589364373797714e-15,7.521786384517057e-05,9.383183505442211e-05,0.09285882380145227,0.00015244603506853397,2.759579808170534e-11,False,1e-24,False
UniGCN,random,1,43,restart,9407.631774251997,971.3546114353029,938.6386784598266,1313.330297934394,1218.8820693719,7.163187957399841,0.739611819633682,0.7700816199089013,0.012811420139495286,0.014438878014006042,0.013431914472829163,0.015907585973042558,0.014783719536918365,0.8053654502453027,0.9076724801911846,0.9085612344908578,False,1e-24,False
UniGCN,random,1,44,base,4.847780243747262,0.0007291197340077855,1.0089539732083258e-10,5.86957167826299,7.312130124723768,0.8259172064803693,0.00012422026239290382,1.3798359110115553e-11,6.60176237090542e-06,1.0838133440666888e-08,1.4438125964926799e-15,7.10946181960149e-05,8.868821988420354e-05,0.09285882023733089,0.00015244660869807446,1.627964343379318e-11,False,1e-24,False
UniGCN,random,1,44,restart,9407.622440199835,971.3546112697597,938.6386783725598,1313.321444854186,1218.8708496123375,7.163229137132025,0.739616805219842,0.770088708472349,0.012811407428276701,0.014438878011545295,0.013431914471580375,0.0159074787409664,0.014783583453385091,0.8053700801298944,0.9076785986431007,0.9085695977523488,False,1e-24,False
UniGCN,random,1,45,base,4.582037528183068,0.000689153281824678,5.6268979874660284e-11,5.5478171746913665,6.911298323839446,0.8259171821821928,0.00012422061869099294,8.141593263391512e-12,6.239870913012557e-06,1.0244044813371654e-08,8.052088013142006e-16,6.719739794926557e-05,8.382656421245728e-05,0.09285881750545899,0.00015244704595713613,9.605651965806567e-12,False,1e-24,False
UniGCN,random,1,45,restart,9407.614273818934,971.3546111443873,938.6386783144002,1313.3136993857927,1218.8610334948175,7.163265165221883,0.739621167127601,0.7700949103468006,0.012811396307206142,0.014438878009681673,0.013431914470748112,0.015907384924731014,0.01478346439450975,0.8053741308094219,0.907683951699297,0.9085769148763552,False,1e-24,False
UniGCN,random,1,46,base,4.330862162975877,0.0006513771309543497,3.1386219322235745e-11,5.2437004025067075,6.5324390713558484,0.8259171635560156,0.000124220890011749,4.804670809692121e-12,5.8978174388143345e-06,9.682514319941049e-09,4.491366307783917e-16,6.351381301485837e-05,7.923141175806908e-05,0.0928588154112965,0.0001524473789296185,5.668668786942962e-12,False,1e-24,False
UniGCN,random,1,46,restart,9407.607128935466,971.35461104769,938.6386782756208,1313.3069228540487,1218.852445300746,7.163296686574276,0.7396249834248679,0.7701003365046506,0.012811386577222427,0.0144388780082443,0.01343191447019318,0.015907302844646906,0.014783360229016078,0.8053776747912793,0.9076886351669128,0.9085833167908371,False,1e-24,False
UniGCN,random,1,47,base,4.093455595443919,0.0006156713696017506,1.7509520942997744e-11,4.95625450934179,6.174347889749629,0.8259171492764092,0.0001242210964835045,2.8358494298752187e-12,5.574514470170112e-06,9.151759509598825e-09,2.505611511262932e-16,6.003215248718252e-05,7.488815351304619e-05,0.09285881380582395,0.0001524476323175788,3.345804902008208e-12,False,1e-24,False
UniGCN,random,1,47,restart,9407.600877701272,971.3546109717665,938.638678249752,1313.3009939719777,1218.8449313382498,7.163324265253701,0.7396283223954466,0.770105084015207,0.012811378064220478,0.01443887800711572,0.013431914469822998,0.015907231031637326,0.014783269092788098,0.805380775493886,0.9076927328457572,0.9085889180205515,False,1e-24,False
UniGCN,random,1,48,base,3.8690630498969045,0.0005819226164240046,9.769414334221271e-12,4.6845656426618385,5.835886327811677,0.8259171383279936,0.00012422125354045582,1.674024095991016e-12,5.268934144945042e-06,8.650095004667683e-09,1.3980026691656052e-16,5.674134741596218e-05,7.078298129708566e-05,0.092858812574881,0.00015244782506229808,1.975054799257466e-12,False,1e-24,False
UniGCN,random,1,48,restart,9407.595408288873,971.3546109111395,938.6386782324886,1313.295806653817,1218.8383571737686,7.163348394645946,0.739631243768364,0.7701092377901492,0.012811370615912355,0.014438878006214519,0.013431914469575958,0.01590716820074875,0.014783189355292305,0.8053834883891731,0.9076963180369766,0.9085938187463858,False,1e-24,False
UniGCN,random,1,49,base,3.6569711272193963,0.0005500236741874715,5.451501460304148e-12,4.42777004457673,5.515978341251237,0.8259171299328357,0.00012422137298235658,9.883108893911172e-13,4.980104948095344e-06,8.175927352291428e-09,7.801095676502379e-17,5.363093561745069e-05,6.690284385822177e-05,0.09285881163100376,0.00015244797164476662,1.1660334937382028e-12,False,1e-24,False
UniGCN,random,1,49,restart,9407.590622878546,971.3546108619731,938.6386782209634,1313.291268104893,1218.8326052134826,7.163369506334949,0.7396337997919216,0.770112872108929,0.012811364099086047,0.014438878005483676,0.013431914469411032,0.01590711322801469,0.014783119590243008,0.8053858620006182,0.9076994548611597,0.9085981066050643,False,1e-24,False
UniGCN,random,1,50,base,3.456505536228152,0.0005198731993403935,3.042369555512882e-12,4.185051305876726,5.213606871708669,0.8259171234948693,0.00012422146381105962,5.835441049500914e-13,4.707108622204893e-06,7.727750112737228e-09,4.3536292081466053e-17,5.069102841420452e-05,6.323540537995562e-05,0.0928588109071758,0.00015244808311231213,6.884796866545618e-13,False,1e-24,False
UniGCN,random,1,50,restart,9407.586435899879,971.3546108215498,938.6386782132657,1313.287297152818,1218.8275725898632,7.163387977859336,0.7396360361723046,0.7701160519520989,0.012811358397210792,0.014438878004882798,0.013431914469300879,0.015907065130242464,0.014783058549968486,0.8053879387753228,0.9077021994102259,0.9086018582622409,False,1e-24,False
UniGCN,random,1,51,base,3.267028949526597,0.0004913753873920955,1.6980537122377871e-12,3.9556377705710624,4.927810613299374,0.8259171185573312,0.00012422153288347158,3.4458583040001807e-13,4.449077247563412e-06,7.304139182657275e-09,2.429913954800255e-17,4.7912279197808405e-05,5.9769006262934476e-05,0.09285881035204271,0.00015244816787992376,4.0655083742075807e-13,False,1e-24,False
UniGCN,random,1,51,restart,9407.582772495083,971.3546107879184,938.6386782081224,1313.2838227891637,1218.8231693144946,7.163404139491474,0.7396379928939861,0.7701188341669309,0.012811353408344401,0.014438878004382876,0.013431914469227278,0.015907023047349363,0.014783005143006707,0.8053897558461887,0.907704600754248,0.9086051407877254,False,1e-24,False
UniGCN,random,1,52,base,3.087938976993671,0.00046443967382874473,9.478297773455636e-13,3.7388000826849948,4.657680956408163,0.8259171147701718,0.00012422158541710806,2.0349821858053927e-13,4.205190482440484e-06,6.903748349296483e-09,1.3563439048768337e-17,4.528585371469227e-05,5.6492626056487156e-05,0.09285880992624804,0.00015244823235068377,2.4009220309932504e-13,False,1e-24,False
UniGCN,random,1,52,restart,9407.57956717591,971.3546107596558,938.6386782046852,1313.280782894808,1218.8193166633441,7.163418280163355,0.7396397049369297,0.7701212684865504,0.01281134904330423,0.014438878003962761,0.013431914469178092,0.015906986226923544,0.014782958414520405,0.8053913456981712,0.9077067018216234,0.9086080128578818,False,1e-24,False
UniGCN,random,1,53,base,2.9186662504312118,0.0004389804501681087,5.291088085954342e-13,3.5338488675216326,4.402359099017332,0.8259171118650973,0.00012422162537923572,1.2018756232619433e-13,3.974672954736548e-06,6.525305069736571e-09,7.571544223530081e-18,4.280340198063992e-05,5.339584842216179e-05,0.09285880959962718,0.00015244828139333364,1.4180024191520354e-13,False,1e-24,False
UniGCN,random,1,53,restart,9407.576762649434,971.3546107357064,938.6386782023872,1313.278123125646,1218.8159457650486,7.16343065264735,0.7396412029036544,0.7701233984210843,0.01281134522406812,0.014438878003606761,0.013431914469145207,0.0159069540107273,0.014782917529174528,0.8053927367507588,0.9077085401686268,0.9086105258070285,False,1e-24,False
UniGCN,random,1,54,base,2.7586726132567767,0.0004149167946632053,2.9538740160328755e-13,3.340132540020963,4.161033316384406,0.8259171096364526,0.00012422165578513278,7.098895373900892e-14,3.7567917966859464e-06,6.167606467891299e-09,4.2269921384412786e-18,4.045703173475003e-05,5.046882801787366e-05,0.09285880934905809,0.0001524483187083079,8.375451351761682e-14,False,1e-24,False
UniGCN,random,1,54,restart,9407.574308791436,971.3546107152738,938.6386782008501,1313.2757959383482,1218.8129963665367,7.163441478086204,0.739642513567557,0.7701252620369754,0.012811341882376339,0.014438878003303037,0.01343191446912321,0.015906925822896656,0.014782881756164573,0.8053939538672841,0.9077101486523254,0.9086127245468903,False,1e-24,False
UniGCN,random,1,55,base,2.607449409469403,0.0003921722171029906,1.6491806203329824e-13,3.1570352332515013,3.9329363803891613,0.8259171079265824,0.00012422167892598514,4.1932552699207336e-14,3.5508543147510097e-06,5.829515541049684e-09,2.3599765864014567e-18,3.823928334849201e-05,4.770225919737915e-05,0.09285880915681542,0.00015244834710741441,4.94730569601852e-14,False,1e-24,False
UniGCN,random,1,55,restart,9407.572161748638,971.3546106977469,938.6386781998219,1313.273759738473,1218.8104157536156,7.1634509499543135,0.7396436603524186,0.7701268926385424,0.012811338958508995,0.014438878003042506,0.013431914469108498,0.015906901159622976,0.014782850456124465,0.8053950188002957,0.9077115560190439,0.9086146483707219,False,1e-24,False
UniGCN,random,1,56,base,2.4645158664362343,0.0003706744171213585,9.2081204946493e-14,2.9839748404511703,3.717343120345355,0.8259171066146137,0.0001242216965426268,2.477070368955834e-14,3.3562057872824534e-06,5.509957567215983e-09,1.3176815507174772e-18,3.6143106110115916e-05,4.508734642556361e-05,0.09285880900930928,0.0001524483687270538,2.9225085421535884e-14,False,1e-24,False
UniGCN,random,1,56,restart,9407.57028315358,971.3546106826464,938.6386781991339,1313.2719781354956,1218.8081578069805,7.163459237522058,0.739644663751767,0.7701283193640911,0.01281133640021684,0.014438878002818041,0.013431914469098652,0.015906879580129547,0.01478282306967698,0.805395950581057,0.9077127874190175,0.908616331656613,False,1e-24,False
UniGCN,random,1,57,base,2.3294175663496315,0.00035035505540798734,5.1415940821269e-14,2.8204011643943403,3.513568117522414,0.825917105607867,0.00012422170995778304,1.4633540350293496e-14,3.1722273829322575e-06,5.207916704231546e-09,7.357618383940151e-19,3.416183580903997e-05,4.2615776315486014e-05,0.09285880889611958,0.00015244838519051183,1.7265010801332014e-14,False,1e-24,False
UniGCN,random,1,57,restart,9407.568639437959,971.3546106695917,938.6386781986736,1313.2704192912777,1218.8061821766069,7.163466488885715,0.7396455416956662,0.7701295677073153,0.012811334161786179,0.014438878002623988,0.013431914469092065,0.015906860698780008,0.014782799107420018,0.8053967658602025,0.9077138648565264,0.9086178044826507,False,1e-24,False
UniGCN,random,1,58,base,2.2017250014887813,0.00033114953721093517,2.871086969218231e-14,2.6657941682027726,3.320963526047418,0.8259171048352704,0.00012422172017661432,8.645343276730816e-15,2.998334193192465e-06,4.922432771609604e-09,4.1085239186895606e-19,3.2289173548967686e-05,4.0279691198279905e-05,0.09285880880925566,0.00015244839773134971,1.0199988620729569e-14,False,1e-24,False
UniGCN,random,1,58,restart,9407.567201232,971.3546106582755,938.6386781983653,1313.2690553502264,1218.8044535596296,7.163472833617603,0.739646309871538,0.7701306599733743,0.012811332203220916,0.014438878002455776,0.013431914469087652,0.01590684417817619,0.014782778141168055,0.8053974792056967,0.9077148075836168,0.9086190931650101,False,1e-24,False
UniGCN,random,1,59,base,2.0810322086880477,0.0003129968075273766,1.6032994303826032e-14,2.5196623220403582,3.1389170132595448,0.8259171042423181,0.00012422172796310252,5.107810826504423e-15,2.8339733727986215e-06,4.652598206110568e-09,2.2943206281006187e-19,3.051916572238805e-05,3.8071664141883214e-05,0.09285880874258935,0.0001524484072871476,6.0263208341780925e-15,False,1e-24,False
UniGCN,random,1,59,restart,9407.565942839097,971.3546106484454,938.6386781981588,1313.2678619408657,1218.802941068708,7.163478385084173,0.7396469820047906,0.7701316156778495,0.012811330489527125,0.014438878002309655,0.013431914469084698,0.01590682972312095,0.014782759796291099,0.80539810336346,0.9077156324444968,0.9086202207286546,False,1e-24,False
UniGCN,random,1,60,base,1.9669554786673717,0.00029583915739236064,8.953664433847299e-15,2.3815410404361277,2.9668498129688885,0.8259171037872042,0.0001242217338980579,3.01790282565314e-15,2.678622382081209e-06,4.397555182285906e-09,1.2812689020144247e-19,2.884618508280193e-05,3.5984675339175946e-05,0.09285880869142037,0.0001524484145706922,3.560595975752843e-15,False,1e-24,False
UniGCN,random,1,60,restart,9407.564841776262,971.3546106398921,938.6386781980203,1313.2668177398525,1218.8016176795145,7.163483242473751,0.7396475701043027,0.7701324518957413,0.01281132899008721,0.014438878002182513,0.013431914469082717,0.015906817075337358,0.014782743745013321,0.8053986494853498,0.907716354176801,0.9086212073190891,False,1e-24,False
UniGCN,random,1,61,base,1.8591321361190098,0.0002796220406936234,5.0003822704315146e-15,2.2509912052679564,2.804214885430532,0.8259171034378608,0.0001242217384231572,1.7831665812813787e-15,2.531787325673868e-06,4.156492889488459e-09,7.155544356865328e-20,2.7264912854505282e-05,3.401208979045827e-05,0.0928588086521433,0.00015244842012402163,2.1038237876441036e-15,False,1e-24,False
UniGCN,random,1,61,restart,9407.563878372071,971.3546106324408,938.6386781979277,1313.2659040905978,1218.8004597474144,7.163487492570336,0.7396480846771685,0.7701331835667771,0.012811327678112406,0.014438878002071751,0.013431914469081391,0.015906806008849292,0.014782729700550907,0.8053991273285909,0.9077169856751315,0.9086220705625718,False,1e-24,False
UniGCN,random,1,62,base,1.7572193866704735,0.0002642939009616015,2.7926744207227477e-15,2.1275977697115773,2.6504951781840154,0.8259171031696875,0.0001242217418743722,1.0536425207293327e-15,2.3930013822943905e-06,3.928644957160972e-09,3.9963156036949027e-20,2.577032182305689e-05,3.214763620931669e-05,0.09285880862199226,0.00015244842435945,1.2431133591516542e-15,False,1e-24,False
UniGCN,random,1,62,restart,9407.563035414993,971.3546106259429,938.6386781978657,1313.2651046696408,1218.7994465846596,7.163491211305366,0.7396485349165602,0.7701338237625024,0.012811326530163852,0.014438878001975162,0.013431914469080505,0.015906796325940414,0.014782717411983875,0.8053995454302418,0.9077175382216086,0.9086228258812334,False,1e-24,False
UniGCN,random,1,63,base,1.6608932270566612,0.0002498060076066242,1.5597347524063109e-15,2.0109684387168296,2.505201982229032,0.8259171029638105,0.00012422174450734883,6.225984026319983e-16,2.2618233206047095e-06,3.7132870205539257e-09,2.231979597196793e-20,2.4357660352674774e-05,3.0385387084815364e-05,0.09285880859884528,0.00015244842759071315,7.34556907557775e-16,False,1e-24,False
UniGCN,random,1,63,restart,9407.562297845689,971.354610620272,938.638678197824,1313.26440519479,1218.7985600905097,7.163494465115204,0.7396489288660768,0.7701343839199477,0.01281132552573357,0.014438878001890865,0.013431914469079907,0.015906787853619063,0.014782706659769848,0.8053999112598196,0.9077180216875637,0.9086234867687639,False,1e-24,False
UniGCN,random,1,64,base,1.5698474150354627,0.00023611230109888795,8.711507082610681e-16,1.9007324218162898,2.3678733783112538,0.8259171028057478,0.00012422174651667447,3.679042622128574e-16,2.1378360964302357e-06,3.5097344193749963e-09,1.2466161979929559e-20,2.3022437279751567e-05,2.871973983662574e-05,0.0928588085810741,0.00015244843005661425,4.3406249676508894e-16,False,1e-24,False
UniGCN,random,1,64,restart,9407.561652487851,971.3546106153201,938.6386781977963,1313.2637931697946,1218.797784427646,7.163497312128767,0.7396492735635266,0.7701348740460551,0.012811324646877915,0.014438878001817257,0.013431914469079511,0.015906780440525608,0.014782697251819302,0.8054002313528248,0.9077184447099936,0.9086240650315995,False,1e-24,False
UniGCN,random,1,65,base,1.483792495771314,0.00022316924661067107,4.865716735960399e-16,1.7965392543013186,2.2380727683787076,0.825917102684387,0.00012422174805051087,2.1740654748617467e-16,2.0206455268778878e-06,3.3173400222270247e-09,6.962838049000212e-21,2.176040763446364e-05,2.7145399003182726e-05,0.09285880856742937,0.00015244843193898153,2.565015916024604e-16,False,1e-24,False
UniGCN,random,1,65,restart,9407.561087812704,971.3546106109936,938.6386781977775,1313.2632576609694,1218.7971057390796,7.163499803206516,0.739649575166716,0.7701353028965279,0.012811323877896866,0.014438878001752945,0.013431914469079242,0.015906773954226856,0.014782689020061962,0.8054005114275575,0.9077188148459322,0.9086245709999344,False,1e-24,False
UniGCN,random,1,66,base,1.4024548815908862,0.00021093569566384517,2.7177550924640647e-16,1.698057683017918,2.1153874875398464,0.8259171025912007,0.00012422174922170731,1.2847552084298087e-16,1.909879037136905e-06,3.1354921700421873e-09,3.889106084992386e-21,2.0567559145081366e-05,2.5657359406239252e-05,0.09285880855695232,0.00015244843337630683,1.5157857920666024e-16,False,1e-24,False
UniGCN,random,1,66,restart,9407.560593732958,971.3546106072129,938.6386781977648,1313.2627891017676,1218.7965119004807,7.163501982849487,0.7396498390635057,0.7701356781323051,0.012811323205053437,0.014438878001696746,0.01343191446907906,0.015906768278848925,0.014782681817442845,0.8054007564873205,0.9077191387075136,0.908625013712333,False,1e-24,False
UniGCN,random,1,67,base,1.3255759821848938,0.00019937275534883663,1.5180387638211836e-16,1.6049746132401541,1.9994274921104565,0.8259171025196437,0.0001242217501162458,7.592367164156815e-17,1.8051844759777575e-06,2.9636127320633613e-09,2.1723126598131273e-21,1.9440099482075508e-05,2.4250890238296007e-05,0.09285880854890709,0.00015244843447410967,8.957661506309161e-17,False,1e-24,False
UniGCN,random,1,67,restart,9407.560161422563,971.354610603908,938.6386781977566,1313.262379121807,1218.7959923034925,7.1635038899945505,0.7396500699680923,0.7701360064564653,0.012811322616328216,0.01443887800164762,0.013431914469078942,0.015906763313006382,0.014782675515294065,0.8054009709098306,0.9077194220801333,0.9086254010772519,False,1e-24,False
UniGCN,random,1,68,base,1.2529113824905052,0.00018844366470355896,8.479370631215286e-17,1.5169941132730886,1.8898241195783791,0.8259171024646926,0.0001242217507996588,4.4868570272597845e-17,1.7062289961830487e-06,2.801155268256191e-09,1.2133974842032657e-21,1.837444420146667e-05,2.2921520022316383e-05,0.09285880854272888,0.00015244843531281337,5.293704270143961e-17,False,1e-24,False
UniGCN,random,1,68,restart,9407.559783158982,971.3546106010182,938.6386781977509,1313.262020397285,1218.7955376661555,7.163505558710233,0.7396502720052518,0.770136293734,0.01281132210120456,0.014438878001604665,0.01343191446907886,0.01590675896799037,0.014782670001035508,0.8054011585254517,0.9077196700258323,0.9086257400143527,False,1e-24,False
UniGCN,random,1,69,base,1.1842300656404718,0.00017811367786239047,4.73643774366913e-17,1.4338364736206757,1.7862289165437237,0.8259171024224916,0.00012422175132190897,2.651640951392688e-17,1.6126979963507838e-06,2.6476032923557254e-09,6.777839880115976e-22,1.7367205349087637e-05,2.166502239591052e-05,0.09285880853798417,0.00015244843595373352,3.128471208686753e-17,False,1e-24,False
UniGCN,random,1,69,restart,9407.559452185214,971.354610598491,938.6386781977473,1313.261706520102,1218.7951398670411,7.163507018805481,0.7396504487840426,0.7701365450966139,0.012811321650480713,0.0144388780015671,0.013431914469078808,0.015906755166183405,0.01478266517616304,0.8054013226856376,0.9077198869737491,0.9086260365781464,False,1e-24,False
UniGCN,random,1,70,base,1.1193136785084337,0.00016834995360592105,2.645737907792871e-17,1.3552373177275383,1.6883125309083227,0.8259171023900808,0.00012422175172110094,1.567090132517969e-17,1.5242941207055986e-06,2.5024686300584604e-09,3.7860495322127086e-22,1.641518068952929e-05,2.0477402674793074e-05,0.09285880853434018,0.00015244843644363315,1.8488914792270972e-17,False,1e-24,False
UniGCN,random,1,70,restart,9407.559162589065,971.354610596281,938.6386781977445,1313.2614318833596,1218.7947918001348,7.163508296362288,0.7396506034622923,0.7701367650344112,0.012811321256105377,0.014438878001534247,0.01343191446907877,0.015906751839672474,0.014782660954488398,0.8054014663228168,0.9077200767992586,0.9086262960661688,False,1e-24,False
UniGCN,random,1,71,base,1.0579558375153064,0.00015912145096191256,1.4779098946919045e-17,1.2809467614674976,1.5957636647924534,0.8259171023651873,0.0001242217520263039,9.261458493505196e-18,1.4407363137379888e-06,2.365289867163746e-09,2.1148882695333378e-22,1.551534352552686e-05,1.9354885152796977e-05,0.09285880853154138,0.00015244843681818683,1.0926896506165602e-17,False,1e-24,False
UniGCN,random,1,71,restart,9407.558909197513,971.3546105943477,938.6386781977428,1313.2611915811765,1218.7944872478686,7.16350941420171,0.7396507388030171,0.7701369574761212,0.012811320911033874,0.01443887800150551,0.013431914469078746,0.015906748929035566,0.014782657260599217,0.805401592002787,0.9077202428932124,0.9086265231136312,False,1e-24,False
UniGCN,random,1,72,base,0.9999614724896975,0.00015039883052671442,8.255714777093767e-18,1.2107286187067037,1.5082880848499236,0.8259171023460674,0.00012422175225970124,5.473566263645993e-18,1.3617589266659484e-06,2.2356308827479493e-09,1.1813923434302778e-22,1.4664833075420343e-05,1.829390109806718e-05,0.09285880852939171,0.00015244843710461866,6.457848094276054e-18,False,1e-24,False
UniGCN,random,1,72,restart,9407.558687484274,971.3546105926566,938.6386781977415,1313.2609813210317,1218.7942207700296,7.1635103922916,0.7396508572237899,0.7701371258592883,0.01281132060910226,0.014438878001480372,0.013431914469078727,0.015906746382279936,0.014782654028511607,0.8054017019705569,0.9077203882225239,0.9086267217762329,False,1e-24,False
UniGCN,random,1,73,base,0.9451462064962728,0.00014215436119423256,4.6117576666535195e-18,1.1443596504156825,1.4256076868350867,0.825917102331381,0.00012422175243822668,3.2349416387420228e-18,1.2871108728781726e-06,2.113079462720179e-09,6.599422756533623e-23,1.3860945378096928e-05,1.7291077407271562e-05,0.0928588085277405,0.00015244843732371008,3.81666370526935e-18,False,1e-24,False
UniGCN,random,1,73,restart,9407.558493488972,971.3546105911772,938.638678197741,1313.2607973470783,1218.7939876065655,7.163511248103352,0.7396509608399285,0.7701372731916853,0.012811320344917247,0.01443887800145838,0.01343191446907872,0.01590674415391325,0.014782651200491288,0.8054017981904553,0.907720515383171,0.9086268956026184,False,1e-24,False
UniGCN,random,1,74,base,0.8933357696603923,0.00013436183199651373,2.576219639121672e-18,1.081628854943076,1.3474596114478414,0.8259171023200994,0.0001242217525748099,1.9119086147254026e-18,1.2165548296737686e-06,1.9972459893605514e-09,3.6865689268936436e-23,1.3101124696500433e-05,1.6343225881758243e-05,0.0928588085264721,0.00015244843749132888,2.255716804972063e-18,False,1e-24,False
UniGCN,random,1,74,restart,9407.558323746349,971.3546105898831,938.6386781977404,1313.2606363730365,1218.7937835925416,7.163511996924042,0.73965105150229,0.7701374021050467,0.012811320113759808,0.014438878001439144,0.013431914469078711,0.01590674220413077,0.014782648726022111,0.8054018823812256,0.9077206266465774,0.9086270476977726,False,1e-24,False
UniGCN,random,1,75,base,0.844365445125393,0.00012699646877609364,1.4391414569999357e-18,1.022336797194694,1.2735954086456889,0.8259171023114332,0.0001242217526793261,1.1299832326894807e-18,1.1498664837605706e-06,1.8877622026810917e-09,2.0594106559133467e-23,1.238295539237759e-05,1.544733309156584e-05,0.09285880852549774,0.00015244843761959411,1.3331820086392607e-18,False,1e-24,False
UniGCN,random,1,75,restart,9407.558175224382,971.3546105887506,938.6386781977399,1313.2604955234865,1218.7936050837327,7.163512652129523,0.7396511308303333,0.7701375149020856,0.0128113199115009,0.01443887800142231,0.013431914469078703,0.01590674049810424,0.014782646560903572,0.8054019560467305,0.907720724000189,0.9086271807784932,False,1e-24,False
UniGCN,random,1,76,base,0.7980795453810847,0.00012003485542549754,8.0394786873672275e-19,0.9662949745852115,1.203780247766014,0.8259171023047756,0.00012422175275931998,6.6785268343511715e-19,1.0868338181133184e-06,1.7842800296759058e-09,1.1504489705457116e-23,1.17041542464294e-05,1.4600550795062116e-05,0.09285880852474922,0.00015244843771776485,7.879490210292556e-19,False,1e-24,False
UniGCN,random,1,76,restart,9407.558045270112,971.35461058776,938.6386781977395,1313.2603722824972,1218.7934488915214,7.16351322542339,0.7396512002410521,0.7701376135976287,0.012811319734527697,0.014438878001407586,0.0134319144690787,0.015906739005359702,0.014782644666461195,0.8054020205028185,0.9077208091829803,0.9086272972219224,False,1e-24,False
UniGCN,random,1,77,base,0.7543309172985732,0.00011345485944371363,4.4911312873125125e-19,0.913325217746714,1.1377921709473893,0.8259171022996612,0.0001242217528205569,3.947233424512796e-19,1.0272564379244407e-06,1.6864704777417863e-09,6.4268064721573986e-24,1.1062563199451477e-05,1.3800186883752895e-05,0.0928588085241742,0.00015244843779291654,4.657043072165743e-19,False,1e-24,False
UniGCN,random,1,77,restart,9407.557931562262,971.3546105868935,938.6386781977396,1313.2602644486824,1218.7933122259321,7.163513727046049,0.739651260974287,0.7701376999546096,0.01281131957967905,0.014438878001394706,0.013431914469078701,0.015906737699233068,0.014782643008855595,0.8054020769008302,0.9077208837165187,0.9086273991080123,False,1e-24,False
UniGCN,random,1,78,base,0.712980474297798,0.00010723556157312843,2.508919681763317e-19,0.8632591240888303,1.0754213874763685,0.8259171022957315,0.0001242217528674435,2.3329642789147604e-19,9.709449335044769e-07,1.594022588753586e-09,3.59026272387783e-24,1.0456142491386025e-05,1.3043696823472833e-05,0.09285880852373238,0.00015244843785045708,2.7524886329901196e-19,False,1e-24,False
UniGCN,random,1,78,restart,9407.55783206974,971.354610586135,938.6386781977394,1313.260170095873,1218.793192645793,7.1635141659576504,0.7396513141148737,0.7701377755155608,0.012811319444189001,0.01443887800138343,0.013431914469078697,0.015906736556393807,0.014782641558478004,0.8054021262481658,0.9077209489321452,0.9086274882566809,False,1e-24,False
UniGCN,random,1,79,base,0.6738967541604362,0.00010135718929333666,1.4015888233948363e-19,0.8159375224096047,1.0164696068163355,0.8259171022927128,0.00012422175290334895,1.3788792247165413e-19,9.177202781066516e-07,1.506642450470811e-09,2.0056728572919603e-24,9.882964176472923e-06,1.2328675564747646e-05,0.09285880852339298,0.00015244843789452125,1.6268356213597985e-19,False,1e-24,False
UniGCN,random,1,79,restart,9407.55774501539,971.3546105854716,938.6386781977394,1313.260087538709,1218.7930880151266,7.163514549998153,0.7396513606120239,0.77013784163017,0.012811319325637395,0.01443887800137357,0.013431914469078697,0.01590673555642816,0.014782640289421329,0.8054021694262806,0.9077210059947589,0.9086275662603227,False,1e-24,False
UniGCN,random,1,80,base,0.6369555010823515,9.580105396047075e-05,7.829915749978907e-20,0.7712099668549994,0.9607494081979648,0.8259171022903935,0.00012422175293084998,8.149800232159533e-20,8.674132587611378e-07,1.4240522621337033e-09,1.1204605254041422e-24,9.341205993883227e-06,1.1652849896609083e-05,0.09285880852313223,0.0001524484379282713,9.615334749400575e-20,False,1e-24,False
UniGCN,random,1,80,restart,9407.557668844238,971.3546105848911,938.6386781977392,1313.2600153025328,1218.7929964649927,7.16351488602738,0.7396514012962789,0.7701378994793885,0.012811319221906653,0.01443887800136494,0.013431914469078694,0.015906734681474473,0.014782639179017348,0.8054022072064325,0.9077210559236238,0.9086276345122535,False,1e-24,False
UniGCN,random,1,81,base,0.6020392706368445,9.054949139225951e-05,4.374172572854082e-20,0.7289342586182044,0.9080836447670815,0.8259171022886113,0.0001242217529519172,4.816926940663085e-20,8.198639383095097e-07,1.3459894512789954e-09,6.2594386142682e-25,8.829145574348404e-06,1.1014071219553733e-05,0.09285880852293185,0.0001524484379541256,5.683128871688756e-20,False,1e-24,False
UniGCN,random,1,81,restart,9407.557602195697,971.3546105843834,938.6386781977393,1313.2599520970452,1218.7929163601038,7.163515180047546,0.7396514368943489,0.7701379500965279,0.01281131913114391,0.014438878001357394,0.013431914469078696,0.01590673391590413,0.014782638207431793,0.8054022402634576,0.9077210996105791,0.9086276942315994,False,1e-24,False
UniGCN,random,1,82,base,0.569037056392784,8.558580570996769e-05,2.4436381192335114e-20,0.6889759938581358,0.8583048803955675,0.8259171022872418,0.00012422175296805815,2.847051409176784e-20,7.749211469290603e-07,1.2722058389681647e-09,3.496844842783073e-25,8.345154964366953e-06,1.041030871466921e-05,0.09285880852277788,0.0001524484379739342,3.359021272688728e-20,False,1e-24,False
UniGCN,random,1,82,restart,9407.55754387929,971.3546105839389,938.6386781977393,1313.2598967932597,1218.7928462696125,7.163515437310484,0.7396514680420906,0.7701379943857174,0.01281131905172796,0.014438878001350786,0.013431914469078696,0.015906733246042387,0.014782637357310037,0.8054022691878252,0.907721137835966,0.9086277464850745,False,1e-24,False
UniGCN,random,1,83,base,0.5378439370005604,8.08942162587072e-05,1.3651482739382285e-20,0.6512081363998581,0.8112548573648258,0.8259171022861894,0.0001242217529804267,1.6827612944871574e-20,7.324420015304312e-07,1.2024668507747067e-09,1.9535264504927856e-25,7.887695450579675e-06,9.839642887211047e-06,0.09285880852265956,0.00015244843798911325,1.985363160925136e-20,False,1e-24,False
UniGCN,random,1,83,restart,9407.557492853355,971.35461058355,938.6386781977394,1313.2598484033317,1218.7927849415528,7.163515662411451,0.7396514952958685,0.7701380331380545,0.012811318982240262,0.014438878001345004,0.013431914469078697,0.015906732659924074,0.014782636613467086,0.8054022944961855,0.9077211712825707,0.9086277922060348,False,1e-24,False
UniGCN,random,1,84,base,0.5083607426238631,7.645980743738912e-05,7.62648702023428e-21,0.615510613858445,0.7667839932294325,0.8259171022853813,0.00012422175298990593,9.946069672260788e-21,6.922914515006062e-07,1.136550771022293e-09,1.0913498850485832e-25,7.455312667859071e-06,9.300259464103639e-06,0.0928588085225687,0.00015244843800074642,1.1734617612130971e-20,False,1e-24,False
UniGCN,random,1,84,restart,9407.557448206473,971.3546105832097,938.6386781977393,1313.2598060629157,1218.792731280477,7.1635158593712225,0.7396515191424918,0.7701380670457356,0.01281131892143963,0.014438878001339946,0.013431914469078696,0.015906732147079886,0.014782635962616348,0.8054023166405988,0.9077212005478194,0.908627832211151,False,1e-24,False
UniGCN,random,1,85,base,0.4804937396567959,7.226848127883263e-05,4.260600945729736e-21,0.5817699359022732,0.7247509052614112,0.8259171022847598,0.00012422175299717177,5.8787107608964974e-21,6.543418493470882e-07,1.0742480379031427e-09,6.096917676544074e-26,7.046631975560478e-06,8.790443625964301e-06,0.09285880852249882,0.00015244843800966325,6.935847536221755e-21,False,1e-24,False
UniGCN,random,1,85,restart,9407.557409141154,971.3546105829122,938.6386781977395,1313.2597690157238,1218.7926843278876,7.163516031707902,0.7396515400079099,0.770138096714421,0.012811318868240034,0.014438878001335524,0.0134319144690787,0.015906731698349365,0.014782635393132286,0.8054023360166096,0.9077212261544487,0.9086278672149957,False,1e-24,False
UniGCN,random,1,86,base,0.4541543327239766,6.830691262928266e-05,2.3802285096499362e-21,0.5498788334421191,0.6850219609632209,0.8259171022842824,0.0001242217530027417,3.4746747480957506e-21,6.18472544878237e-07,1.015360577235775e-09,3.406105725354031e-26,6.6603540872349684e-06,8.30857455531257e-06,0.09285880852244514,0.00015244843801649885,4.099506723660727e-21,False,1e-24,False
UniGCN,random,1,86,restart,9407.557374959615,971.3546105826516,938.6386781977393,1313.259736600017,1218.792643245114,7.163516182499776,0.7396515582648214,0.7701381226740532,0.012811318821691224,0.01443887800133165,0.013431914469078696,0.015906731305717257,0.014782634894842732,0.8054023529703133,0.9077212485598454,0.9086278978428082,False,1e-24,False
UniGCN,random,1,87,base,0.4292587830162082,6.45625067848513e-05,1.3297432795070583e-21,0.5197359175989639,0.647470853220446,0.8259171022839156,0.00012422175300701212,2.0537500227123237e-21,5.845695016295795e-07,9.597011727441574e-10,1.9028619223816288e-26,6.295250939909929e-06,7.853120283632407e-06,0.09285880852240391,0.00015244843802173964,2.4230647865506436e-21,False,1e-24,False
UniGCN,random,1,87,restart,9407.557345051306,971.3546105824238,938.6386781977393,1313.2597082367854,1218.7926072983355,7.1635163144402885,0.7396515742393318,0.7701381453883235,0.012811318780961747,0.014438878001328264,0.013431914469078696,0.01590673096217036,0.014782634458847236,0.8054023678045367,0.907721268164215,0.9086279246416629,False,1e-24,False
UniGCN,random,1,88,base,0.4057279420662537,6.1023359450205205e-05,7.428791353773717e-22,0.4912453573662891,0.6119781987435002,0.8259171022836339,0.00012422175301028674,1.2138980390194198e-21,5.52524934316625e-07,9.070928708563011e-10,1.0630596457426085e-26,5.950161789804857e-06,7.422632820904939e-06,0.09285880852237224,0.0001524484380257583,1.4321867609409841e-21,False,1e-24,False
UniGCN,random,1,88,restart,9407.557318882005,971.3546105822244,938.6386781977392,1313.2596834194037,1218.7925758454696,7.163516429886167,0.7396515882167776,0.7701381652629535,0.012811318745324096,0.0144388780013253,0.013431914469078694,0.015906730661572232,0.014782634077358034,0.8054023807842494,0.9077212853177304,0.9086279480902402,False,1e-24,False
UniGCN,random,1,89,base,0.38348700011832304,5.7678218892203285e-05,4.1502061305039207e-22,0.46431657494207923,0.5784311585217046,0.8259171022834169,0.00012422175301279802,7.174935287218267e-22,5.222369661615661e-07,8.573684181300983e-10,5.938942754949109e-27,5.623989522069757e-06,7.015743552127431e-06,0.09285880852234783,0.00015244843802884024,8.465165111612728e-22,False,1e-24,False
UniGCN,random,1,89,restart,9407.55729598428,971.3546105820499,938.6386781977394,1313.259661704585,1218.7925483247063,7.163516530899501,0.7396516004468233,0.7701381826529438,0.012811318714141711,0.014438878001322706,0.013431914469078697,0.015906730398553594,0.014782633743560978,0.8054023921412945,0.9077213003267874,0.9086279686073784,False,1e-24,False
UniGCN,random,1,90,base,0.3624652482912883,5.451645016816617e-05,2.3185805705310213e-22,0.4388639577619253,0.5467230790830765,0.8259171022832508,0.00012422175301472402,4.240868291895731e-22,4.936093050044352e-07,8.103697295178992e-10,3.3178875574185104e-27,5.315697162814017e-06,6.6311588861830365e-06,0.09285880852232917,0.00015244843803120388,5.003480710335265e-22,False,1e-24,False
UniGCN,random,1,90,restart,9407.557275949122,971.3546105818973,938.6386781977393,1313.2596427044584,1218.7925242444694,7.163516619284583,0.7396516111479222,0.7701381978689131,0.012811318686857608,0.014438878001320439,0.013431914469078696,0.015906730168416403,0.014782633451493781,0.8054024020785309,0.9077213134594778,0.9086279865595532,False,1e-24,False
UniGCN,random,1,91,base,0.3425958537794848,5.152800131505336e-05,1.295315883452802e-22,0.4148065863177194,0.5167531534193174,0.8259171022831228,0.00012422175301620138,2.5066434038801557e-22,4.665509371689939e-07,7.659473857793621e-10,1.853596337025423e-27,5.024304582336716e-06,6.267656143228074e-06,0.09285880852231478,0.00015244843803301694,2.957399536074027e-22,False,1e-24,False
UniGCN,random,1,91,restart,9407.557258418676,971.3546105817636,938.6386781977393,1313.2596260796454,1218.7925031746388,7.16351669662015,0.7396516205112162,0.7701382111826489,0.012811318662984445,0.014438878001318451,0.013431914469078696,0.015906729967049966,0.014782633195939554,0.8054024107734574,0.9077213249503763,0.9086280022674261,False,1e-24,False
UniGCN,random,1,92,base,0.32381564737641777,4.8703371392057086e-05,7.236524723981254e-23,0.3920679768966123,0.48842610049800333,0.8259171022830242,0.00012422175301733475,1.4816007409519747e-22,4.409758381100958e-07,7.239601584447536e-10,1.03554630129372e-27,4.748885379077183e-06,5.924079667521977e-06,0.09285880852230369,0.00015244843803440786,1.7480289925386596e-22,False,1e-24,False
UniGCN,random,1,92,restart,9407.557243079807,971.3546105816466,938.6386781977393,1313.2596115331937,1218.7924847388667,7.1635167642875635,0.7396516287039524,0.7701382228319599,0.012811318642095799,0.014438878001316713,0.013431914469078696,0.015906729790857478,0.014782632972333603,0.8054024183813825,0.9077213350047331,0.9086280160115697,False,1e-24,False
UniGCN,random,1,93,base,0.30606492264586166,4.6033580275015136e-05,4.0428271453990995e-23,0.3705758384223502,0.461651862343077,0.8259171022829486,0.0001242217530182042,8.757307129402781e-23,4.1680269892260196e-07,6.842745608184811e-10,5.7852834846456755e-28,4.488563934379241e-06,5.5993371533417e-06,0.09285880852229518,0.00015244843803547485,1.0332086327741493e-22,False,1e-24,False
UniGCN,random,1,93,restart,9407.557229658536,971.3546105815445,938.6386781977393,1313.2595988052758,1218.7924686078538,7.1635168234954945,0.739651635872469,0.7701382330249253,0.01281131862381856,0.014438878001315195,0.013431914469078696,0.01590672963669181,0.014782632776681886,0.8054024250381983,0.9077213438021388,0.9086280280374811,False,1e-24,False
UniGCN,random,1,94,base,0.2892872461018723,4.35101401066128e-05,2.2586091016184735e-23,0.350261842625928,0.4363453177205925,0.8259171022828906,0.0001242217530188713,5.17619648909523e-23,3.939546678423577e-07,6.467644235954069e-10,3.2320684174524225e-28,4.242512628705523e-06,5.292396172299859e-06,0.09285880852228867,0.00015244843803629356,6.107003920773939e-23,False,1e-24,False
UniGCN,random,1,94,restart,9407.557217915133,971.3546105814551,938.6386781977392,1313.259587668546,1218.7924544934688,7.163516875301511,0.7396516421448092,0.7701382419436116,0.012811318607826258,0.014438878001313864,0.013431914469078694,0.015906729501799246,0.01478263260548968,0.8054024308628082,0.9077213514997314,0.9086280385599664,False,1e-24,False
UniGCN,random,1,95,base,0.27342927779423504,4.112502831160863e-05,1.2618209430074671e-23,0.3310614068148885,0.41242601151945735,0.8259171022828458,0.00012422175301938322,3.0595086337029866e-23,3.723591059174124e-07,6.113104937407423e-10,1.805665095147295e-28,4.009949210451652e-06,5.002280891026195e-06,0.09285880852228363,0.00015244843803692177,3.6096835313397827e-23,False,1e-24,False
UniGCN,random,1,95,restart,9407.55720763984,971.3546105813767,938.6386781977394,1313.259577924081,1218.792442143602,7.163516920630969,0.7396516476330092,0.7701382497473233,0.012811318593833249,0.0144388780013127,0.013431914469078697,0.015906729383770357,0.014782632455699172,0.8054024359592512,0.9077213582350053,0.9086280477669774,False,1e-24,False
UniGCN,random,1,96,base,0.25844060172894656,3.8870662091293546e-05,7.049445922055203e-24,0.3129134885506354,0.3898178989668124,0.8259171022828117,0.00012422175301977603,1.8083946223965885e-23,3.5194735607269916e-07,5.778000553582778e-10,1.008775334735286e-28,3.7901343089950984e-06,4.7280689687771305e-06,0.09285880852227979,0.00015244843803740384,2.1335884510081414e-23,False,1e-24,False
UniGCN,random,1,96,restart,9407.557198649114,971.3546105813082,938.6386781977392,1313.2595693978255,1218.7924313376604,7.1635169602935385,0.7396516524350989,0.7701382565754497,0.012811318581589575,0.01443887800131168,0.013431914469078694,0.015906729280496915,0.0147826323246348,0.8054024404185595,0.9077213641282652,0.9086280558229689,False,1e-24,False
UniGCN,random,1,97,base,0.24427356558460214,3.673987431609653e-05,3.938339042277556e-24,0.2957603915810009,0.3684491038648538,0.8259171022827851,0.00012422175302007757,1.0688963552811703e-23,3.3265452483398467e-07,5.461265713416179e-10,5.635761064915473e-29,3.5823690840722005e-06,4.4688886251102306e-06,0.09285880852227682,0.0001524484380377739,1.2611102083074312e-23,False,1e-24,False
UniGCN,random,1,97,restart,9407.55719078237,971.3546105812483,938.6386781977393,1313.259561937485,1218.79242188263,7.163516994997672,0.7396516566368527,0.7701382625499541,0.012811318570876555,0.01443887800131079,0.013431914469078696,0.015906729190134264,0.01478263220995552,0.8054024443203851,0.907721369284776,0.9086280628718362,False,1e-24,False
UniGCN,random,1,98,base,0.2308831292151106,3.4725890739693515e-05,2.2002477483306686e-24,0.2795475824110787,0.34825169008047907,0.825917102282765,0.00012422175302030907,6.317981537497214e-24,3.144192760171405e-07,5.161893446691406e-10,3.148553352084922e-29,3.385993004010158e-06,4.2239158683010735e-06,0.09285880852227456,0.00015244843803805802,7.45411000184367e-24,False,1e-24,False
UniGCN,random,1,98,restart,9407.55718389909,971.3546105811959,938.6386781977392,1313.2595554098025,1218.792413609625,7.163517025363249,0.7396516603133222,0.7701382677775527,0.012811318561502825,0.014438878001310012,0.013431914469078694,0.01590672911106834,0.01478263210961293,0.8054024477344217,0.907721373796643,0.9086280690394855,False,1e-24,False
UniGCN,random,1,99,base,0.21822672145709207,3.282230846217899e-05,1.2292234809095922e-24,0.26422351692916396,0.3291614455612707,0.8259171022827494,0.0001242217530204867,3.7344090490718855e-24,2.971836357268258e-07,4.878931982658796e-10,1.7590181443047845e-29,3.200381745750532e-06,3.992371875691024e-06,0.0928588085222728,0.000152448438038276,4.405947639835838e-24,False,1e-24,False
UniGCN,random,1,99,restart,9407.557177876331,971.35461058115,938.6386781977394,1313.2595496981821,1218.7924063708742,7.163517051932657,0.7396516635301759,0.7701382723516206,0.012811318553300963,0.01443887800130933,0.013431914469078697,0.015906729041886895,0.01478263202181472,0.8054024507216508,0.9077213777444565,0.9086280744360833,False,1e-24,False
UniGCN,random,1,100,base,0.20626410478672022,3.10230755738298e-05,6.867370384693461e-25,0.2497394765366047,0.311117678191158,0.8259171022827373,0.00012422175302062306,2.2073224590195058e-24,2.808928080446327e-07,4.6114817241453315e-10,9.827203350686384e-30,3.024945209987944e-06,3.773520517637487e-06,0.09285880852227144,0.00015244843803844334,2.6042533238533883e-24,False,1e-24,False
UniGCN,random,1,100,restart,9407.55717260651,971.3546105811098,938.6386781977395,1313.259544700603,1218.7924000370797,7.1635170751804775,0.7396516663448726,0.7701382763538589,0.01281131854612446,0.014438878001308733,0.0134319144690787,0.0159067289813542,0.014782631944992653,0.8054024533354299,0.9077213811987317,0.9086280791580225,False,1e-24,False
UniGCN,random,1,101,base,0.19495724739572015,2.9322471914744002e-05,3.836645099968151e-25,0.2360494132605845,0.2940630228367358,0.8259171022827282,0.00012422175302072766,1.3047016462516139e-24,2.65495000820723e-07,4.358692387536025e-10,5.490237087814287e-30,2.8591256451136685e-06,3.5666660171947117e-06,0.09285880852227041,0.0001524484380385717,1.5393190899697757e-24,False,1e-24,False
UniGCN,random,1,101,restart,9407.557167995496,971.3546105810748,938.6386781977394,1313.2595403277987,1218.792394495108,7.163517095521959,0.739651668807689,0.7701382798557552,0.012811318539845127,0.014438878001308211,0.013431914469078697,0.01590672892838903,0.014782631877774538,0.8054024556224461,0.9077213842211694,0.908628083289646,False,1e-24,False
UniGCN,random,1,102,base,0.18427020227982577,2.771509088918613e-05,2.143448971595485e-25,0.22310980335741723,0.27794325897079863,0.8259171022827211,0.00012422175302080802,7.711822116256758e-25,2.509412610151118e-07,4.1197602995340533e-10,3.0672743329292078e-30,2.7023958739997237e-06,3.371150738084757e-06,0.09285880852226962,0.00015244843803867035,9.098597396661681e-25,False,1e-24,True
UniGCN,random,1,102,restart,9407.557163960932,971.3546105810439,938.6386781977393,1313.2595365016623,1218.7923896459683,7.1635171133204425,0.739651670962615,0.7701382829198603,0.012811318534350812,0.014438878001307753,0.013431914469078696,0.015906728882045324,0.014782631818959724,0.80540245762355,0.9077213868657553,0.9086280869047525,False,1e-24,False
UniGCN,random,1,103,base,0.17416899295529023,2.6195822276821786e-05,1.197500584892936e-25,0.2108795089409243,0.2627071382932737,0.8259171022827156,0.00012422175302086971,4.558310035550323e-25,2.3718531906510905e-07,3.8939258421053404e-10,1.713622697057144e-30,2.554257617986001e-06,3.186353093926087e-06,0.09285880852226899,0.00015244843803874605,5.378006286634391e-25,False,1e-24,True
UniGCN,random,1,103,restart,9407.557160430746,971.354610581017,938.6386781977393,1313.2595331538528,1218.7923854030464,7.163517128893835,0.7396516728481418,0.7701382856009047,0.012811318529543366,0.014438878001307354,0.013431914469078696,0.015906728841495306,0.014782631767497676,0.8054024593744844,0.9077213891797271,0.9086280900679146,False,1e-24,False
UniGCN,random,1,104,base,0.16462150544011797,2.4759835986195648e-05,6.690221723970969e-26,0.19931964719598216,0.24830622180152281,0.8259171022827114,0.0001242217530209172,2.6943431684602027e-25,2.2418344178413061e-07,3.6804710374846205e-10,9.573703711857832e-31,2.4142399127420314e-06,3.0116855720727746e-06,0.09285880852226852,0.00015244843803880433,3.1788523345977276e-25,False,1e-24,True
UniGCN,random,1,104,restart,9407.557157341895,971.3546105809935,938.6386781977393,1313.2595302245713,1218.7923816905557,7.163517142520317,0.7396516744979486,0.7701382879467771,0.012811318525336932,0.014438878001307004,0.013431914469078696,0.01590672880601467,0.014782631722469184,0.8054024609065255,0.9077213912044164,0.9086280928356325,False,1e-24,False
UniGCN,random,1,105,base,0.15559738615660218,2.3402566698800815e-05,3.737729434453262e-26,0.18839346676143992,0.23469472579202338,0.8259171022827083,0.00012422175302095358,1.5925920030113845e-25,2.1189429332421076e-07,3.478717265565083e-10,5.348688823321389e-31,2.281897610967053e-06,2.8465928657816584e-06,0.09285880852226817,0.00015244843803884897,1.8789792132260783e-25,False,1e-24,True
UniGCN,random,1,105,restart,9407.557154639195,971.3546105809729,938.6386781977393,1313.2595276614957,1218.792378442184,7.163517154443273,0.7396516759415038,0.7701382899993788,0.012811318521656366,0.014438878001306698,0.013431914469078696,0.015906728774969663,0.014782631683069952,0.8054024622470372,0.9077213929759882,0.9086280952573426,False,1e-24,False
UniGCN,random,1,106,base,0.14706794543057752,2.2119699354920274e-05,2.0882152255997727e-26,0.17806623088940124,0.2218293763038331,0.8259171022827059,0.00012422175302098155,9.413609957319658e-26,2.0027880376018477e-07,3.288023106414773e-10,2.9882348719253507e-31,2.156809967168135e-06,2.6905501087692e-06,0.0928588085222679,0.0001524484380388833,1.1106408545174158e-25,False,1e-24,True
UniGCN,random,1,106,restart,9407.557152274374,971.3546105809548,938.6386781977393,1313.2595254188439,1218.7923755999086,7.163517164875676,0.7396516772045924,0.7701382917953737,0.012811318518435925,0.01443887800130643,0.013431914469078696,0.01590672874780576,0.014782631648596231,0.8054024634199642,0.907721394526086,0.9086280973763015,False,1e-24,False
UniGCN,random,1,107,base,0.1390060662805909,2.09071554350962e-05,1.1666638474416375e-26,0.1683051070094083,0.20966927154108225,0.8259171022827039,0.000124221753021003,5.564305340818829e-26,1.8930004487774243e-07,3.107782301060542e-10,1.669495342242982e-31,2.0385793000170573e-06,2.543061206545303e-06,0.09285880852226767,0.0001524484380389096,6.564904289153768e-26,False,1e-24,True
UniGCN,random,1,107,restart,9407.557150205193,971.354610580939,938.6386781977394,1313.2595234565583,1218.792373112962,7.16351717400387,0.7396516783097752,0.7701382933668416,0.012811318515618092,0.014438878001306193,0.013431914469078697,0.01590672872403777,0.014782631618432261,0.8054024644462574,0.9077213958823975,0.9086280992303579,False,1e-24,False
UniGCN,random,1,108,base,0.13138611820701063,1.976107999361324e-05,6.518110983933134e-27,0.1590790623464273,0.19817575183710445,0.8259171022827027,0.00012422175302101942,3.289055761620553e-26,1.7892311277045485e-07,2.937421824056488e-10,9.327413334836844e-32,1.926829728033276e-06,2.403657259219035e-06,0.09285880852226754,0.00015244843803892977,3.880508878319609e-26,False,1e-24,True
UniGCN,random,1,108,restart,9407.55714839469,971.3546105809253,938.6386781977392,1313.2595217395888,1218.792370936922,7.163517181990896,0.7396516792767933,0.7701382947418515,0.012811318513152528,0.014438878001305989,0.013431914469078694,0.01590672870324114,0.014782631592039254,0.805402465344248,0.9077213970691494,0.9086281008526284,False,1e-24,False
UniGCN,random,1,109,base,0.12418387570699037,1.8677829402772246e-05,3.641676263584309e-27,0.15035876526078246,0.18731227674679257,0.8259171022827014,0.000124221753021032,1.9441738293038326e-26,1.691150168725236e-07,2.7764000617091454e-10,5.211236787137155e-32,1.8212059745734306e-06,2.2718950707620094e-06,0.0928588085222674,0.00015244843803894522,2.2937840986596576e-26,False,1e-24,True
UniGCN,random,1,109,restart,9407.55714681053,971.3546105809131,938.6386781977394,1313.2595202372672,1218.7923690329212,7.16351718897942,0.7396516801229189,0.7701382959449639,0.0128113185109952,0.014438878001305808,0.013431914469078697,0.015906728685044415,0.014782631568945786,0.8054024661299758,0.9077213981075387,0.90862810227209,False,1e-24,False
UniGCN,random,1,110,base,0.11737644125622973,1.7653959768990718e-05,2.034607992279499e-27,0.14211649199637633,0.17704430887642975,0.8259171022827005,0.00012422175302104175,1.149208356479608e-26,1.5984457507446513e-07,2.6242050901675786e-10,2.9115229496908644e-32,1.7213722383282014e-06,2.147355739990037e-06,0.0928588085222673,0.00015244843803895717,1.355864282507924e-26,False,1e-24,True
UniGCN,random,1,110,restart,9407.557145424415,971.3546105809027,938.6386781977393,1313.2595189227593,1218.7923673669495,7.163517195094268,0.7396516808632657,0.7701382969976686,0.012811318509107572,0.014438878001305654,0.013431914469078696,0.015906728669122565,0.014782631548739354,0.8054024668174752,0.9077213990161132,0.9086281035140968,False,1e-24,False
UniGCN,random,1,111,base,0.11094217251267209,1.668621598390221e-05,1.13677841457329e-27,0.1343260385407277,0.16733920408166408,0.8259171022826999,0.00012422175302104918,6.79325816572263e-27,1.5108231458827667e-07,2.4803530479040606e-10,1.6267293037786613e-32,1.627011125735558e-06,2.0296433287834695e-06,0.09285880852226723,0.0001524484380389663,8.014853056737278e-27,False,1e-24,True
UniGCN,random,1,111,restart,9407.557144211585,971.3546105808934,938.6386781977393,1313.259517772585,1218.7923659092503,7.16351720044467,0.7396516815110579,0.7701382979187689,0.012811318507455928,0.014438878001305517,0.013431914469078696,0.01590672865519119,0.01478263153105904,0.8054024674190271,0.9077213998111019,0.9086281046008337,False,1e-24,False
UniGCN,random,1,112,base,0.10486061351070516,1.5771521375645912e-05,6.35155205262351e-28,0.12696263731661162,0.15816610768454267,0.8259171022826992,0.00012422175302105503,4.015747839790988e-27,1.4280037824691482e-07,2.34438659741111e-10,9.08906759313913e-33,1.5378226419163226e-06,1.918383603312209e-06,0.09285880852226715,0.0001524484380389735,4.737878064348698e-27,False,1e-24,True
UniGCN,random,1,112,restart,9407.557143150376,971.3546105808854,938.6386781977393,1313.2595167662,1218.792364633786,7.163517205126186,0.739651682077866,0.7701382987247173,0.012811318506010761,0.014438878001305397,0.013431914469078696,0.015906728643001453,0.01478263151558904,0.8054024679453752,0.9077214005067049,0.9086281055517115,False,1e-24,False
UniGCN,random,1,113,base,0.09911242962711518,1.490696792744515e-05,3.5489759518398346e-28,0.12000287844044488,0.14949585637965573,0.8259171022826988,0.00012422175302105934,2.3739627557481922e-27,1.3497243594019094e-07,2.2158734712242323e-10,5.078582690568336e-33,1.453523236923993e-06,1.8132228442634682e-06,0.0928588085222671,0.00015244843803897878,2.8008596442712796e-27,False,1e-24,True
UniGCN,random,1,113,restart,9407.557142221835,971.3546105808782,938.6386781977393,1313.259515885629,1218.7923635177744,7.163517209222441,0.7396516825738143,0.7701382994299099,0.012811318504746263,0.01443887800130529,0.013431914469078696,0.01590672863233562,0.014782631502053029,0.8054024684059219,0.9077214011153466,0.9086281063837149,False,1e-24,False
UniGCN,random,1,114,base,0.09367934611203671,1.4089807032378066e-05,1.9831791006761376e-28,0.11342463529708059,0.1413008855175285,0.8259171022826987,0.00012422175302106278,1.4035149839383863e-27,1.2757360090551822e-07,2.0944050976479207e-10,2.837928233289209e-33,1.3738449042766542e-06,1.7138267222897176e-06,0.09285880852226709,0.000152448438038983,1.6559014959795133e-27,False,1e-24,True
UniGCN,random,1,114,restart,9407.557141409377,971.354610580872,938.6386781977392,1313.2595151151431,1218.7923625412816,7.1635172128066005,0.7396516830077612,0.7701383000469423,0.012811318503639849,0.014438878001305198,0.013431914469078694,0.015906728623003186,0.014782631490209227,0.8054024688088931,0.9077214016478984,0.9086281071117049,False,1e-24,False
UniGCN,random,1,115,base,0.08854408998947468,1.3317440754947213e-05,1.1082974527532953e-28,0.10720699419439732,0.1335551414704948,0.8259171022826982,0.00012422175302106539,8.298425957626962e-28,1.205803506073805e-07,1.9795953018157132e-10,1.585973062634007e-33,1.298534328905006e-06,1.6198792351016341e-06,0.09285880852226704,0.00015244843803898617,9.79068703559559e-28,False,1e-24,True
UniGCN,random,1,115,restart,9407.557140698491,971.3546105808668,938.6386781977394,1313.25951444098,1218.7923616868657,7.163517215942685,0.7396516833874582,0.7701383005868363,0.012811318502671755,0.014438878001305121,0.013431914469078697,0.015906728614837447,0.014782631479846087,0.8054024691614866,0.9077214021138733,0.9086281077486852,False,1e-24,False
UniGCN,random,1,116,base,0.08369033514268774,1.2587413571667245e-05,6.194798314500342e-29,0.10133018787403905,0.12623399880244338,0.8259171022826983,0.00012422175302106747,4.907392915751027e-28,1.139704519539818e-07,1.8710790779547638e-10,8.864753077651501e-34,1.2273520818076434e-06,1.531081702826824e-06,0.09285880852226705,0.00015244843803898875,5.789862854010062e-28,False,1e-24,True
UniGCN,random,1,116,restart,9407.557140076471,971.3546105808618,938.6386781977393,1313.2595138510972,1218.7923609392647,7.163517218686709,0.7396516837196871,0.7701383010592351,0.012811318501824683,0.014438878001305047,0.013431914469078696,0.01590672860769255,0.014782631470778497,0.8054024694700005,0.9077214025215941,0.9086281083060329,False,1e-24,False
UniGCN,random,1,117,base,0.07910265040984642,1.1897404564411754e-05,3.463613730808838e-29,0.09577553266692235,0.11931418197910161,0.8259171022826982,0.000124221753021069,2.90293548793345e-28,1.0772289061332212e-07,1.7685114289516272e-10,4.956429397889149e-34,1.160071858853226e-06,1.4471518184403466e-06,0.09285880852226704,0.00015244843803899062,3.424954683214157e-28,False,1e-24,True
UniGCN,random,1,117,restart,9407.557139532217,971.3546105808576,938.6386781977392,1313.259513334959,1218.7923602851256,7.16351722108769,0.7396516840103824,0.7701383014725766,0.01281131850108351,0.014438878001304984,0.013431914469078694,0.015906728601440875,0.014782631462844498,0.8054024697399454,0.9077214028783435,0.9086281087937034,False,1e-24,False
UniGCN,random,1,118,base,0.0747664505249515,1.1245220041700489e-05,1.937194265393793e-29,0.09052536909371343,0.11277369136995621,0.825917102282698,0.00012422175302107016,1.7177714428436956e-28,1.0181780420398113e-07,1.6715662695300218e-10,2.7721239585737147e-34,1.0964797613095132e-06,1.367822750248146e-06,0.09285880852226701,0.00015244843803899203,2.026668994992812e-28,False,1e-24,True
UniGCN,random,1,118,restart,9407.557139056002,971.3546105808543,938.6386781977394,1313.2595128833461,1218.792359712764,7.163517223188508,0.7396516842647365,0.7701383018342443,0.012811318500434996,0.014438878001304936,0.013431914469078697,0.01590672859597076,0.01478263145590237,0.8054024699761428,0.907721403190494,0.9086281092204078,False,1e-24,False
UniGCN,random,1,119,base,0.07066794974804276,1.0628786564468181e-05,1.0841673363841355e-29,0.08556300572143168,0.10659173330655475,0.825917102282698,0.00012422175302107113,1.0171214059031216e-28,9.62364191482081e-08,1.5799353895535003e-10,1.5514428790044773e-34,1.0363736158119146e-06,1.2928422935699921e-06,0.09285880852226701,0.00015244843803899325,1.200024849682476e-28,False,1e-24,True
UniGCN,random,1,119,restart,9407.557138639322,971.354610580851,938.6386781977393,1313.259512488192,1218.7923592119562,7.163517225026694,0.7396516844872919,0.7701383021506977,0.012811318499867556,0.014438878001304885,0.013431914469078696,0.015906728591184496,0.014782631449828115,0.8054024701828122,0.9077214034636203,0.9086281095937674,False,1e-24,False
UniGCN,random,1,120,base,0.06679411803727774,1.0046144354142468e-05,6.073998279710832e-30,0.0808726660976869,0.10074865397482737,0.8259171022826978,0.0001242217530210718,6.028862957542298e-29,9.096099098655936e-08,1.4933274741571555e-10,8.691888292421267e-35,9.795623316095795e-07,1.2219720689249323e-06,0.092858808522267,0.00015244843803899406,7.113000790654916e-29,False,1e-24,True
UniGCN,random,1,120,restart,9407.557138274731,971.3546105808483,938.6386781977393,1313.2595121424383,1218.7923587737573,7.163517226635075,0.7396516846820246,0.7701383024275896,0.012811318499371052,0.014438878001304846,0.013431914469078696,0.015906728586996585,0.014782631444513238,0.8054024703636443,0.9077214037026017,0.9086281099204513,False,1e-24,False
UniGCN,random,1,121,base,0.06313263962354246,9.495441062073703e-06,3.409266718841111e-30,0.07643943859384232,0.09522587693125836,0.8259171022826978,0.0001242217530210723,3.580189365231251e-29,8.597474796433126e-08,1.4114671775931332e-10,4.878658852805481e-35,9.258652930455706e-07,1.154986764170118e-06,0.092858808522267,0.00015244843803899466,4.223995463974775e-29,False,1e-24,True
UniGCN,random,1,121,restart,9407.557137955724,971.3546105808458,938.6386781977395,1313.259511839909,1218.79235839034,7.163517228042387,0.7396516848524128,0.7701383026698659,0.012811318498936625,0.01443887800130481,0.0134319144690787,0.015906728583332228,0.014782631439862802,0.8054024705218701,0.907721403911707,0.9086281102062949,False,1e-24,False
UniGCN,random,1,122,base,0.05967187385589328,8.974925880508272e-06,1.918767572561879e-30,0.0722492289976441,0.09000584404425739,0.8259171022826978,0.0001242217530210727,2.131825541926354e-29,8.126183771043669e-08,1.334094247845509e-10,2.745755370978168e-35,8.751117853396814e-07,1.0916734181835948e-06,0.092858808522267,0.00015244843803899517,2.5151802043020836e-29,False,1e-24,True
UniGCN,random,1,122,restart,9407.557137676595,971.3546105808435,938.6386781977393,1313.2595115752006,1218.792358054856,7.163517229273762,0.7396516850014997,0.7701383028818535,0.012811318498556504,0.014438878001304774,0.013431914469078696,0.015906728580125973,0.014782631435793744,0.805402470660315,0.9077214040946705,0.9086281104564029,False,1e-24,False
UniGCN,random,1,123,base,0.05640081819334901,8.482943976382914e-06,1.0843101418393483e-30,0.06828871570459859,0.08507195967296967,0.8259171022826975,0.000124221753021073,1.2745799509116886e-29,7.680727683920597e-08,1.2609626992314775e-10,1.5516472335345742e-35,8.271404518483354e-07,1.0318307438137194e-06,0.09285880852226697,0.00015244843803899553,1.5037807729973e-29,False,1e-24,True
UniGCN,random,1,123,restart,9407.557137432363,971.3546105808418,938.6386781977395,1313.2595113435846,1218.7923577613126,7.163517230351197,0.7396516851319487,0.77013830306734,0.012811318498223905,0.014438878001304748,0.0134319144690787,0.015906728577320547,0.014782631432233378,0.8054024707814522,0.9077214042547612,0.9086281106752445,False,1e-24,False
UniGCN,random,1,124,base,0.05330907322537591,8.017931230243862e-06,6.1757304227446805e-31,0.06454530736564056,0.08040853790605758,0.8259171022826977,0.00012422175302107325,7.680441136686097e-30,7.259690331488474e-08,1.1918400303583813e-10,8.837466934738718e-36,7.817987810760725e-07,9.752684879427184e-07,0.09285880852226698,0.00015244843803899582,9.061573345183052e-30,False,1e-24,True
UniGCN,random,1,124,restart,9407.557137218662,971.35461058084,938.6386781977394,1313.2595111409248,1218.7923575044665,7.163517231293934,0.739651685246089,0.7701383032296373,0.012811318497932886,0.014438878001304722,0.013431914469078697,0.01590672857486585,0.014782631429118115,0.8054024708874452,0.9077214043948375,0.9086281108667268,False,1e-24,False
UniGCN,random,1,125,base,0.05038680960985797,7.5784092635646055e-06,3.5606677299033234e-31,0.061007102856445526,0.07600075269271392,0.8259171022826975,0.00012422175302107352,4.685042718326498e-30,6.861733142738519e-08,1.1265064849502788e-10,5.0953136187292936e-36,7.389426218077219e-07,9.218068266298828e-07,0.09285880852226697,0.00015244843803899618,5.527528622626622e-30,False,1e-24,True
UniGCN,random,1,125,restart,9407.557137031677,971.3546105808388,938.6386781977394,1313.2595109636002,1218.7923572797304,7.163517232118814,0.7396516853459605,0.770138303371645,0.012811318497678248,0.014438878001304703,0.013431914469078697,0.015906728572718024,0.014782631426392308,0.8054024709801874,0.9077214045174026,0.9086281110342711,False,1e-24,False
UniGCN,random,1,126,base,0.04762473682344106,7.162980738653079e-06,2.0916830452312776e-31,0.05766285344111922,0.07183459070736216,0.8259171022826975,0.00012422175302107368,2.911804779054593e-30,6.485590923614864e-08,1.0647543531940637e-10,2.9931973199648883e-36,6.984357248197578e-07,8.712757934114272e-07,0.09285880852226697,0.00015244843803899637,3.435418891009478e-30,False,1e-24,True
UniGCN,random,1,126,restart,9407.557136868068,971.3546105808374,938.6386781977393,1313.2595108084438,1218.7923570830894,7.163517232840573,0.7396516854333463,0.7701383034958996,0.012811318497455444,0.014438878001304683,0.013431914469078696,0.015906728570838705,0.014782631424007266,0.8054024710613357,0.9077214046246448,0.9086281111808697,False,1e-24,False
UniGCN,random,1,127,base,0.04501407362490113,6.770324916205626e-06,1.2612048198201651e-31,0.05450192700997439,0.06789680679819037,0.8259171022826975,0.00012422175302107373,1.857531862387643e-30,6.13006783468239e-08,1.0063873113839616e-10,1.804783423195512e-36,6.60149309713837e-07,8.235147389394515e-07,0.09285880852226697,0.00015244843803899642,2.1915617752267185e-30,False,1e-24,True
UniGCN,random,1,127,restart,9407.557136724916,971.3546105808364,938.6386781977392,1313.2595106726847,1218.792356911032,7.163517233472102,0.7396516855098076,0.7701383036046203,0.012811318497260497,0.014438878001304669,0.013431914469078694,0.015906728569194336,0.014782631421920395,0.8054024711323391,0.9077214047184804,0.908628111309141,False,1e-24,False
UniGCN,random,1,128,base,0.04254652013763328,6.399193456384186e-06,7.939741415705121e-32,0.051514274277699015,0.0641748818778795,0.8259171022826977,0.0001242217530210739,1.2372039002446342e-30,5.7940335892882694e-08,9.512197977649799e-11,1.1361765723006601e-36,6.239616554953852e-07,7.78371820242077e-07,0.09285880852226698,0.00015244843803899664,1.4596835891968752e-30,False,1e-24,True
UniGCN,random,1,128,restart,9407.557136599657,971.3546105808354,938.6386781977395,1313.2595105538971,1218.7923567604846,7.163517234024678,0.7396516855767101,0.7701383036997496,0.012811318497089916,0.014438878001304653,0.0134319144690787,0.015906728567755535,0.01478263142009442,0.805402471194466,0.907721404800585,0.9086281114213769,False,1e-24,False
UniGCN,random,1,129,base,0.0402142314625054,6.0484064500674e-06,5.273235729210827e-32,0.0486903968344522,0.060656983122651865,0.8259171022826977,0.0001242217530210739,8.69353445842838e-31,5.476419860130319e-08,8.990764225909816e-11,7.545997510570116e-37,5.897577135955934e-07,7.357035179810064e-07,0.09285880852226698,0.00015244843803899664,1.025684576210621e-30,False,1e-24,True
UniGCN,random,1,129,restart,9407.557136490057,971.3546105808346,938.6386781977393,1313.2595104499603,1218.7923566287573,7.1635172345081735,0.7396516856352486,0.770138303782986,0.012811318496940663,0.014438878001304641,0.013431914469078696,0.01590672856649661,0.01478263141849671,0.8054024712488258,0.9077214048724251,0.9086281115195812,False,1e-24,False
UniGCN,random,1,130,base,0.0380097927371862,5.7168486676581875e-06,3.7411010440379364e-32,0.04602131694831532,0.05733192635310304,0.8259171022826978,0.0001242217530210739,6.525336373658153e-31,5.1762168828078644e-08,8.497914105218353e-11,5.353513594835325e-37,5.574287421065324e-07,6.953741801717526e-07,0.092858808522267,0.00015244843803899664,7.698752337213677e-31,False,1e-24,True
UniGCN,random,1,130,restart,9407.557136394158,971.3546105808338,938.6386781977393,1313.259510359017,1218.7923565134984,7.163517234931224,0.7396516856864689,0.7701383038558166,0.012811318496810066,0.014438878001304629,0.013431914469078696,0.015906728565395066,0.014782631417098744,0.80540247129639,0.9077214049352841,0.9086281116055086,False,1e-24,False
UniGCN,random,1,131,base,0.03592619556265523,5.403466013521797e-06,2.807446972096657e-32,0.043498549023093476,0.05418914047721811,0.8259171022826975,0.000124221753021074,5.1808294934608675e-31,4.8924702455570246e-08,8.032080735868857e-11,4.017455116816757e-37,5.268719600665391e-07,6.572555909159328e-07,0.09285880852226697,0.00015244843803899677,6.112470053268236e-31,False,1e-24,True
UniGCN,random,1,131,restart,9407.557136310252,971.3546105808332,938.6386781977394,1313.2595102794428,1218.7923564126484,7.1635172353013905,0.7396516857312863,0.7701383039195424,0.012811318496695801,0.01443887800130462,0.013431914469078697,0.015906728564431233,0.014782631415875543,0.8054024713380081,0.9077214049902852,0.9086281116806939,False,1e-24,False
UniGCN,random,1,132,base,0.0339568157219501,5.107262174782274e-06,2.279703746612258e-32,0.041114072620725625,0.0512186338825286,0.8259171022826974,0.0001242217530210739,4.450926496479433e-31,4.6242778549643155e-08,7.591783130391832e-11,3.262254843165896e-37,4.979902206967735e-07,6.212265627745262e-07,0.09285880852226695,0.00015244843803899664,5.2513125462568625e-31,False,1e-24,True
UniGCN,random,1,132,restart,9407.557136236832,971.3546105808326,938.6386781977393,1313.259510209817,1218.7923563244065,7.163517235625276,0.7396516857705002,0.7701383039753011,0.012811318496595819,0.014438878001304613,0.013431914469078696,0.015906728563587897,0.014782631414805264,0.805402471374423,0.9077214050384097,0.9086281117464794,False,1e-24,False
UniGCN,random,1,133,base,0.03209539212031324,4.827295453823175e-06,1.9044515372993498e-32,0.038860306962535236,0.048410962670563135,0.8259171022826975,0.00012422175302107403,3.9339261858086834e-31,4.370787068011842e-08,7.175621485167694e-11,2.7252691321677428e-37,4.7069170255008757e-07,5.871725514861606e-07,0.09285880852226697,0.0001524484380389968,4.641342864665526e-31,False,1e-24,True
UniGCN,random,1,133,restart,9407.55713617259,971.3546105808321,938.6386781977392,1313.259510148895,1218.7923562471958,7.163517235908673,0.7396516858048121,0.7701383040240894,0.012811318496508333,0.014438878001304604,0.013431914469078694,0.015906728562849987,0.014782631413868782,0.8054024714062856,0.9077214050805182,0.908628111804041,False,1e-24,False
UniGCN,random,1,134,base,0.030336006879784865,4.562675774422192e-06,1.6894425853680897e-32,0.03673008682825575,0.04575720063260216,0.8259171022826975,0.0001242217530210741,3.6921895614487306e-31,4.131191981336289e-08,6.782272730140892e-11,2.4175914368513624e-37,4.44889617590307e-07,5.549852918055315e-07,0.09285880852226697,0.00015244843803899685,4.356136049995526e-31,False,1e-24,True
UniGCN,random,1,134,restart,9407.557136116382,971.3546105808317,938.6386781977393,1313.2595100955898,1218.7923561796379,7.163517236156639,0.7396516858348344,0.7701383040667784,0.012811318496431788,0.0144388780013046,0.013431914469078696,0.01590672856220433,0.014782631413049377,0.8054024714341647,0.9077214051173624,0.9086281118544065,False,1e-24,False
UniGCN,random,1,135,base,0.028673066524958025,4.312561852001719e-06,1.5238957387584658e-32,0.03471663977620809,0.04324891087128331,0.8259171022826975,0.0001242217530210741,3.523547086061563e-31,3.9047308690836046e-08,6.410486322487201e-11,2.1806939878185068e-37,4.2050193527383825e-07,5.245624533042068e-07,0.09285880852226697,0.00015244843803899685,4.157167509954945e-31,False,1e-24,True
UniGCN,random,1,135,restart,9407.557136067198,971.3546105808315,938.6386781977392,1313.2595100489482,1218.7923561205257,7.163517236373607,0.7396516858611036,0.7701383041041305,0.012811318496364809,0.014438878001304596,0.013431914469078694,0.01590672856163939,0.01478263141233241,0.8054024714585586,0.9077214051496008,0.9086281118984755,False,1e-24,False
UniGCN,random,1,136,base,0.0271012842000812,4.076158518998802e-06,1.403888053444134e-32,0.032813564612208364,0.04087811897783565,0.8259171022826975,0.00012422175302107403,3.434326452754174e-31,3.690683761213774e-08,6.059080270861027e-11,2.0089630542638344e-37,3.9745112175639967e-07,4.958073150395255e-07,0.09285880852226697,0.0001524484380389968,4.0519028124941665e-31,False,1e-24,True
UniGCN,random,1,136,restart,9407.557136024167,971.3546105808309,938.6386781977393,1313.2595100081378,1218.7923560688034,7.163517236563451,0.7396516858840884,0.7701383041368132,0.012811318496306208,0.014438878001304587,0.013431914469078696,0.015906728561145077,0.014782631411705075,0.8054024714799031,0.9077214051778082,0.9086281119370353,False,1e-24,False
UniGCN,random,1,137,base,0.025615662860972846,3.8527141968513365e-06,1.301656745632676e-32,0.031014811038753663,0.03863728767966783,0.8259171022826975,0.00012422175302107398,3.368913357543079e-31,3.4883701545565865e-08,5.726937377583127e-11,1.86267010741637e-37,3.756638933957565e-07,4.686284580572968e-07,0.09285880852226697,0.00015244843803899672,3.9747268339999765e-31,False,1e-24,True
UniGCN,random,1,137,restart,9407.557135986512,971.3546105808306,938.6386781977394,1313.2595099724288,1218.7923560235474,7.163517236729562,0.7396516859042,0.77013830416541,0.012811318496254928,0.014438878001304582,0.013431914469078697,0.015906728560712555,0.014782631411156169,0.8054024714985791,0.9077214052024899,0.9086281119707744,False,1e-24,False
UniGCN,random,1,138,base,0.024211479388310968,3.6415185065633123e-06,1.2134474394342598e-32,0.029314660419786028,0.03651929287770893,0.8259171022826978,0.00012422175302107398,3.3227572162957677e-31,3.2971468493413144e-08,5.4130016868216805e-11,1.7364426373840412e-37,3.5507098376678804e-07,4.429394747506947e-07,0.092858808522267,0.00015244843803899672,3.9202706833961576e-31,False,1e-24,True
UniGCN,random,1,138,restart,9407.557135953564,971.3546105808306,938.6386781977392,1313.2595099411842,1218.792355983949,7.163517236874905,0.7396516859217975,0.7701383041904316,0.012811318496210061,0.014438878001304582,0.013431914469078694,0.015906728560334107,0.014782631410675883,0.8054024715149202,0.907721405224086,0.9086281120002956,False,1e-24,False
UniGCN,random,1,139,base,0.02288426957179056,3.4419000102526393e-06,1.1300827985542943e-32,0.027707707599881694,0.03451740099731938,0.8259171022826974,0.000124221753021074,3.273951009932806e-31,3.116405904322159e-08,5.116275127474812e-11,1.6171478808335056e-37,3.3560692344817935e-07,4.186586941513345e-07,0.09285880852226695,0.00015244843803899677,3.8626879207934172e-31,False,1e-24,True
UniGCN,random,1,139,restart,9407.557135924737,971.3546105808304,938.6386781977391,1313.259509913846,1218.792355949301,7.163517237002078,0.7396516859371948,0.770138304212325,0.012811318496170803,0.014438878001304578,0.013431914469078692,0.015906728560002976,0.014782631410255641,0.8054024715292184,0.907721405242982,0.9086281120261259,False,1e-24,False
UniGCN,random,1,140,base,0.02162981391741024,3.253224076501377e-06,1.074475462338926e-32,0.026188843720064678,0.032625247580765626,0.8259171022826975,0.00012422175302107392,3.2933863863530897e-31,2.945572703998376e-08,4.835814340081452e-11,1.537573812424961e-37,3.1720983188062833e-07,3.957089222791736e-07,0.09285880852226697,0.00015244843803899666,3.885618255886075e-31,False,1e-24,True
UniGCN,random,1,140,restart,9407.557135899515,971.35461058083,938.6386781977393,1313.259509889925,1218.7923559189844,7.163517237113354,0.7396516859506671,0.7701383042314819,0.012811318496136455,0.014438878001304573,0.013431914469078696,0.015906728559713236,0.014782631409887934,0.8054024715417293,0.9077214052595155,0.9086281120487277,False,1e-24,False
UniGCN,random,1,141,base,0.020444124232766023,3.0748908627218987e-06,1.0073736048785386e-32,0.024753239975612396,0.03083681705319921,0.8259171022826975,0.00012422175302107398,3.26678853767765e-31,2.784104131784297e-08,4.570727677672679e-11,1.4415510902572772e-37,2.9982122063484e-07,3.7401719672574953e-07,0.09285880852226697,0.00015244843803899672,3.8542374598735464e-31,False,1e-24,True
UniGCN,random,1,141,restart,9407.557135877443,971.3546105808299,938.6386781977393,1313.259509868995,1218.792355892458,7.1635172372107165,0.7396516859624553,0.7701383042482435,0.012811318496106398,0.014438878001304572,0.013431914469078696,0.015906728559459724,0.014782631409566198,0.8054024715526759,0.9077214052739824,0.9086281120685035,False,1e-24,False
UniGCN,random,1,142,base,0.019323430947704334,2.9063334081244055e-06,9.433905436258998e-33,0.023396332264215843,0.029146423597811735,0.8259171022826977,0.000124221753021074,3.236728308912412e-31,2.6314868433214093e-08,4.320172371028452e-11,1.3499913637962484e-37,2.8338580746385465e-07,3.535145546905209e-07,0.09285880852226698,0.00015244843803899677,3.8187716626775905e-31,False,1e-24,True
UniGCN,random,1,142,restart,9407.557135858133,971.3546105808298,938.6386781977393,1313.2595098506813,1218.7923558692478,7.16351723729591,0.7396516859727698,0.7701383042629097,0.012811318496080101,0.01443887800130457,0.013431914469078696,0.0159067285592379,0.014782631409284682,0.8054024715622542,0.9077214052866406,0.9086281120858071,False,1e-24,False
UniGCN,random,1,143,base,0.01826417113002343,2.7470158312230048e-06,8.943799265886375e-33,0.022113806675687298,0.02754869307936381,0.8259171022826977,0.00012422175302107398,3.246542128194822e-31,2.4872356344429213e-08,4.083351849327601e-11,1.279857197006395e-37,2.6785134054853795e-07,3.3413581373284883e-07,0.09285880852226698,0.00015244843803899672,3.8303502480272207e-31,False,1e-24,True
UniGCN,random,1,143,restart,9407.557135841236,971.3546105808297,938.6386781977394,1313.2595098346574,1218.7923558489392,7.163517237370449,0.7396516859817946,0.7701383042757425,0.012811318496057092,0.014438878001304568,0.013431914469078697,0.015906728559043813,0.014782631409038361,0.8054024715706348,0.9077214052977162,0.9086281121009475,False,1e-24,False
UniGCN,random,1,144,base,0.017262977158122708,2.5964316261497592e-06,8.376153608410779e-33,0.020901585777084297,0.026038545958618625,0.8259171022826975,0.00012422175302107403,3.2168284748781508e-31,2.3508918986022398e-08,3.8595132076727376e-11,1.1986271337556888e-37,2.531684323774745e-07,3.158193645425788e-07,0.09285880852226697,0.0001524484380389968,3.795293349069131e-31,False,1e-24,True
UniGCN,random,1,144,restart,9407.55713582645,971.3546105808297,938.6386781977393,1313.2595098206366,1218.7923558311695,7.163517237435671,0.7396516859896914,0.7701383042869708,0.012811318496036955,0.014438878001304568,0.013431914469078696,0.015906728558873987,0.014782631408822834,0.8054024715779677,0.9077214053074073,0.9086281121141949,False,1e-24,False
UniGCN,random,1,145,base,0.016316666014587658,2.454102052360326e-06,8.042973035415361e-33,0.019755815649647047,0.024611181143361582,0.8259171022826975,0.0001242217530210741,3.2680158618006054e-31,2.2220221688611678e-08,3.647944813438787e-11,1.1509490115646671e-37,2.39290402733128e-07,2.985069750703969e-07,0.09285880852226697,0.00015244843803899685,3.855685487058515e-31,False,1e-24,True
UniGCN,random,1,145,restart,9407.557135813513,971.3546105808292,938.6386781977393,1313.2595098083682,1218.7923558156212,7.163517237492742,0.7396516859966009,0.7701383042967956,0.012811318496019337,0.014438878001304561,0.013431914469078696,0.015906728558725387,0.01478263140863425,0.8054024715843843,0.9077214053158869,0.9086281121257865,False,1e-24,False
UniGCN,random,1,146,base,0.015422229166672425,2.319574612611725e-06,7.513487023796769e-33,0.018672853636337045,0.02326206072466461,0.8259171022826975,0.00012422175302107406,3.229931824496644e-31,2.1002167398024926e-08,3.4479740438352525e-11,1.0751795915969095e-37,2.2617313028509013e-07,2.821436053952455e-07,0.09285880852226697,0.00015244843803899683,3.8107530032117036e-31,False,1e-24,True
UniGCN,random,1,146,restart,9407.557135802193,971.3546105808292,938.6386781977393,1313.2595097976339,1218.7923558020168,7.163517237542675,0.7396516860026466,0.7701383043053921,0.012811318496003922,0.014438878001304561,0.013431914469078696,0.01590672855859537,0.014782631408469244,0.8054024715899983,0.9077214053233063,0.9086281121359289,False,1e-24,False
UniGCN,random,1,147,base,0.01457682300150778,2.1924216143733753e-06,7.16900261479159e-33,0.01764925676102343,0.021986895549868483,0.8259171022826974,0.00012422175302107411,3.2605797387500997e-31,1.9850883649857077e-08,3.2589651474893747e-11,1.0258838910769498e-37,2.1377491231859772e-07,2.666772327402225e-07,0.09285880852226695,0.0001524484380389969,3.846912166200146e-31,False,1e-24,True
UniGCN,random,1,147,restart,9407.55713579229,971.3546105808294,938.6386781977393,1313.2595097882415,1218.792355790113,7.163517237586366,0.7396516860079367,0.7701383043129139,0.012811318495990437,0.014438878001304565,0.013431914469078696,0.015906728558481603,0.014782631408324864,0.8054024715949106,0.9077214053297985,0.9086281121448032,False,1e-24,False
UniGCN,random,1,148,base,0.013777759785625907,2.072238810097785e-06,6.732141973007074e-33,0.0166817707824992,0.0207816315864164,0.8259171022826977,0.0001242217530210741,3.239467481180562e-31,1.8762710258047973e-08,3.080317223251668e-11,9.633691565827006e-38,2.020563321523643e-07,2.520586860806493e-07,0.09285880852226698,0.00015244843803899685,3.8220034054865253e-31,False,1e-24,True
UniGCN,random,1,148,restart,9407.557135783625,971.3546105808293,938.6386781977392,1313.2595097800233,1218.7923557796978,7.163517237624597,0.7396516860125653,0.7701383043194951,0.012811318495978635,0.014438878001304563,0.013431914469078694,0.01590672855838206,0.014782631408198538,0.805402471599209,0.9077214053354787,0.9086281121525679,False,1e-24,False
UniGCN,random,1,149,base,0.013022499120060345,1.9586441120280695e-06,6.341104729872864e-33,0.01576731984852756,0.019642437033186487,0.8259171022826977,0.0001242217530210741,3.2282678158312932e-31,1.7734187678340117e-08,2.9114623097980846e-11,9.074117479865834e-38,1.9098013382421942e-07,2.3824148981849193e-07,0.09285880852226698,0.00015244843803899685,3.808789764863834e-31,False,1e-24,True
UniGCN,random,1,149,restart,9407.557135776044,971.3546105808293,938.6386781977394,1313.2595097728324,1218.7923557705842,7.1635172376580485,0.7396516860166155,0.770138304325254,0.012811318495968312,0.014438878001304563,0.013431914469078697,0.015906728558294964,0.014782631408088,0.8054024716029698,0.9077214053404492,0.9086281121593623,False,1e-24,False
UniGCN,random,1,150,base,0.01230863986385493,1.8512763774563213e-06,6.026231812216536e-33,0.014902996717026318,0.01856569013834721,0.8259171022826974,0.0001242217530210741,3.2458970107280996e-31,1.6762046009621123e-08,2.751863579955136e-11,8.623534502962545e-38,1.805111036461521e-07,2.2518171602613937e-07,0.09285880852226695,0.00015244843803899685,3.8295891225740172e-31,False,1e-24,True
UniGCN,random,1,150,restart,9407.557135769408,971.354610580829,938.6386781977392,1313.2595097665408,1218.79235576261,7.163517237687316,0.7396516860201587,0.7701383043302927,0.012811318495959274,0.014438878001304558,0.013431914469078694,0.015906728558218758,0.01478263140799128,0.8054024716062604,0.9077214053447976,0.9086281121653073,False,1e-24,False
UniGCN,random,1,151,base,0.011633912500304837,1.749794260570949e-06,5.733672956260787e-33,0.01408605351330132,0.01754796768500607,0.8259171022826975,0.00012422175302107406,3.2674284904000293e-31,1.584319459818378e-08,2.6010136340074003e-11,8.204882936428516e-38,1.7061595825219618e-07,2.1283784478979155e-07,0.09285880852226697,0.00015244843803899683,3.8549924918343527e-31,False,1e-24,True
UniGCN,random,1,151,restart,9407.557135763604,971.354610580829,938.6386781977392,1313.2595097610356,1218.7923557556328,7.1635172377129255,0.7396516860232594,0.7701383043347014,0.01281131849595137,0.014438878001304558,0.013431914469078694,0.015906728558152075,0.014782631407906656,0.8054024716091398,0.9077214053486028,0.9086281121705087,False,1e-24,False
UniGCN,random,1,152,base,0.010996171921660209,1.6538751272427296e-06,5.436392223416155e-33,0.013313892993944086,0.016586034108044767,0.8259171022826977,0.00012422175302107398,3.277692658776896e-31,1.4974712211853264e-08,2.4584328865614314e-11,7.77947436658979e-38,1.6126323878323744e-07,2.0117063220845564e-07,0.09285880852226698,0.00015244843803899672,3.8671024101214707e-31,False,1e-24,True
UniGCN,random,1,152,restart,9407.557135758525,971.3546105808291,938.6386781977394,1313.2595097562184,1218.7923557495278,7.163517237735333,0.7396516860259725,0.7701383043385592,0.012811318495944454,0.01443887800130456,0.013431914469078697,0.01590672855809373,0.014782631407832609,0.8054024716116591,0.9077214053519325,0.9086281121750602,False,1e-24,False
UniGCN,random,1,153,base,0.01039339060935348,1.5632140292994457e-06,5.137725510865635e-33,0.012584060289619716,0.015676831207541018,0.8259171022826977,0.00012422175302107403,3.277272965976847e-31,1.4153837752742981e-08,2.3236680418375622e-11,7.352082460532582e-38,1.5242321087233182e-07,1.901429856288923e-07,0.09285880852226698,0.0001524484380389968,3.8666072462340833e-31,False,1e-24,True
UniGCN,random,1,153,restart,9407.557135754078,971.3546105808289,938.6386781977393,1313.2595097520034,1218.792355744186,7.163517237754941,0.7396516860283464,0.7701383043419345,0.012811318495938398,0.014438878001304556,0.013431914469078696,0.015906728558042673,0.014782631407767817,0.8054024716138636,0.9077214053548458,0.9086281121790425,False,1e-24,False
UniGCN,random,1,154,base,0.009823652188068717,1.4775227350280898e-06,4.843118217263069e-33,0.01189423510049347,0.014817468426073526,0.8259171022826975,0.00012422175302107403,3.2685193435208448e-31,1.3377961479112765e-08,2.1962906525421996e-11,6.93049958082061e-38,1.4406777011256623e-07,1.7971984571985396e-07,0.09285880852226697,0.0001524484380389968,3.85627950717464e-31,False,1e-24,True
UniGCN,random,1,154,restart,9407.55713575019,971.3546105808289,938.6386781977392,1313.2595097483154,1218.7923557395122,7.163517237772097,0.7396516860304235,0.7701383043448877,0.012811318495933104,0.014438878001304556,0.013431914469078694,0.015906728557998004,0.01478263140771113,0.8054024716157925,0.9077214053573949,0.9086281121825267,False,1e-24,False
UniGCN,random,1,155,base,0.009285145333159989,1.3965288128224076e-06,4.608685411225024e-33,0.011242224319483626,0.014005213658999678,0.8259171022826977,0.0001242217530210741,3.2906926830520046e-31,1.264461670842179e-08,2.0758957577389813e-11,6.595026360657208e-38,1.3617035270692373e-07,1.698680750107052e-07,0.09285880852226698,0.00015244843803899685,3.8824401584827426e-31,False,1e-24,True
UniGCN,random,1,155,restart,9407.557135746789,971.3546105808288,938.6386781977393,1313.2595097450885,1218.7923557354225,7.163517237787108,0.7396516860322409,0.7701383043474721,0.012811318495928472,0.014438878001304554,0.013431914469078696,0.015906728557958917,0.014782631407661525,0.8054024716174802,0.9077214053596252,0.9086281121855758,False,1e-24,False
UniGCN,random,1,156,base,0.008776158012049074,1.3199747650624718e-06,4.312669030383259e-33,0.010625955059888255,0.013237484568489664,0.8259171022826975,0.00012422175302107414,3.2579218567318147e-31,1.1951471975198366e-08,1.9621005953882514e-11,6.171427077858936e-38,1.2870585101608834e-07,1.6055635254006279e-07,0.09285880852226697,0.00015244843803899694,3.8437763316272475e-31,False,1e-24,True
UniGCN,random,1,156,restart,9407.55713574381,971.3546105808289,938.6386781977393,1313.2595097422652,1218.792355731844,7.1635172378002405,0.739651686033831,0.7701383043497332,0.012811318495924415,0.014438878001304556,0.013431914469078696,0.015906728557924722,0.014782631407618124,0.8054024716189567,0.9077214053615766,0.9086281121882436,False,1e-24,False
UniGCN,random,1,157,base,0.008295072041294678,1.2476172094727077e-06,4.1263409055865695e-33,0.010043468065219231,0.01251184037370251,0.8259171022826975,0.00012422175302107403,3.297948808761457e-31,1.1296323618794762e-08,1.8545433854617454e-11,5.904791630845563e-38,1.2165053373569802e-07,1.5175507427952167e-07,0.09285880852226697,0.0001524484380389968,3.8910011140512975e-31,False,1e-24,True
UniGCN,random,1,157,restart,9407.557135741205,971.3546105808291,938.6386781977393,1313.2595097397948,1218.7923557287131,7.1635172378117336,0.7396516860352227,0.7701383043517117,0.012811318495920867,0.01443887800130456,0.013431914469078696,0.015906728557894798,0.01478263140758015,0.8054024716202489,0.9077214053632846,0.9086281121905778,False,1e-24,False
UniGCN,random,1,158,base,0.0078403579420288,1.1792261053557329e-06,3.8380910508803634e-33,0.009492911480291853,0.011825974091003099,0.8259171022826975,0.00012422175302107403,3.2454756127026238e-31,1.0677088777461857e-08,1.7528821797637522e-11,5.492306242796971e-38,1.1498197044927145e-07,1.4343625901589087e-07,0.09285880852226697,0.0001524484380389968,3.829091946819733e-31,False,1e-24,True
UniGCN,random,1,158,restart,9407.557135738927,971.354610580829,938.6386781977393,1313.2595097376332,1218.7923557259737,7.163517237821789,0.73965168603644,0.7701383043534427,0.012811318495917766,0.014438878001304558,0.013431914469078696,0.015906728557868614,0.014782631407546922,0.8054024716213793,0.9077214053647785,0.9086281121926201,False,1e-24,False
UniGCN,random,1,159,base,0.00741057007740463,1.114584022242015e-06,3.6614101549314116e-33,0.008972534963767001,0.011177705199550195,0.8259171022826975,0.00012422175302107395,3.27563671573549e-31,1.009179876647027e-08,1.656793774802041e-11,5.239475975109391e-38,1.0867896031694524e-07,1.355734593927187e-07,0.09285880852226697,0.0001524484380389967,3.8646767579575298e-31,False,1e-24,True
UniGCN,random,1,159,restart,9407.557135736932,971.3546105808288,938.6386781977393,1313.2595097357416,1218.7923557235763,7.163517237830587,0.7396516860375052,0.7701383043549576,0.012811318495915049,0.014438878001304554,0.013431914469078696,0.015906728557845706,0.014782631407517845,0.8054024716223686,0.9077214053660857,0.9086281121944074,False,1e-24,False
UniGCN,random,1,160,base,0.007004342056596775,1.0534854486302525e-06,3.4643658568418396e-33,0.008480684123428294,0.010564972708937649,0.8259171022826975,0.00012422175302107395,3.279105353401519e-31,9.5385928192255e-09,1.5659726842523754e-11,4.95750568984045e-38,1.0272146467330781e-07,1.281416778282879e-07,0.09285880852226697,0.0001524484380389967,3.868769141983293e-31,False,1e-24,True
UniGCN,random,1,160,restart,9407.557135735187,971.3546105808289,938.6386781977393,1313.2595097340868,1218.792355721479,7.163517237838286,0.7396516860384373,0.7701383043562828,0.012811318495912672,0.014438878001304556,0.013431914469078696,0.015906728557825663,0.014782631407492407,0.8054024716232342,0.9077214053672297,0.908628112195971,False,1e-24,False
UniGCN,random,1,161,base,0.006620382390742154,9.957361386207825e-07,3.300152616381474e-33,0.008015795256502763,0.009985828606849373,0.8259171022826975,0.00012422175302107398,3.3048360294486407e-31,9.015712171478752e-09,1.4801301677498124e-11,4.722516630494525e-38,9.709054332004313e-08,1.211172870427663e-07,0.09285880852226697,0.00015244843803899672,3.8991268264017613e-31,False,1e-24,True
UniGCN,random,1,161,restart,9407.557135733658,971.3546105808289,938.6386781977392,1313.2595097326387,1218.7923557196439,7.16351723784502,0.7396516860392529,0.7701383043574422,0.012811318495910589,0.014438878001304556,0.013431914469078694,0.01590672855780812,0.014782631407470149,0.8054024716239913,0.9077214053682305,0.9086281121973389,False,1e-24,False
UniGCN,random,1,162,base,0.006257470387010825,9.411524943648416e-07,3.149885675735915e-33,0.007576390378303362,0.009438431665896677,0.8259171022826977,0.00012422175302107398,3.3372977494949816e-31,8.521494469825796e-09,1.3989933129191269e-11,4.507484718730916e-38,9.176829431084497e-08,1.1447795494185034e-07,0.09285880852226698,0.00015244843803899672,3.937425962073236e-31,False,1e-24,True
UniGCN,random,1,162,restart,9407.557135732322,971.3546105808286,938.6386781977392,1313.259509731372,1218.792355718038,7.163517237850914,0.7396516860399662,0.770138304358457,0.012811318495908771,0.014438878001304552,0.013431914469078694,0.01590672855779278,0.01478263140745067,0.805402471624654,0.907721405369106,0.9086281121985361,False,1e-24,False
UniGCN,random,1,163,base,0.005914452267753063,8.895609823663335e-07,2.965918418930986e-33,0.007161072523388244,0.008921041589948537,0.8259171022826975,0.00012422175302107398,3.3246324311196213e-31,8.054368486717248e-09,1.3223041677259141e-11,4.244227672552144e-38,8.673779703716379e-08,1.0820257361809047e-07,0.09285880852226697,0.00015244843803899672,3.9224831079642153e-31,False,1e-24,True
UniGCN,random,1,163,restart,9407.557135731155,971.3546105808286,938.6386781977392,1313.2595097302633,1218.792355716633,7.163517237856071,0.7396516860405906,0.7701383043593448,0.01281131849590718,0.014438878001304552,0.013431914469078694,0.01590672855777935,0.01478263140743363,0.8054024716252338,0.9077214053698722,0.9086281121995836,False,1e-24,False
UniGCN,random,1,164,base,0.0055902375023846596,8.407975817804064e-07,2.78630536944177e-33,0.006768521304298183,0.008432013481344702,0.8259171022826977,0.00012422175302107398,3.304436568568462e-31,7.612849125178168e-09,1.2498189203899356e-11,3.9872014947153396e-38,8.198305843384425e-08,1.0227119224417769e-07,0.09285880852226698,0.00015244843803899672,3.8986555326310194e-31,False,1e-24,True
UniGCN,random,1,164,restart,9407.557135730132,971.3546105808288,938.6386781977393,1313.2595097292929,1218.7923557154036,7.163517237860586,0.7396516860411372,0.7701383043601218,0.012811318495905789,0.014438878001304554,0.013431914469078696,0.015906728557767594,0.014782631407418718,0.8054024716257414,0.907721405370543,0.9086281122005002,False,1e-24,False
UniGCN,random,1,165,base,0.005283795340348605,7.947072629548531e-07,2.6045664628250453e-33,0.006397488713752353,0.007969792611401667,0.8259171022826975,0.00012422175302107398,3.2680479779347406e-31,7.195532697355786e-09,1.18130712425346e-11,3.727133216465094e-38,7.74889621336283e-08,9.666495364484418e-08,0.09285880852226697,0.00015244843803899672,3.8557233784634294e-31,False,1e-24,True
UniGCN,random,1,165,restart,9407.557135729237,971.3546105808289,938.6386781977393,1313.2595097284445,1218.792355714328,7.163517237864532,0.7396516860416151,0.7701383043608014,0.01281131849590457,0.014438878001304556,0.013431914469078696,0.015906728557757318,0.014782631407405674,0.8054024716261851,0.9077214053711296,0.9086281122013021,False,1e-24,False
UniGCN,random,1,166,base,0.004994151534130757,7.511434945565061e-07,2.473423990020172e-33,0.006046795156956736,0.007532909477585781,0.8259171022826977,0.000124221753021074,3.2834909238984757e-31,6.801092461884893e-09,1.1165509651402914e-11,3.539468407961704e-38,7.324122040887517e-08,9.136603434572586e-08,0.09285880852226698,0.00015244843803899677,3.873943345913953e-31,False,1e-24,True
UniGCN,random,1,166,restart,9407.557135728453,971.3546105808288,938.6386781977392,1313.2595097277017,1218.7923557133868,7.163517237867987,0.7396516860420334,0.7701383043613961,0.012811318495903503,0.014438878001304554,0.013431914469078694,0.01590672855774832,0.014782631407394256,0.8054024716265735,0.9077214053716428,0.9086281122020037,False,1e-24,False
UniGCN,random,1,167,base,0.004720385241911172,7.099677777156699e-07,2.32497100384862e-33,0.005715325701410968,0.007119975131639197,0.8259171022826975,0.00012422175302107403,3.2654201185578485e-31,6.428274405883141e-09,1.0553445688762545e-11,3.327032264081051e-38,6.922632874771035e-08,8.635758790858947e-08,0.09285880852226697,0.0001524484380389968,3.8526229653412204e-31,False,1e-24,True
UniGCN,random,1,167,restart,9407.55713572777,971.3546105808288,938.6386781977393,1313.259509727052,1218.7923557125632,7.163517237871011,0.7396516860423993,0.7701383043619165,0.012811318495902571,0.014438878001304554,0.013431914469078696,0.015906728557740453,0.014782631407384268,0.8054024716269135,0.9077214053720919,0.9086281122026177,False,1e-24,False
UniGCN,random,1,168,base,0.004461626100004002,6.710492057075368e-07,2.2080615650776756e-33,0.005402026532290963,0.006729676763805679,0.8259171022826977,0.00012422175302107398,3.28108116121316e-31,6.075893258166332e-09,9.974933467695922e-12,3.159734919674314e-38,6.543152292019092e-08,8.16236913727736e-08,0.09285880852226698,0.00015244843803899672,3.8711002486323177e-31,False,1e-24,True
UniGCN,random,1,168,restart,9407.55713572717,971.3546105808289,938.6386781977395,1313.2595097264832,1218.7923557118427,7.163517237873656,0.7396516860427197,0.7701383043623721,0.012811318495901754,0.014438878001304556,0.0134319144690787,0.015906728557733563,0.014782631407375528,0.8054024716272109,0.9077214053724851,0.9086281122031552,False,1e-24,False
UniGCN,random,1,169,base,0.0042170514557785125,6.342640477707097e-07,2.0736147115992658e-33,0.005105901602138136,0.0063607735291175815,0.8259171022826977,0.00012422175302107403,3.2600039949652703e-31,5.742828721008736e-09,9.428133769704094e-12,2.9673415441929e-38,6.184473839799098e-08,7.714929463256953e-08,0.09285880852226698,0.0001524484380389968,3.84623288952301e-31,False,1e-24,True
UniGCN,random,1,169,restart,9407.557135726642,971.354610580829,938.6386781977395,1313.2595097259862,1218.7923557112122,7.1635172378759675,0.7396516860429998,0.7701383043627705,0.012811318495901036,0.014438878001304558,0.0134319144690787,0.015906728557727543,0.014782631407367882,0.8054024716274708,0.9077214053728289,0.9086281122036253,False,1e-24,False
UniGCN,random,1,170,base,0.0039858837522641615,5.994953557397028e-07,1.945497054976667e-33,0.004826009464203903,0.0060120926024748375,0.8259171022826977,0.00012422175302107398,3.2359732020358705e-31,5.428021908468488e-09,8.911308197423698e-12,2.784005246029933e-38,5.845457199859377e-08,7.292017258960155e-08,0.09285880852226698,0.00015244843803899672,3.817880769013612e-31,False,1e-24,True
UniGCN,random,1,170,restart,9407.557135726185,971.3546105808288,938.6386781977392,1313.2595097255507,1218.7923557106606,7.163517237877994,0.7396516860432449,0.7701383043631188,0.012811318495900413,0.014438878001304554,0.013431914469078694,0.01590672855772227,0.01478263140736119,0.8054024716276986,0.9077214053731297,0.9086281122040362,False,1e-24,False
UniGCN,random,1,171,base,0.0037673880561247446,5.666325922408204e-07,1.8659923393088797e-33,0.004561460279381926,0.005682525449974169,0.8259171022826975,0.0001242217530210739,3.2837377601491633e-31,5.130471979954611e-09,8.422813647876694e-12,2.670234040395344e-38,5.525024563204852e-08,6.892287992808804e-08,0.09285880852226697,0.00015244843803899664,3.874234569393184e-31,False,1e-24,True
UniGCN,random,1,171,restart,9407.557135725785,971.3546105808288,938.6386781977394,1313.2595097251697,1218.7923557101776,7.163517237879767,0.7396516860434595,0.770138304363424,0.012811318495899868,0.014438878001304554,0.013431914469078697,0.015906728557717652,0.014782631407355333,0.805402471627898,0.9077214053733931,0.9086281122043963,False,1e-24,False
UniGCN,random,1,172,base,0.0035608697211425193,5.355712792693591e-07,1.7407589179681164e-33,0.004311412987212478,0.00537102430463425,0.8259171022826977,0.00012422175302107395,3.241018508268799e-31,4.849232958333074e-09,7.961097088682015e-12,2.4910250813793953e-38,5.222157203503485e-08,6.514470836920437e-08,0.09285880852226698,0.0001524484380389967,3.8238333453910567e-31,False,1e-24,True
UniGCN,random,1,172,restart,9407.557135725432,971.3546105808285,938.6386781977394,1313.2595097248366,1218.7923557097554,7.163517237881315,0.739651686043647,0.7701383043636909,0.012811318495899388,0.01443887800130455,0.013431914469078697,0.015906728557713617,0.014782631407350212,0.805402471628072,0.907721405373623,0.9086281122047112,False,1e-24,False
UniGCN,random,1,173,base,0.0033656721797840072,5.062126660308864e-07,1.6631519411987533e-33,0.004075072631964938,0.0050765988353123825,0.8259171022826977,0.00012422175302107398,3.2761145703103668e-31,4.5834107224559426e-09,7.524690620621587e-12,2.3799695390943306e-38,4.935892238329623e-08,6.157364626864936e-08,0.09285880852226698,0.00015244843803899672,3.8652405425372845e-31,False,1e-24,True
UniGCN,random,1,173,restart,9407.557135725123,971.3546105808286,938.6386781977392,1313.2595097245446,1218.7923557093857,7.163517237882673,0.7396516860438115,0.7701383043639244,0.012811318495898966,0.014438878001304552,0.013431914469078694,0.01590672855771008,0.014782631407345728,0.8054024716282248,0.907721405373825,0.9086281122049866,False,1e-24,False
UniGCN,random,1,174,base,0.003181174855826367,4.784634149905923e-07,1.554207741718767e-33,0.003851687835297426,0.004798312998222414,0.8259171022826978,0.0001242217530210741,3.239071195010704e-31,4.332160164552188e-09,7.112206810863585e-12,2.2240704478564615e-38,4.665319567947463e-08,5.819834042896736e-08,0.092858808522267,0.00015244843803899685,3.8215358573170986e-31,False,1e-24,True
UniGCN,random,1,174,restart,9407.557135724854,971.3546105808289,938.6386781977394,1313.2595097242897,1218.7923557090623,7.163517237883859,0.7396516860439551,0.7701383043641288,0.0128113184958986,0.014438878001304556,0.013431914469078697,0.015906728557706994,0.014782631407341807,0.805402471628358,0.9077214053740013,0.9086281122052278,False,1e-24,False
UniGCN,random,1,175,base,0.003006791191408116,4.522353051325896e-07,1.4689956724313883e-33,0.003640548407458624,0.00453528206104421,0.8259171022826975,0.00012422175302107403,3.239039276188181e-31,4.094682503442881e-09,6.7223342820061105e-12,2.1021320222421532e-38,4.4095789819024025e-08,5.500806000521875e-08,0.09285880852226697,0.0001524484380389968,3.821498198705277e-31,False,1e-24,True
UniGCN,random,1,175,restart,9407.557135724619,971.3546105808286,938.6386781977392,1313.2595097240664,1218.7923557087795,7.163517237884896,0.7396516860440807,0.7701383043643074,0.012811318495898281,0.014438878001304552,0.013431914469078694,0.01590672855770429,0.014782631407338376,0.8054024716284747,0.9077214053741554,0.9086281122054386,False,1e-24,False
UniGCN,random,1,176,base,0.002841966782231759,4.2744495148576337e-07,1.4029057876245305e-33,0.003440983089437226,0.004286669790163614,0.8259171022826978,0.000124221753021074,3.272717182097164e-31,3.870222745038882e-09,6.353833542917959e-12,2.0075574324008885e-38,4.167857424221446e-08,5.19926623892467e-08,0.092858808522267,0.00015244843803899677,3.861232220368269e-31,False,1e-24,True
UniGCN,random,1,176,restart,9407.557135724413,971.3546105808288,938.6386781977393,1313.2595097238711,1218.7923557085319,7.163517237885807,0.7396516860441908,0.770138304364464,0.012811318495898,0.014438878001304554,0.013431914469078696,0.015906728557701925,0.014782631407335373,0.805402471628577,0.9077214053742906,0.9086281122056232,False,1e-24,False
UniGCN,random,1,177,base,0.002686177614989715,4.040135400244764e-07,1.3287452163639277e-33,0.0032523574188808614,0.004051685792100559,0.8259171022826977,0.0001242217530210741,3.279487316006931e-31,3.658067282047388e-09,6.005533048121739e-12,1.9014336945571575e-38,3.9393864085281744e-08,4.914256096407919e-08,0.09285880852226698,0.00015244843803899685,3.869219790859114e-31,False,1e-24,True
UniGCN,random,1,177,restart,9407.557135724233,971.3546105808288,938.6386781977393,1313.2595097237,1218.7923557083152,7.1635172378866026,0.7396516860442872,0.7701383043646007,0.012811318495897756,0.014438878001304554,0.013431914469078696,0.01590672855769985,0.014782631407332745,0.8054024716286665,0.9077214053744088,0.9086281122057847,False,1e-24,False
UniGCN,random,1,178,base,0.0025389284014099406,3.8186657710132165e-07,1.2510027081462243e-33,0.0030740717129997246,0.003829583000673107,0.8259171022826974,0.00012422175302107398,3.266681275549692e-31,3.4575416252562814e-09,5.676325473191268e-12,1.7901842068419435e-38,3.723439574854317e-08,4.644869462595007e-08,0.09285880852226695,0.00015244843803899672,3.854110909376986e-31,False,1e-24,True
UniGCN,random,1,178,restart,9407.557135724075,971.3546105808288,938.6386781977394,1313.2595097235505,1218.7923557081258,7.163517237887297,0.7396516860443715,0.7701383043647206,0.01281131849589754,0.014438878001304554,0.013431914469078697,0.015906728557698042,0.014782631407330446,0.8054024716287446,0.9077214053745122,0.9086281122059261,False,1e-24,False
UniGCN,random,1,179,base,0.002399751003624799,3.609336526153194e-07,1.1880423132765564e-33,0.0029055591620421543,0.003619655301908576,0.8259171022826975,0.00012422175302107406,3.282197375673104e-31,3.2680082591835135e-09,5.365164194321983e-12,1.70008791542845e-38,3.5193303803805154e-08,4.390249897704305e-08,0.09285880852226697,0.00015244843803899683,3.8724171859042434e-31,False,1e-24,True
UniGCN,random,1,179,restart,9407.557135723939,971.3546105808288,938.6386781977392,1313.2595097234198,1218.7923557079598,7.163517237887906,0.7396516860444451,0.7701383043648253,0.012811318495897355,0.014438878001304554,0.013431914469078694,0.015906728557696457,0.014782631407328434,0.8054024716288131,0.9077214053746026,0.9086281122060497,False,1e-24,False
UniGCN,random,1,180,base,0.002268202945857079,3.4114821616260586e-07,1.1086070684239367e-33,0.0027462840272808767,0.003421235289150805,0.8259171022826977,0.00012422175302107411,3.240370727904854e-31,3.088864615274166e-09,5.0710599608819725e-12,1.5864161224932413e-38,3.326409916764627e-08,4.1495879097373936e-08,0.09285880852226698,0.0001524484380389969,3.8230690781862185e-31,False,1e-24,True
UniGCN,random,1,180,restart,9407.557135723817,971.3546105808286,938.6386781977394,1313.2595097233052,1218.7923557078147,7.163517237888439,0.7396516860445096,0.7701383043649171,0.012811318495897188,0.014438878001304552,0.013431914469078697,0.01590672855769507,0.014782631407326675,0.805402471628873,0.9077214053746817,0.9086281122061579,False,1e-24,False
UniGCN,random,1,181,base,0.0021438660076914845,3.2244736545795906e-07,1.0612635950401404e-33,0.0025957399377809155,0.0032336921412265554,0.8259171022826979,0.00012422175302107406,3.2818943445791283e-31,2.919541156201542e-09,4.793077750365109e-12,1.5186676373806038e-38,3.144064847118357e-08,3.922118380924681e-08,0.09285880852226701,0.00015244843803899683,3.8720596623668498e-31,False,1e-24,True
UniGCN,random,1,181,restart,9407.557135723711,971.3546105808288,938.6386781977395,1313.2595097232052,1218.7923557076879,7.163517237888905,0.739651686044566,0.7701383043649973,0.012811318495897044,0.014438878001304554,0.0134319144690787,0.01590672855769386,0.014782631407325135,0.8054024716289253,0.9077214053747509,0.9086281122062525,False,1e-24,False
UniGCN,random,1,182,base,0.0020263448944592938,3.047716463545012e-07,9.93177474841149e-34,0.0024534482805342248,0.003056429616925261,0.8259171022826977,0.00012422175302107403,3.249469476873726e-31,2.75949956518184e-09,4.530333795747396e-12,1.4212364357599516e-38,2.9717154560734306e-08,3.70711813524653e-08,0.09285880852226698,0.0001524484380389968,3.833804005993558e-31,False,1e-24,True
UniGCN,random,1,182,restart,9407.55713572362,971.3546105808286,938.6386781977393,1313.2595097231174,1218.7923557075767,7.163517237889313,0.7396516860446153,0.7701383043650675,0.012811318495896921,0.014438878001304552,0.013431914469078696,0.015906728557692797,0.014782631407323787,0.8054024716289713,0.9077214053748114,0.9086281122063353,False,1e-24,False
UniGCN,random,1,183,base,0.001915265980509047,2.8806486382579456e-07,9.504608876257417e-34,0.0023189566788429134,0.002888884159416154,0.8259171022826975,0.00012422175302107406,3.2900623049483252e-31,2.60823103454586e-09,4.281992775795806e-12,1.3601090222817462e-38,2.8088138067380244e-08,3.503903639296507e-08,0.09285880852226697,0.00015244843803899683,3.881696422892556e-31,False,1e-24,True
UniGCN,random,1,183,restart,9407.55713572354,971.3546105808289,938.6386781977394,1313.259509723041,1218.7923557074796,7.163517237889669,0.7396516860446585,0.770138304365129,0.012811318495896812,0.014438878001304556,0.013431914469078697,0.01590672855769187,0.014782631407322609,0.8054024716290114,0.9077214053748645,0.9086281122064078,False,1e-24,False
UniGCN,random,1,184,base,0.0018102761213678333,2.722739033094046e-07,8.86777348609934e-34,0.0021918375541135197,0.002730523104576255,0.8259171022826975,0.000124221753021074,3.2476463836681265e-31,2.4652546481267107e-09,4.047265159397058e-12,1.2689779119815632e-38,2.6548419986840108e-08,3.3118288291772614e-08,0.09285880852226697,0.00015244843803899677,3.831653075792591e-31,False,1e-24,True
UniGCN,random,1,184,restart,9407.557135723468,971.3546105808288,938.6386781977393,1313.259509722974,1218.7923557073946,7.16351723788998,0.7396516860446962,0.7701383043651826,0.012811318495896713,0.014438878001304554,0.013431914469078696,0.01590672855769106,0.014782631407321578,0.8054024716290462,0.9077214053749108,0.9086281122064711,False,1e-24,False
UniGCN,random,1,185,base,0.0017110415310167863,2.5734856184394136e-07,8.364135864016766e-34,0.002071686766489944,0.0025808429875331398,0.8259171022826975,0.00012422175302107406,3.2408542109768175e-31,2.3301158523207865e-09,3.825404695463323e-12,1.1969073951751142e-38,2.509310521426773e-08,3.1302830565202875e-08,0.09285880852226697,0.00015244843803899683,3.823639503405263e-31,False,1e-24,True
UniGCN,random,1,185,restart,9407.557135723406,971.354610580829,938.6386781977392,1313.259509722915,1218.7923557073202,7.163517237890254,0.7396516860447295,0.7701383043652296,0.012811318495896628,0.014438878001304558,0.013431914469078694,0.015906728557690344,0.014782631407320676,0.805402471629077,0.9077214053749516,0.9086281122065265,False,1e-24,False
UniGCN,random,1,186,base,0.0016172467207113933,2.432413884627236e-07,7.982011488765114e-34,0.001958122330003328,0.0024393679420385834,0.8259171022826977,0.0001242217530210741,3.27216380571704e-31,2.2023850109611717e-09,3.6157060404346974e-12,1.1422254174967018e-38,2.3717566981629455e-08,2.9586891470994957e-08,0.09285880852226698,0.00015244843803899685,3.860579333305307e-31,False,1e-24,True
UniGCN,random,1,186,restart,9407.557135723351,971.3546105808288,938.6386781977393,1313.2595097228634,1218.792355707255,7.1635172378904945,0.7396516860447584,0.7701383043652709,0.012811318495896553,0.014438878001304554,0.013431914469078696,0.01590672855768972,0.014782631407319885,0.805402471629104,0.907721405374987,0.9086281122065752,False,1e-24,False
UniGCN,random,1,187,base,0.0015285934959728892,2.299075333366448e-07,7.5568423022041345e-34,0.0018507831981540413,0.0023056481875843465,0.8259171022826975,0.000124221753021074,3.2775348567473875e-31,2.081656039409096e-09,3.4175025158357877e-12,1.0813837296201687e-38,2.2417432148183637e-08,2.7965015658664954e-08,0.09285880852226697,0.00015244843803899677,3.8669162314060864e-31,False,1e-24,True
UniGCN,random,1,187,restart,9407.557135723304,971.3546105808286,938.6386781977392,1313.2595097228186,1218.7923557071979,7.163517237890702,0.7396516860447836,0.7701383043653068,0.01281131849589649,0.014438878001304552,0.013431914469078694,0.015906728557689175,0.014782631407319193,0.8054024716291275,0.907721405375018,0.9086281122066177,False,1e-24,False
UniGCN,random,1,188,base,0.0014448000085619582,2.1730460518663254e-07,7.147460105309498e-34,0.0017493281160648826,0.0021792585994503066,0.8259171022826975,0.000124221753021074,3.2797668469048897e-31,1.9675451135209173e-09,3.2301639887571727e-12,1.0228011591212586e-38,2.118856729729751e-08,2.6432046825738294e-08,0.09285880852226697,0.00015244843803899677,3.869549588287285e-31,False,1e-24,True
UniGCN,random,1,188,restart,9407.557135723262,971.3546105808286,938.6386781977393,1313.259509722779,1218.792355707148,7.163517237890886,0.7396516860448059,0.7701383043653384,0.012811318495896432,0.014438878001304552,0.013431914469078696,0.015906728557688696,0.014782631407318588,0.8054024716291481,0.9077214053750453,0.9086281122066548,False,1e-24,False
UniGCN,random,1,189,base,0.0013655998604207439,2.0539253651238085e-07,6.7221220576099115e-34,0.0016534345355562357,0.0020597973571388054,0.8259171022826975,0.00012422175302107398,3.263487077654757e-31,1.8596894493861419e-09,3.053094868523281e-12,9.619353072248146e-39,2.0027065595400137e-08,2.498311132472206e-08,0.09285880852226697,0.00015244843803899672,3.850342316142708e-31,False,1e-24,True
UniGCN,random,1,189,restart,9407.557135723227,971.3546105808289,938.6386781977394,1313.259509722745,1218.7923557071044,7.163517237891046,0.7396516860448252,0.770138304365366,0.012811318495896385,0.014438878001304556,0.013431914469078697,0.015906728557688283,0.014782631407318059,0.8054024716291661,0.9077214053750691,0.9086281122066875,False,1e-24,False
UniGCN,random,1,190,base,0.0012907412567344152,1.9413345620889216e-07,6.32025908583199e-34,0.0015627975896939544,0.001946884666898273,0.8259171022826977,0.000124221753021074,3.246344887959524e-31,1.7577461499570162e-09,2.8857322131777167e-12,9.044287374382913e-39,1.892923437129305e-08,2.361360266869994e-08,0.09285880852226698,0.00015244843803899677,3.8301175391467064e-31,False,1e-24,True
UniGCN,random,1,190,restart,9407.557135723195,971.3546105808288,938.6386781977394,1313.2595097227145,1218.7923557070662,7.163517237891187,0.7396516860448423,0.7701383043653901,0.012811318495896342,0.014438878001304554,0.013431914469078697,0.015906728557687915,0.014782631407317596,0.805402471629182,0.90772140537509,0.9086281122067159,False,1e-24,False
UniGCN,random,1,191,base,0.0012199862054196719,1.8349156916584477e-07,5.995637668479097e-34,0.001477129123549849,0.0018401615542747662,0.8259171022826974,0.00012422175302107398,3.2582126577696395e-31,1.6613911149028515e-09,2.7275439397660687e-12,8.579754299623277e-39,1.7891583376330533e-08,2.231916688628999e-08,0.09285880852226695,0.00015244843803899672,3.8441194258436093e-31,False,1e-24,True
UniGCN,random,1,191,restart,9407.557135723167,971.3546105808286,938.6386781977393,1313.2595097226883,1218.7923557070328,7.16351723789131,0.739651686044857,0.7701383043654111,0.012811318495896304,0.014438878001304552,0.013431914469078696,0.0159067285576876,0.01478263140731719,0.8054024716291958,0.907721405375108,0.9086281122067407,False,1e-24,False
UniGCN,random,1,192,base,0.0011531097604951961,1.7343304246700898e-07,5.732284938146659e-34,0.001396156778093337,0.0017392887228526595,0.8259171022826977,0.00012422175302107406,3.2957638733751845e-31,1.5703180102232842e-09,2.5780271327263504e-12,8.202896683248933e-39,1.6910813688146035e-08,2.1095688679405103e-08,0.09285880852226698,0.00015244843803899683,3.888423273546457e-31,False,1e-24,True
UniGCN,random,1,192,restart,9407.557135723142,971.3546105808289,938.6386781977394,1313.2595097226654,1218.7923557070037,7.163517237891415,0.7396516860448701,0.7701383043654296,0.012811318495896269,0.014438878001304556,0.013431914469078697,0.01590672855768732,0.014782631407316837,0.8054024716292075,0.9077214053751241,0.9086281122067625,False,1e-24,False
UniGCN,random,1,193,base,0.001089899306928547,1.6392589782791087e-07,5.414122739720736e-34,0.0013196231243017568,0.0016439454755561831,0.8259171022826977,0.00012422175302107398,3.293371234157884e-31,1.4842372943446286e-09,2.436706445009008e-12,7.747606747322091e-39,1.5983807222647246e-08,1.9939278339808836e-08,0.09285880852226698,0.00015244843803899672,3.885600378953519e-31,False,1e-24,True
UniGCN,random,1,193,restart,9407.557135723122,971.3546105808288,938.6386781977392,1313.2595097226451,1218.792355706978,7.16351723789151,0.7396516860448814,0.7701383043654456,0.012811318495896241,0.014438878001304554,0.013431914469078694,0.015906728557687076,0.014782631407316525,0.8054024716292182,0.907721405375138,0.9086281122067814,False,1e-24,False
UniGCN,random,1,194,base,0.0010301538846858769,1.5493990992978335e-07,5.098532527410719e-34,0.0012472848447364789,0.0015538286950823787,0.8259171022826975,0.0001242217530210739,3.281270672595226e-31,1.4028752976030785e-09,2.3031325868433696e-12,7.295997322152684e-39,1.510761682093603e-08,1.884625938287128e-08,0.09285880852226697,0.00015244843803899664,3.8713238388217057e-31,False,1e-24,True
UniGCN,random,1,194,restart,9407.557135723102,971.3546105808286,938.6386781977393,1313.2595097226276,1218.7923557069555,7.1635172378915914,0.7396516860448913,0.7701383043654599,0.012811318495896215,0.014438878001304552,0.013431914469078696,0.015906728557686864,0.014782631407316253,0.8054024716292274,0.9077214053751501,0.9086281122067983,False,1e-24,False
UniGCN,random,1,195,base,0.0009736835498354669,1.4644651032658222e-07,4.782742085824602e-34,0.0011789119599828694,0.0014686518802240498,0.8259171022826974,0.00012422175302107395,3.25655259100269e-31,1.3259733521882231e-09,2.1768808973459377e-12,6.844101368996177e-39,1.4279456879637465e-08,1.781315685921003e-08,0.09285880852226695,0.0001524484380389967,3.8421608382444203e-31,False,1e-24,True
UniGCN,random,1,195,restart,9407.557135723087,971.3546105808288,938.6386781977395,1313.2595097226122,1218.7923557069362,7.163517237891663,0.7396516860449001,0.7701383043654724,0.012811318495896194,0.014438878001304554,0.0134319144690787,0.015906728557686677,0.014782631407316019,0.8054024716292355,0.9077214053751609,0.908628112206813,False,1e-24,False
UniGCN,random,1,196,base,0.0009203087706738948,1.3841869661956722e-07,4.48036057333604e-34,0.0011142870974947903,0.0013881442350189596,0.8259171022826974,0.00012422175302107398,3.227590087765517e-31,1.2532869697807817e-09,2.057549994429361e-12,6.411393586212758e-39,1.3496694494849686e-08,1.683668630705636e-08,0.09285880852226695,0.00015244843803899672,3.8079901646238447e-31,False,1e-24,True
UniGCN,random,1,196,restart,9407.557135723073,971.354610580829,938.6386781977393,1313.2595097225985,1218.7923557069191,7.163517237891727,0.7396516860449078,0.770138304365483,0.012811318495896175,0.014438878001304558,0.013431914469078696,0.01590672855768651,0.01478263140731581,0.8054024716292427,0.9077214053751704,0.9086281122068256,False,1e-24,False
UniGCN,random,1,197,base,0.0008698598569549787,1.308309466106958e-07,4.2819461284645676e-34,0.0010532048005191207,0.0013120498078294822,0.8259171022826975,0.0001242217530210741,3.263554556322958e-31,1.1845850642700751e-09,1.944760498719879e-12,6.127462621631103e-39,1.2756841091559115e-08,1.5913743310223706e-08,0.09285880852226697,0.00015244843803899685,3.8504219291350164e-31,False,1e-24,True
UniGCN,random,1,197,restart,9407.55713572306,971.3546105808289,938.6386781977393,1313.2595097225872,1218.7923557069041,7.16351723789178,0.7396516860449142,0.7701383043654926,0.012811318495896158,0.014438878001304556,0.013431914469078696,0.01590672855768637,0.01478263140731563,0.8054024716292486,0.9077214053751782,0.9086281122068368,False,1e-24,False
UniGCN,random,1,198,base,0.0008221764204068988,1.2365913716190172e-07,4.046704580851535e-34,0.0009954708749032315,0.0012401266776156505,0.8259171022826977,0.00012422175302107403,3.263138076048809e-31,1.1196492170800963e-09,1.8381538274262504e-12,5.7908320927060734e-39,1.2057544511909295e-08,1.5041393628480935e-08,0.09285880852226698,0.0001524484380389968,3.8499305554646947e-31,False,1e-24,True
UniGCN,random,1,198,restart,9407.557135723051,971.354610580829,938.6386781977393,1313.2595097225765,1218.792355706891,7.16351723789183,0.7396516860449203,0.7701383043655009,0.012811318495896146,0.014438878001304558,0.013431914469078696,0.015906728557686243,0.014782631407315469,0.8054024716292543,0.9077214053751856,0.9086281122068467,False,1e-24,False
UniGCN,random,1,199,base,0.0007771068648223499,1.168804675022957e-07,3.8086290858222605e-34,0.0009409017717087535,0.001172146184814581,0.8259171022826975,0.00012422175302107398,3.2492782343737598e-31,1.0582729827684698e-09,1.7373910543256315e-12,5.4501461865428164e-39,1.1396581537169978e-08,1.4216863868952686e-08,0.09285880852226697,0.00015244843803899672,3.8335783733886956e-31,False,1e-24,True
UniGCN,random,1,199,restart,9407.55713572304,971.3546105808288,938.6386781977393,1313.2595097225674,1218.7923557068796,7.163517237891873,0.7396516860449251,0.770138304365508,0.01281131849589613,0.014438878001304554,0.013431914469078696,0.015906728557686132,0.014782631407315332,0.805402471629259,0.9077214053751916,0.908628112206855,False,1e-24,False
UniGCN,random,1,200,base,0.000734507904100621,1.1047338673946413e-07,3.596025423107184e-34,0.0008893240036688466,0.0011078922043810718,0.8259171022826977,0.00012422175302107395,3.245826091100729e-31,1.0002612326906648e-09,1.6421518322420376e-12,5.145910458809448e-39,1.0771850819632345e-08,1.343753266888906e-08,0.09285880852226698,0.0001524484380389967,3.8295054498534536e-31,False,1e-24,True
UniGCN,random,1,200,restart,9407.55713572303,971.3546105808288,938.6386781977392,1313.2595097225592,1218.7923557068693,7.1635172378919085,0.7396516860449297,0.7701383043655143,0.012811318495896116,0.014438878001304554,0.013431914469078694,0.015906728557686035,0.014782631407315207,0.805402471629263,0.9077214053751973,0.9086281122068626,False,1e-24,False
UniGCN,random,1,201,base,0.0006942441067093384,1.0441752534440788e-07,3.4223091486495478e-34,0.0008405735936337473,0.00104716045867821,0.8259171022826977,0.0001242217530210739,3.2681802681600445e-31,9.45429534642805e-10,1.5521333745917035e-12,4.897322562891695e-39,1.0181366201959145e-08,1.2700922361772785e-08,0.09285880852226698,0.00015244843803899664,3.8558794577247774e-31,False,1e-24,True
UniGCN,random,1,201,restart,9407.557135723026,971.3546105808288,938.6386781977392,1313.2595097225524,1218.7923557068605,7.163517237891942,0.7396516860449336,0.77013830436552,0.012811318495896111,0.014438878001304554,0.013431914469078694,0.01590672855768595,0.0147826314073151,0.8054024716292668,0.9077214053752021,0.9086281122068692,False,1e-24,False
UniGCN,random,1,202,base,0.0006561874651176265,9.869363039229806e-08,3.212174085333309e-34,0.0007944955532510872,0.0009897578680335135,0.8259171022826975,0.00012422175302107395,3.2454140442605138e-31,8.936035665108437e-10,1.4670494927574705e-12,4.5966193995788846e-39,9.623250402750569e-09,1.2004691100268519e-08,0.09285880852226697,0.0001524484380389967,3.8290193068575227e-31,False,1e-24,True
UniGCN,random,1,202,restart,9407.557135723018,971.3546105808288,938.6386781977395,1313.2595097225465,1218.792355706853,7.16351723789197,0.7396516860449369,0.770138304365525,0.0128113184958961,0.014438878001304554,0.0134319144690787,0.01590672855768588,0.014782631407315009,0.8054024716292699,0.9077214053752062,0.9086281122068751,False,1e-24,False
UniGCN,random,1,203,base,0.0006202169888318111,9.328350435316257e-08,3.0623581957696893e-34,0.0007509433902235883,0.0009355019368958823,0.8259171022826977,0.00012422175302107398,3.2734920955171872e-31,8.446185620619451e-10,1.3866296862317689e-12,4.3822329416724954e-39,9.095729048250825e-09,1.1346625410971418e-08,0.09285880852226698,0.00015244843803899672,3.8621464822793677e-31,False,1e-24,True
UniGCN,random,1,203,restart,9407.557135723013,971.3546105808289,938.6386781977392,1313.2595097225408,1218.7923557068461,7.1635172378919965,0.7396516860449401,0.770138304365529,0.012811318495896094,0.014438878001304556,0.013431914469078694,0.01590672855768581,0.014782631407314926,0.8054024716292729,0.9077214053752101,0.9086281122068798,False,1e-24,False
UniGCN,random,1,204,base,0.0005862183197398386,8.81699472379079e-08,2.90084818260275e-34,0.0007097786425776007,0.0008842201736418164,0.8259171022826977,0.00012422175302107403,3.280685364432589e-31,7.983187871161336e-10,1.3106182826355937e-12,4.151112199138904e-39,8.597125031220937e-09,1.0724633157284867e-08,0.09285880852226698,0.0001524484380389968,3.8706332778564072e-31,False,1e-24,True
UniGCN,random,1,204,restart,9407.557135723007,971.3546105808289,938.6386781977393,1313.2595097225364,1218.7923557068405,7.163517237892015,0.7396516860449426,0.7701383043655328,0.012811318495896087,0.014438878001304556,0.013431914469078696,0.015906728557685757,0.014782631407314856,0.805402471629275,0.9077214053752131,0.9086281122068842,False,1e-24,False
UniGCN,random,1,205,base,0.0005540833685415059,8.333670191574331e-08,2.734522007855724e-34,0.0006708704384618161,0.0008357495421863356,0.8259171022826975,0.00012422175302107395,3.27193958216497e-31,7.545570444328375e-10,1.238773624879369e-12,3.913099531957886e-39,8.125853179043314e-09,1.0136736888054801e-08,0.09285880852226697,0.0001524484380389967,3.8603147888440394e-31,False,1e-24,True
UniGCN,random,1,205,restart,9407.557135723002,971.3546105808289,938.6386781977392,1313.2595097225321,1218.7923557068352,7.1635172378920355,0.739651686044945,0.7701383043655359,0.012811318495896078,0.014438878001304556,0.013431914469078694,0.015906728557685705,0.014782631407314794,0.8054024716292774,0.9077214053752161,0.9086281122068879,False,1e-24,False
UniGCN,random,1,206,base,0.0005237099711086332,7.876840242916151e-08,2.558614527548994e-34,0.0006340950800766637,0.000789935943655151,0.8259171022826975,0.0001242217530210741,3.2390151987639715e-31,7.131942057382564e-10,1.170867302881541e-12,3.6613760216410243e-39,7.680415214106875e-09,9.581067550814468e-09,0.09285880852226697,0.00015244843803899685,3.821469791568036e-31,False,1e-24,True
UniGCN,random,1,206,restart,9407.557135722998,971.354610580829,938.6386781977394,1313.259509722529,1218.7923557068307,7.163517237892051,0.739651686044947,0.7701383043655389,0.012811318495896073,0.014438878001304558,0.013431914469078697,0.015906728557685667,0.014782631407314738,0.805402471629279,0.9077214053752185,0.9086281122068914,False,1e-24,False
UniGCN,random,1,207,base,0.0004950015636826679,7.445052514215506e-08,2.4264850193057334e-34,0.0005993356504116041,0.0007466337264702078,0.8259171022826975,0.00012422175302107403,3.2499000959643295e-31,6.740987694057592e-10,1.106683427402317e-12,3.472298765952758e-39,7.25939499045063e-09,9.0558585496526e-09,0.09285880852226697,0.0001524484380389968,3.8343120609872614e-31,False,1e-24,True
UniGCN,random,1,207,restart,9407.557135722998,971.354610580829,938.6386781977394,1313.2595097225258,1218.7923557068268,7.1635172378920675,0.7396516860449488,0.7701383043655414,0.012811318495896073,0.014438878001304558,0.013431914469078697,0.01590672855768563,0.014782631407314692,0.8054024716292809,0.9077214053752207,0.9086281122068944,False,1e-24,False
UniGCN,random,1,208,base,0.00046786687587710733,7.036934256636123e-08,2.284680843324335e-34,0.0005664816415400541,0.0007057052232910554,0.8259171022826977,0.0001242217530210741,3.2374435783112518e-31,6.371464423830833e-10,1.0460179436839653e-12,3.2693770659012e-39,6.861453991521972e-09,8.55944012881369e-09,0.09285880852226698,0.00015244843803899685,3.8196155551056167e-31,False,1e-24,True
UniGCN,random,1,208,restart,9407.557135722995,971.3546105808288,938.6386781977394,1313.259509722523,1218.7923557068234,7.163517237892079,0.7396516860449501,0.7701383043655436,0.01281131849589607,0.014438878001304554,0.013431914469078697,0.015906728557685598,0.01478263140731465,0.8054024716292822,0.9077214053752224,0.9086281122068971,False,1e-24,False
UniGCN,random,1,209,base,0.00044221964050872184,6.651187971833506e-08,2.170014884468157e-34,0.0005354286032902095,0.0006670203133398776,0.8259171022826975,0.0001242217530210741,3.253296550449183e-31,6.0221974503719e-10,9.886779827155296e-13,3.105290140053615e-39,6.4853270747360635e-09,8.090234064174588e-09,0.09285880852226697,0.00015244843803899685,3.8383192815206064e-31,False,1e-24,True
UniGCN,random,1,209,restart,9407.557135722991,971.354610580829,938.6386781977394,1313.2595097225205,1218.7923557068204,7.163517237892091,0.7396516860449517,0.7701383043655455,0.012811318495896064,0.014438878001304558,0.013431914469078697,0.015906728557685566,0.014782631407314615,0.8054024716292836,0.9077214053752243,0.9086281122068993,False,1e-24,False
UniGCN,random,1,210,base,0.00041797831933506994,6.286587286920312e-08,2.0419446697149275e-34,0.0005060778111748109,0.0006304560087187153,0.8259171022826975,0.0001242217530210741,3.23883766904657e-31,5.692076376604861e-10,9.344812480595241e-13,2.922021731180362e-39,6.129818449307301e-09,7.646748645720393e-09,0.09285880852226697,0.00015244843803899685,3.821260337641295e-31,False,1e-24,True
UniGCN,random,1,210,restart,9407.55713572299,971.354610580829,938.6386781977394,1313.2595097225185,1218.7923557068177,7.1635172378920995,0.7396516860449528,0.7701383043655472,0.01281131849589606,0.014438878001304558,0.013431914469078697,0.015906728557685542,0.01478263140731458,0.8054024716292846,0.9077214053752256,0.9086281122069013,False,1e-24,False
UniGCN,random,1,211,base,0.0003950658438263645,5.941973055555288e-08,1.92466345810986e-34,0.0004783359525241313,0.0005958960634036958,0.8259171022826977,0.00012422175302107414,3.229864361104157e-31,5.380051674509991e-10,8.832554362911773e-13,2.7541923800466643e-39,5.7937978745655425e-09,7.227573935067895e-09,0.09285880852226698,0.00015244843803899694,3.8106734082420585e-31,False,1e-24,True
UniGCN,random,1,211,restart,9407.557135722986,971.354610580829,938.6386781977394,1313.2595097225164,1218.7923557068154,7.1635172378921075,0.7396516860449539,0.7701383043655486,0.012811318495896055,0.014438878001304558,0.013431914469078697,0.015906728557685518,0.014782631407314555,0.8054024716292855,0.9077214053752269,0.908628112206903,False,1e-24,False
UniGCN,random,1,212,base,0.00037340937014754386,5.6162496727602635e-08,1.8402343556652456e-34,0.000452114829824328,0.0005632306036731733,0.8259171022826974,0.00012422175302107414,3.267284028360578e-31,5.085131348441688e-10,8.348376892076757e-13,2.633374379565947e-39,5.476197066670639e-09,6.8313772829591335e-09,0.09285880852226695,0.00015244843803899694,3.8548220519673204e-31,False,1e-24,True
UniGCN,random,1,212,restart,9407.557135722986,971.354610580829,938.6386781977394,1313.259509722515,1218.7923557068134,7.1635172378921155,0.7396516860449548,0.77013830436555,0.012811318495896055,0.014438878001304558,0.013431914469078697,0.0159067285576855,0.014782631407314529,0.8054024716292864,0.907721405375228,0.9086281122069045,False,1e-24,False
UniGCN,random,1,213,base,0.00035294004757158496,5.3083815917492534e-08,1.746095172059292e-34,0.00042733108031800933,0.0005323557787948291,0.8259171022826975,0.0001242217530210741,3.2799402985953887e-31,4.806377781354592e-10,7.890740760658629e-13,2.4986612581322612e-39,5.176006302301469e-09,6.456899092474209e-09,0.09285880852226697,0.00015244843803899685,3.869754230857592e-31,False,1e-24,True
UniGCN,random,1,213,restart,9407.557135722984,971.3546105808288,938.6386781977394,1313.2595097225137,1218.7923557068116,7.163517237892123,0.7396516860449555,0.7701383043655511,0.012811318495896054,0.014438878001304554,0.013431914469078697,0.015906728557685483,0.014782631407314508,0.8054024716292871,0.9077214053752288,0.9086281122069059,False,1e-24,False
UniGCN,random,1,214,base,0.00033359279958779036,5.0173900316958363e-08,1.6420342023595685e-34,0.00040390591097556324,0.0005031734308611884,0.8259171022826975,0.00012422175302107411,3.2633563333207076e-31,4.542904753911292e-10,7.458191042023104e-13,2.34975006610043e-39,4.892271208521841e-09,6.1029488144936415e-09,0.09285880852226697,0.0001524484380389969,3.8501880607618815e-31,False,1e-24,True
UniGCN,random,1,214,restart,9407.557135722982,971.354610580829,938.6386781977394,1313.2595097225126,1218.79235570681,7.163517237892127,0.7396516860449562,0.7701383043655521,0.012811318495896052,0.014438878001304558,0.013431914469078697,0.01590672855768547,0.014782631407314487,0.8054024716292876,0.9077214053752298,0.9086281122069071,False,1e-24,False
UniGCN,random,1,215,base,0.0003153061170091458,4.74234986597208e-08,1.5448622011352571e-34,0.0003817648479946621,0.00047559078272389077,0.8259171022826975,0.0001242217530210741,3.2483013911397506e-31,4.2938746269947525e-10,7.049352564799091e-13,2.210696984275562e-39,4.624089728617515e-09,5.768401162679023e-09,0.09285880852226697,0.00015244843803899685,3.832425869716812e-31,False,1e-24,True
UniGCN,random,1,215,restart,9407.55713572298,971.3546105808288,938.6386781977394,1313.2595097225114,1218.7923557068086,7.1635172378921315,0.7396516860449566,0.7701383043655529,0.012811318495896049,0.014438878001304554,0.013431914469078697,0.015906728557685455,0.014782631407314471,0.8054024716292881,0.9077214053752303,0.908628112206908,False,1e-24,False
UniGCN,random,1,216,base,0.0002980218624209895,4.482386680966083e-08,1.4759638225741886e-34,0.00036083750003154864,0.0004495201430345826,0.8259171022826975,0.00012422175302107403,3.2834208776727486e-31,4.058495678668008e-10,6.662925540904318e-13,2.1121034413728354e-39,4.370609254258098e-09,5.45219253593846e-09,0.09285880852226697,0.0001524484380389968,3.873860703654129e-31,False,1e-24,True
UniGCN,random,1,216,restart,9407.55713572298,971.3546105808288,938.6386781977394,1313.2595097225103,1218.7923557068075,7.163517237892137,0.7396516860449572,0.7701383043655536,0.012811318495896049,0.014438878001304554,0.013431914469078697,0.01590672855768544,0.014782631407314457,0.8054024716292887,0.907721405375231,0.9086281122069089,False,1e-24,False
UniGCN,random,1,217,base,0.00028168508534929225,4.236673996127394e-08,1.3863278481876311e-34,0.0003410573344113611,0.0004248786274546967,0.8259171022826974,0.00012422175302107398,3.262879699298243e-31,3.836019587114746e-10,6.297681433231077e-13,1.983834409925664e-39,4.131023914866292e-09,5.153317637003109e-09,0.09285880852226695,0.00015244843803899672,3.8496257162198812e-31,False,1e-24,True
UniGCN,random,1,217,restart,9407.55713572298,971.3546105808288,938.6386781977394,1313.2595097225094,1218.7923557068063,7.163517237892141,0.7396516860449578,0.7701383043655543,0.012811318495896049,0.014438878001304554,0.013431914469078697,0.01590672855768543,0.014782631407314444,0.8054024716292892,0.9077214053752317,0.9086281122069096,False,1e-24,False
UniGCN,random,1,218,base,0.000266243847560929,4.0044306364022695e-08,1.300806557810269e-34,0.00032236146560602174,0.0004015878951477798,0.8259171022826977,0.0001242217530210741,3.2391577871927316e-31,3.6257390515584935e-10,5.952459049854629e-13,1.8614534890968323e-39,3.904572015576813e-09,4.870826276364474e-09,0.09285880852226698,0.00015244843803899685,3.8216380209030954e-31,False,1e-24,True
UniGCN,random,1,218,restart,9407.557135722978,971.3546105808288,938.6386781977394,1313.259509722509,1218.7923557068054,7.163517237892144,0.7396516860449581,0.7701383043655549,0.012811318495896047,0.014438878001304554,0.013431914469078697,0.015906728557685424,0.014782631407314433,0.8054024716292895,0.9077214053752322,0.9086281122069103,False,1e-24,False
UniGCN,random,1,219,base,0.00025164905794053,3.784918248705132e-08,1.2352609607890178e-34,0.00030469045530721406,0.00037957389971662,0.8259171022826975,0.00012422175302107398,3.254335879551338e-31,3.426985543596769e-10,5.62616085234684e-13,1.767657774785912e-39,3.6905336156397044e-09,4.603820351411476e-09,0.09285880852226697,0.00015244843803899672,3.8395455075565008e-31,False,1e-24,True
UniGCN,random,1,219,restart,9407.557135722978,971.3546105808288,938.6386781977394,1313.2595097225083,1218.7923557068048,7.163517237892147,0.7396516860449583,0.7701383043655553,0.012811318495896047,0.014438878001304554,0.013431914469078697,0.015906728557685417,0.014782631407314424,0.8054024716292898,0.9077214053752324,0.9086281122069109,False,1e-24,False
UniGCN,random,1,220,base,0.0002378543164189512,3.577438954530572e-08,1.1649370043405867e-34,0.00028798812345883314,0.0003587666537933476,0.8259171022826974,0.00012422175302107392,3.247060427783234e-31,3.2391271818012065e-10,5.317749466458436e-13,1.667024230688175e-39,3.4882282395691995e-09,4.35145099116331e-09,0.09285880852226695,0.00015244843803899666,3.8309617506286452e-31,False,1e-24,True
UniGCN,random,1,220,restart,9407.557135722976,971.3546105808288,938.6386781977394,1313.2595097225076,1218.792355706804,7.16351723789215,0.7396516860449589,0.7701383043655557,0.012811318495896043,0.014438878001304554,0.013431914469078697,0.01590672855768541,0.014782631407314416,0.8054024716292902,0.9077214053752332,0.9086281122069114,False,1e-24,False
UniGCN,random,1,221,base,0.00022481576645717608,3.381333131242972e-08,1.1045273542797655e-34,0.0002722013696481435,0.00033910000653408973,0.8259171022826974,0.00012422175302107387,3.2572318873391923e-31,3.0615667228265216e-10,5.026244384076432e-13,1.5805780537330647e-39,3.2970127137614275e-09,4.112915857520564e-09,0.09285880852226695,0.0001524484380389966,3.8429622887687824e-31,False,1e-24,True
UniGCN,random,1,221,restart,9407.557135722976,971.3546105808288,938.6386781977394,1313.2595097225071,1218.7923557068034,7.163517237892151,0.739651686044959,0.7701383043655562,0.012811318495896043,0.014438878001304554,0.013431914469078697,0.015906728557685403,0.014782631407314407,0.8054024716292904,0.9077214053752333,0.9086281122069119,False,1e-24,False
UniGCN,random,1,222,base,0.0002124919556166632,3.195977314990045e-08,1.048629333498295e-34,0.00025728000428780414,0.00032051143331078406,0.8259171022826975,0.00012422175302107395,3.2717376808255425e-31,2.893739662641621e-10,4.750718845971671e-13,1.5005880158657646e-39,3.1162791217030533e-09,3.887456594454669e-09,0.09285880852226697,0.0001524484380389967,3.8600765806782385e-31,False,1e-24,True
UniGCN,random,1,222,restart,9407.557135722976,971.3546105808288,938.6386781977394,1313.259509722507,1218.792355706803,7.163517237892153,0.7396516860449592,0.7701383043655565,0.012811318495896043,0.014438878001304554,0.013431914469078697,0.0159067285576854,0.014782631407314402,0.8054024716292905,0.9077214053752335,0.9086281122069123,False,1e-24,False
UniGCN,random,1,223,base,0.00020084370377286185,3.02078221857313e-08,9.8813321415294e-35,0.00024317658905205285,0.0003029418369315365,0.8259171022826975,0.00012422175302107392,3.2617918481040103e-31,2.735112441846242e-10,4.490296895425925e-13,1.4140181014106946e-39,2.9454528712700194e-09,3.6743564170261007e-09,0.09285880852226697,0.00015244843803899666,3.848342242626405e-31,False,1e-24,True
UniGCN,random,1,223,restart,9407.557135722976,971.3546105808288,938.6386781977394,1313.2595097225064,1218.7923557068023,7.163517237892156,0.7396516860449596,0.7701383043655569,0.012811318495896043,0.014438878001304554,0.013431914469078697,0.015906728557685396,0.014782631407314393,0.8054024716292909,0.9077214053752339,0.9086281122069126,False,1e-24,False
UniGCN,random,1,224,base,0.00018983397855291723,2.8551908579726674e-08,9.327961715481083e-35,0.00022984628605976032,0.00028633535975755716,0.8259171022826975,0.000124221753021074,3.2577051340704675e-31,2.5851807493674277e-10,4.244150593371475e-13,1.3348308230143873e-39,2.7839908679719024e-09,3.4729378325662785e-09,0.09285880852226697,0.00015244843803899677,3.843520636901331e-31,False,1e-24,True
UniGCN,random,1,224,restart,9407.557135722975,971.3546105808288,938.6386781977394,1313.2595097225064,1218.792355706802,7.163517237892155,0.7396516860449596,0.7701383043655571,0.012811318495896042,0.014438878001304554,0.013431914469078697,0.015906728557685396,0.014782631407314391,0.8054024716292908,0.9077214053752339,0.908628112206913,False,1e-24,False
UniGCN,random,1,225,base,0.0001794277776015539,2.698676781572606e-08,8.821949807633849e-35,0.00021724671532487387,0.0002706392061193535,0.8259171022826974,0.00012422175302107403,3.259671772663757e-31,2.443467919142914e-10,4.0114973861893905e-13,1.2624205460418933e-39,2.6313797883342276e-09,3.2825604867782976e-09,0.09285880852226695,0.0001524484380389968,3.845840925481037e-31,False,1e-24,True
UniGCN,random,1,225,restart,9407.557135722975,971.3546105808288,938.6386781977394,1313.2595097225058,1218.7923557068018,7.163517237892158,0.7396516860449598,0.7701383043655572,0.012811318495896042,0.014438878001304554,0.013431914469078697,0.015906728557685386,0.014782631407314388,0.8054024716292911,0.9077214053752342,0.9086281122069131,False,1e-24,False
UniGCN,random,1,226,base,0.00016959201730083512,2.550742396454113e-08,8.326735891945458e-35,0.00020533782002105414,0.00025580347446760207,0.8259171022826975,0.000124221753021074,3.2551300991027202e-31,2.3095234146941354e-10,3.791597617798248e-13,1.191555461170303e-39,2.4871344479294342e-09,3.1026191279087747e-09,0.09285880852226697,0.00015244843803899677,3.8404825473161903e-31,False,1e-24,True
UniGCN,random,1,226,restart,9407.557135722975,971.3546105808288,938.6386781977394,1313.2595097225058,1218.7923557068013,7.163517237892158,0.7396516860449598,0.7701383043655575,0.012811318495896042,0.014438878001304554,0.013431914469078697,0.015906728557685386,0.014782631407314383,0.8054024716292911,0.9077214053752342,0.9086281122069134,False,1e-24,False
UniGCN,random,1,227,base,0.00016029542759001247,2.4109173864374557e-08,7.898463426613e-35,0.0001940817391321509,0.00024178099872506918,0.8259171022826974,0.00012422175302107398,3.266784184142773e-31,2.18292139677095e-10,3.583752178123599e-13,1.1302696942674055e-39,2.3507962588681064e-09,2.9325416825184485e-09,0.09285880852226695,0.00015244843803899672,3.854232323466028e-31,False,1e-24,True
UniGCN,random,1,227,restart,9407.557135722975,971.3546105808288,938.6386781977394,1313.2595097225053,1218.7923557068011,7.163517237892162,0.7396516860449601,0.7701383043655577,0.012811318495896042,0.014438878001304554,0.013431914469078697,0.015906728557685382,0.01478263140731438,0.8054024716292915,0.9077214053752346,0.9086281122069138,False,1e-24,False
UniGCN,random,1,228,base,0.00015150845255107662,2.278757216842685e-08,7.485625760841998e-35,0.0001834426870836461,0.0002285271983352036,0.8259171022826975,0.000124221753021074,3.275595121882203e-31,2.0632593695143444e-10,3.3873002804721774e-13,1.071192646356942e-39,2.2219317718464882e-09,2.7717874367339962e-09,0.09285880852226697,0.00015244843803899677,3.8646276845064665e-31,False,1e-24,True
UniGCN,random,1,228,restart,9407.557135722975,971.3546105808288,938.6386781977392,1313.2595097225053,1218.792355706801,7.163517237892162,0.7396516860449601,0.7701383043655576,0.012811318495896042,0.014438878001304554,0.013431914469078694,0.015906728557685382,0.014782631407314378,0.8054024716292915,0.9077214053752346,0.9086281122069136,False,1e-24,False
UniGCN,random,1,229,base,0.00014320315644394637,2.1538417212154143e-08,7.171210770842767e-35,0.00017338683997238544,0.0002159999365306723,0.8259171022826975,0.00012422175302107398,3.320005962050107e-31,1.9501569008329313e-10,3.2016173607446273e-13,1.0261998780898729e-39,2.100131298115133e-09,2.619845317198859e-09,0.09285880852226697,0.00015244843803899672,3.9170246859730122e-31,False,1e-24,True
UniGCN,random,1,229,restart,9407.557135722975,971.3546105808288,938.6386781977394,1313.2595097225053,1218.7923557068007,7.163517237892162,0.7396516860449601,0.770138304365558,0.012811318495896042,0.014438878001304554,0.013431914469078697,0.015906728557685382,0.014782631407314374,0.8054024716292915,0.9077214053752346,0.908628112206914,False,1e-24,False
UniGCN,random,1,230,base,0.00013535313489256316,2.035773765524597e-08,6.738865111115437e-35,0.00016388222803289773,0.00020415938637124273,0.8259171022826975,0.00012422175302107411,3.300786327238223e-31,1.8432544129250655e-10,3.026113091807893e-13,9.64331237286734e-40,1.9850076069876173e-09,2.476232266257824e-09,0.09285880852226697,0.0001524484380389969,3.894348888135876e-31,False,1e-24,True
UniGCN,random,1,230,restart,9407.557135722975,971.3546105808288,938.6386781977394,1313.2595097225048,1218.7923557068004,7.163517237892163,0.7396516860449603,0.7701383043655581,0.012811318495896042,0.014438878001304554,0.013431914469078697,0.015906728557685375,0.014782631407314372,0.8054024716292917,0.9077214053752348,0.9086281122069141,False,1e-24,False
UniGCN,random,1,231,base,0.00012793343093953053,1.9241779855854574e-08,6.343643439098772e-35,0.00015489863399842886,0.00019296790412511814,0.8259171022826977,0.00012422175302107406,3.28740858116261e-31,1.742212039101359e-10,2.8602295067144777e-13,9.077750371411464e-40,1.876194694748411e-09,2.340491706209742e-09,0.09285880852226698,0.00015244843803899683,3.8785654943047104e-31,False,1e-24,True
UniGCN,random,1,231,restart,9407.557135722975,971.3546105808288,938.6386781977394,1313.2595097225048,1218.7923557068002,7.163517237892163,0.7396516860449603,0.7701383043655582,0.012811318495896042,0.014438878001304554,0.013431914469078697,0.015906728557685375,0.014782631407314369,0.8054024716292917,0.9077214053752348,0.9086281122069143,False,1e-24,False
UniGCN,random,1,232,base,0.00012092045570241823,1.818699593693616e-08,5.936640332034846e-35,0.00014640749703355723,0.00018238990959117528,0.8259171022826977,0.00012422175302107392,3.2549170868836723e-31,1.6467085432731901e-10,2.703439224801942e-13,8.495329142698762e-40,1.7733466210459932e-09,2.212192087745872e-09,0.09285880852226698,0.00015244843803899666,3.840231230261353e-31,False,1e-24,True
UniGCN,random,1,232,restart,9407.557135722973,971.3546105808288,938.6386781977394,1313.2595097225046,1218.7923557068,7.1635172378921625,0.7396516860449605,0.7701383043655583,0.012811318495896038,0.014438878001304554,0.013431914469078697,0.015906728557685372,0.014782631407314365,0.8054024716292916,0.907721405375235,0.9086281122069144,False,1e-24,False
UniGCN,random,1,233,base,0.00011429191337947987,1.7190032506763802e-08,5.622800465921791e-35,0.00013838182193297126,0.0001723917729816237,0.8259171022826977,0.00012422175302107403,3.261640836260301e-31,1.5564402986720228e-10,2.5552437750329527e-13,8.046224462001851e-40,1.6761364090718414e-09,2.0909255179590396e-09,0.09285880852226698,0.0001524484380389968,3.848164075139224e-31,False,1e-24,True
UniGCN,random,1,233,restart,9407.557135722975,971.3546105808288,938.6386781977392,1313.2595097225046,1218.7923557068,7.163517237892164,0.7396516860449605,0.7701383043655582,0.012811318495896042,0.014438878001304554,0.013431914469078694,0.015906728557685372,0.014782631407314365,0.8054024716292918,0.907721405375235,0.9086281122069143,False,1e-24,False
UniGCN,random,1,234,base,0.00010802673036636011,1.6247719997752207e-08,5.372051437674407e-35,0.00013079609329773193,0.00016294170800546082,0.8259171022826975,0.000124221753021074,3.2969161201467015e-31,1.4711203225526469e-10,2.415172011245412e-13,7.687402736576007e-40,1.5842550060287294e-09,1.9763064635617265e-09,0.09285880852226697,0.00015244843803899677,3.889782722625753e-31,False,1e-24,True
UniGCN,random,1,234,restart,9407.557135722973,971.3546105808288,938.6386781977394,1313.2595097225044,1218.7923557068,7.163517237892165,0.7396516860449607,0.7701383043655584,0.012811318495896038,0.014438878001304554,0.013431914469078697,0.01590672855768537,0.014782631407314365,0.8054024716292919,0.9077214053752353,0.9086281122069145,False,1e-24,False
UniGCN,random,1,235,base,0.00010210498825843858,1.5357062589700463e-08,5.048508889241038e-35,0.00012362619441616765,0.00015400967081281183,0.8259171022826975,0.0001242217530210741,3.278046672391861e-31,1.3904773638114656e-10,2.2827786142744804e-13,7.2244135226636815e-40,1.4974103005834258e-09,1.867970525190353e-09,0.09285880852226697,0.00015244843803899685,3.867520084090987e-31,False,1e-24,True
UniGCN,random,1,235,restart,9407.557135722973,971.3546105808288,938.6386781977394,1313.2595097225044,1218.7923557067998,7.163517237892164,0.7396516860449607,0.7701383043655585,0.012811318495896038,0.014438878001304554,0.013431914469078697,0.01590672855768537,0.014782631407314364,0.8054024716292918,0.9077214053752353,0.9086281122069146,False,1e-24,False
UniGCN,random,1,236,base,9.650786052580924e-05,1.4515228685415843e-08,4.759621807047475e-35,0.00011684933059150557,0.0001455672644788758,0.8259171022826975,0.0001242217530210741,3.269706155492243e-31,1.314255040619148e-10,2.1576426761842777e-13,6.811016262421205e-40,1.4153261941800574e-09,1.7655732788989795e-09,0.09285880852226697,0.00015244843803899685,3.857679737126849e-31,False,1e-24,True
UniGCN,random,1,236,restart,9407.557135722973,971.3546105808288,938.6386781977394,1313.2595097225044,1218.7923557067998,7.163517237892164,0.7396516860449607,0.7701383043655585,0.012811318495896038,0.014438878001304554,0.013431914469078697,0.01590672855768537,0.014782631407314364,0.8054024716292918,0.9077214053752353,0.9086281122069146,False,1e-24,False
UniGCN,random,1,237,base,9.121755265957147e-05,1.371954190843917e-08,4.522081584149837e-35,0.00011044395667248118,0.00013758764872381132,0.8259171022826978,0.00012422175302107414,3.2866915207100508e-31,1.2422110253260029e-10,2.0393663621083343e-13,6.4710963303922795e-40,1.337741723261642e-09,1.6687891811592873e-09,0.092858808522267,0.00015244843803899694,3.877719488747457e-31,False,1e-24,True
UniGCN,random,1,237,restart,9407.557135722973,971.3546105808288,938.6386781977394,1313.2595097225044,1218.7923557067998,7.163517237892164,0.7396516860449607,0.7701383043655585,0.012811318495896038,0.014438878001304554,0.013431914469078697,0.01590672855768537,0.014782631407314364,0.8054024716292918,0.9077214053752353,0.9086281122069146,False,1e-24,False
UniGCN,random,1,238,base,8.621724559914465e-05,1.296747259425118e-08,4.235804125000143e-35,0.00010438970855653008,0.00013004545458154162,0.8259171022826977,0.00012422175302107406,3.2571719931542796e-31,1.1741162740487017e-10,1.9275736454444176e-13,6.06143343933104e-40,1.2644102296091336e-09,1.577310533885592e-09,0.09285880852226698,0.00015244843803899683,3.84289162413639e-31,False,1e-24,True
UniGCN,random,1,238,restart,9407.557135722973,971.3546105808288,938.6386781977394,1313.2595097225044,1218.7923557067995,7.163517237892164,0.7396516860449607,0.7701383043655586,0.012811318495896038,0.014438878001304554,0.013431914469078697,0.01590672855768537,0.01478263140731436,0.8054024716292918,0.9077214053752353,0.9086281122069148,False,1e-24,False
UniGCN,random,1,239,base,8.149104226074892e-05,1.2256629747908688e-08,3.9882078150771945e-35,9.866733844779486e-05,0.0001229167037461917,0.8259171022826975,0.00012422175302107395,3.24464266737283e-31,1.1097542984890372e-10,1.8219091123826757e-13,5.707123252142703e-40,1.1950985761603058e-09,1.4908465061944688e-09,0.09285880852226697,0.0001524484380389967,3.8281092174342554e-31,False,1e-24,True
UniGCN,random,1,239,restart,9407.557135722973,971.3546105808288,938.6386781977394,1313.2595097225044,1218.7923557067995,7.163517237892164,0.7396516860449607,0.7701383043655586,0.012811318495896038,0.014438878001304554,0.013431914469078697,0.01590672855768537,0.01478263140731436,0.8054024716292918,0.9077214053752353,0.9086281122069148,False,1e-24,False
UniGCN,random,1,240,base,7.702391699705435e-05,1.1584753442541998e-08,3.7935643471153314e-35,9.325865366411839e-05,0.00011617873233974246,0.8259171022826977,0.00012422175302107406,3.265282957315956e-31,1.0489204776696683e-10,1.7220368319664022e-13,5.428588553503549e-40,1.1295864058153873e-09,1.4091222097889502e-09,0.09285880852226698,0.00015244843803899683,3.8524611391347034e-31,False,1e-24,True
UniGCN,random,1,240,restart,9407.557135722973,971.3546105808288,938.6386781977394,1313.2595097225042,1218.7923557067995,7.163517237892166,0.7396516860449608,0.7701383043655586,0.012811318495896038,0.014438878001304554,0.013431914469078697,0.01590672855768537,0.01478263140731436,0.805402471629292,0.9077214053752354,0.9086281122069148,False,1e-24,False
UniGCN,random,1,241,base,7.280166782731973e-05,1.0949707634546745e-08,3.5754530293048617e-35,8.814645879847749e-05,0.00010981011885854208,0.8259171022826977,0.00012422175302107398,3.256032382508189e-31,9.914214073987059e-11,1.6276392880931048e-13,5.1164713742718735e-40,1.0676654408730315e-09,1.3318778250277394e-09,0.09285880852226698,0.00015244843803899672,3.841547083468644e-31,False,1e-24,True
UniGCN,random,1,241,restart,9407.557135722973,971.3546105808288,938.6386781977394,1313.2595097225042,1218.7923557067995,7.163517237892166,0.7396516860449608,0.7701383043655586,0.012811318495896038,0.014438878001304554,0.013431914469078697,0.01590672855768537,0.01478263140731436,0.805402471629292,0.9077214053752354,0.9086281122069148,False,1e-24,False
UniGCN,random,1,242,base,6.88108712861499e-05,1.0349473372628206e-08,3.376361352659787e-35,8.331450105097482e-05,0.00010379061606960094,0.8259171022826978,0.000124221753021074,3.2530506904358607e-31,9.37074285394947e-11,1.5384163700604975e-13,4.831571291384094e-40,1.0091388208693654e-09,1.2588677749010185e-09,0.092858808522267,0.00015244843803899677,3.838029209830228e-31,False,1e-24,True
UniGCN,random,1,242,restart,9407.557135722973,971.3546105808288,938.6386781977394,1313.2595097225042,1218.7923557067995,7.163517237892166,0.7396516860449608,0.7701383043655586,0.012811318495896038,0.014438878001304554,0.013431914469078697,0.01590672855768537,0.01478263140731436,0.805402471629292,0.9077214053752354,0.9086281122069148,False,1e-24,False
UniGCN,random,1,243,base,6.503883974732576e-05,9.782142379107828e-09,3.1816697824928525e-35,7.874741855758795e-05,9.810108664015274e-05,0.8259171022826975,0.00012422175302107398,3.243256411790444e-31,8.857063301189282e-11,1.4540844184480847e-13,4.552967758515189e-40,9.5382047671497e-10,1.1898599442867335e-09,0.09285880852226697,0.00015244843803899672,3.826473679004704e-31,False,1e-24,True
UniGCN,random,1,243,restart,9407.557135722973,971.3546105808288,938.6386781977394,1313.2595097225042,1218.7923557067995,7.163517237892166,0.7396516860449608,0.7701383043655586,0.012811318495896038,0.014438878001304554,0.013431914469078697,0.01590672855768537,0.01478263140731436,0.805402471629292,0.9077214053752354,0.9086281122069148,False,1e-24,False
UniGCN,random,1,244,base,6.147358108703001e-05,9.245910983085823e-09,3.011495223758505e-35,7.443069155140055e-05,9.272344229583447e-05,0.8259171022826977,0.00012422175302107406,3.2478250906068816e-31,8.371542314621389e-11,1.3743753233010381e-13,4.309448055904828e-40,9.01534539140026e-10,1.1246349420052047e-09,0.09285880852226698,0.00015244843803899683,3.8318639186340376e-31,False,1e-24,True
UniGCN,random,1,244,restart,9407.557135722973,971.3546105808288,938.6386781977394,1313.2595097225042,1218.7923557067995,7.163517237892166,0.7396516860449608,0.7701383043655586,0.012811318495896038,0.014438878001304554,0.013431914469078697,0.01590672855768537,0.01478263140731436,0.805402471629292,0.9077214053752354,0.9086281122069148,False,1e-24,False
UniGCN,random,1,245,base,5.810376055822916e-05,8.739074386171807e-09,2.880248168652308e-35,7.035059620104731e-05,8.764058631405551e-05,0.8259171022826977,0.00012422175302107398,3.286431880237642e-31,7.912636315480105e-11,1.2990356717492543e-13,4.121633590184131e-40,8.521147795669489e-10,1.0629854033259707e-09,0.09285880852226698,0.00015244843803899672,3.8774131585325328e-31,False,1e-24,True
UniGCN,random,1,245,restart,9407.557135722973,971.3546105808288,938.6386781977392,1313.2595097225042,1218.7923557067995,7.163517237892166,0.7396516860449608,0.7701383043655585,0.012811318495896038,0.014438878001304554,0.013431914469078694,0.01590672855768537,0.01478263140731436,0.805402471629292,0.9077214053752354,0.9086281122069146,False,1e-24,False
UniGCN,random,1,246,base,5.491866475500191e-05,8.260021242553126e-09,2.7177036175529374e-35,6.649416097961387e-05,8.283635916972932e-05,0.8259171022826977,0.00012422175302107395,3.2808100751802e-31,7.478886339940358e-11,1.2278259423517123e-13,3.88903242442207e-40,8.054040816329198e-10,1.0047153307093737e-09,0.09285880852226698,0.0001524484380389967,3.8707804146635646e-31,False,1e-24,True
UniGCN,random,1,246,restart,9407.557135722973,971.3546105808288,938.6386781977394,1313.2595097225042,1218.7923557067993,7.163517237892166,0.7396516860449608,0.7701383043655587,0.012811318495896038,0.014438878001304554,0.013431914469078697,0.01590672855768537,0.014782631407314359,0.805402471629292,0.9077214053752354,0.9086281122069149,False,1e-24,False
UniGCN,random,1,247,base,5.190816755224853e-05,7.807228536169554e-09,2.5669017378868353e-35,6.284912542527936e-05,7.829548716056362e-05,0.8259171022826974,0.00012422175302107398,3.278479808961134e-31,7.068913400748492e-11,1.1605197436047523e-13,3.673235015205926e-40,7.612539416821626e-10,9.496394706869664e-10,0.09285880852226695,0.00015244843803899672,3.8680311092679395e-31,False,1e-24,True
UniGCN,random,1,247,restart,9407.557135722973,971.3546105808288,938.6386781977394,1313.2595097225042,1218.7923557067993,7.163517237892166,0.7396516860449608,0.7701383043655587,0.012811318495896038,0.014438878001304554,0.013431914469078697,0.01590672855768537,0.014782631407314359,0.805402471629292,0.9077214053752354,0.9086281122069149,False,1e-24,False
UniGCN,random,1,248,base,4.906269791249613e-05,7.379256738707856e-09,2.43414800141836e-35,5.9403901162592465e-05,7.400353384857742e-05,0.8259171022826974,0.00012422175302107406,3.289232114778465e-31,6.681414103116334e-11,1.0969030941933344e-13,3.4832644892609545e-40,7.19523996639928e-10,8.975827248996987e-10,0.09285880852226695,0.00015244843803899683,3.8807169441125282e-31,False,1e-24,True
UniGCN,random,1,248,restart,9407.557135722973,971.3546105808288,938.6386781977394,1313.2595097225042,1218.7923557067993,7.163517237892166,0.7396516860449608,0.7701383043655587,0.012811318495896038,0.014438878001304554,0.013431914469078697,0.01590672855768537,0.014782631407314359,0.805402471629292,0.9077214053752354,0.9086281122069149,False,1e-24,False
UniGCN,random,1,249,base,4.637320945745041e-05,6.9747452330224276e-09,2.3068312652960052e-35,5.614753506045895e-05,6.994685416346696e-05,0.8259171022826974,0.00012422175302107406,3.29797714691343e-31,6.31515650094044e-11,1.0367737426970418e-13,3.301074307905838e-40,6.800815777671867e-10,8.483795934214485e-10,0.09285880852226695,0.00015244843803899683,3.8910345480999415e-31,False,1e-24,True
UniGCN,random,1,249,restart,9407.557135722973,971.3546105808288,938.6386781977394,1313.2595097225042,1218.7923557067993,7.163517237892166,0.7396516860449608,0.7701383043655587,0.012811318495896038,0.014438878001304554,0.013431914469078697,0.01590672855768537,0.014782631407314359,0.805402471629292,0.9077214053752354,0.9086281122069149,False,1e-24,False
UniGCN,random,1,250,base,4.383115170755518e-05,6.592407987432e-09,2.1450595134481952e-35,5.306967440971153e-05,6.611255102190458e-05,0.8259171022826975,0.00012422175302107406,3.244557168483014e-31,5.968976180172546e-11,9.799405245880141e-14,3.069579017459789e-40,6.428012888773198e-10,8.01873648598096e-10,0.09285880852226697,0.00015244843803899683,3.828008343741298e-31,False,1e-24,True
UniGCN,random,1,250,restart,9407.557135722973,971.3546105808288,938.6386781977394,1313.2595097225042,1218.792355706799,7.163517237892166,0.7396516860449608,0.7701383043655589,0.012811318495896038,0.014438878001304554,0.013431914469078697,0.01590672855768537,0.014782631407314355,0.805402471629292,0.9077214053752354,0.9086281122069151,False,1e-24,False
UniGCN,random,1,251,base,4.1428442898123765e-05,6.231029467140035e-09,2.0511773235311706e-35,5.016053400955427e-05,6.248843432485385e-05,0.8259171022826975,0.00012422175302107403,3.2824911452699737e-31,5.641772556889365e-11,9.262227544765657e-14,2.9352336538576277e-40,6.075646076738646e-10,7.579170377293594e-10,0.09285880852226697,0.0001524484380389968,3.872763782499575e-31,False,1e-24,True
UniGCN,random,1,251,restart,9407.557135722973,971.3546105808288,938.6386781977394,1313.2595097225042,1218.792355706799,7.163517237892166,0.7396516860449608,0.7701383043655589,0.012811318495896038,0.014438878001304554,0.013431914469078697,0.01590672855768537,0.014782631407314355,0.805402471629292,0.9077214053752354,0.9086281122069151,False,1e-24,False
UniGCN,random,1,252,base,3.915744428561889e-05,5.889460769780358e-09,1.91824489014189e-35,4.7410865058241594e-05,5.9062982202544617e-05,0.8259171022826975,0.0001242217530210741,3.2477955203204182e-31,5.332505378292506e-11,8.754496516723091e-14,2.7450074127144763e-40,5.742595089418797e-10,7.16370013012311e-10,0.09285880852226697,0.00015244843803899685,3.8318290308828193e-31,False,1e-24,True
UniGCN,random,1,252,restart,9407.557135722973,971.3546105808288,938.6386781977394,1313.2595097225042,1218.792355706799,7.163517237892166,0.7396516860449608,0.7701383043655589,0.012811318495896038,0.014438878001304554,0.013431914469078697,0.01590672855768537,0.014782631407314355,0.805402471629292,0.9077214053752354,0.9086281122069151,False,1e-24,False
UniGCN,random,1,253,base,3.7010935862394876e-05,5.566615972802025e-09,1.8153075770211044e-35,4.481192574908887e-05,5.582530438389665e-05,0.8259171022826975,0.000124221753021074,3.2517647634085223e-31,5.040191415514398e-11,8.27459797234508e-14,2.597704172646642e-40,5.427801083949718e-10,6.771004872521541e-10,0.09285880852226697,0.00015244843803899677,3.8365120414973936e-31,False,1e-24,True
UniGCN,random,1,253,restart,9407.557135722973,971.3546105808288,938.6386781977394,1313.2595097225042,1218.792355706799,7.163517237892166,0.7396516860449608,0.7701383043655589,0.012811318495896038,0.014438878001304554,0.013431914469078697,0.01590672855768537,0.014782631407314355,0.805402471629292,0.9077214053752354,0.9086281122069151,False,1e-24,False
UniGCN,random,1,254,base,3.498209340269403e-05,5.261468681081017e-09,1.7083520099949132e-35,4.235545347833256e-05,5.2765107573935606e-05,0.8259171022826978,0.000124221753021074,3.2376547467493242e-31,4.763901337715927e-11,7.821006207855124e-14,2.4446508133874612e-40,5.130263260456946e-10,6.39983613927773e-10,0.092858808522267,0.00015244843803899677,3.8198646968223137e-31,False,1e-24,True
UniGCN,random,1,254,restart,9407.557135722973,971.3546105808288,938.6386781977394,1313.2595097225042,1218.792355706799,7.163517237892166,0.7396516860449608,0.7701383043655589,0.012811318495896038,0.014438878001304554,0.013431914469078697,0.01590672855768537,0.014782631407314355,0.805402471629292,0.9077214053752354,0.9086281122069151,False,1e-24,False
UniGCN,random,1,255,base,3.3064466766921244e-05,4.9730487637827505e-09,1.634271422643117e-35,4.00336385764825e-05,4.987266272912815e-05,0.8259171022826975,0.00012422175302107403,3.2768882454086824e-31,4.5027567575378255e-11,7.392279154557272e-14,2.33864153247449e-40,4.849035680290999e-10,6.049013902769861e-10,0.09285880852226697,0.0001524484380389968,3.8661533434459774e-31,False,1e-24,True
UniGCN,random,1,255,restart,9407.557135722973,971.3546105808288,938.6386781977392,1313.2595097225042,1218.792355706799,7.163517237892166,0.7396516860449608,0.7701383043655587,0.012811318495896038,0.014438878001304554,0.013431914469078694,0.01590672855768537,0.014782631407314355,0.805402471629292,0.9077214053752354,0.9086281122069149,False,1e-24,False
UniGCN,random,1,256,base,3.125195939522149e-05,4.700439270101268e-09,1.5419008219469658e-35,3.78390994796527e-05,4.713877412659747e-05,0.8259171022826977,0.00012422175302107403,3.2709820111273692e-31,4.2559274385126964e-11,6.987053794180317e-14,2.20645925223963e-40,4.583224258678863e-10,5.717422821396268e-10,0.09285880852226698,0.0001524484380389968,3.859185022983457e-31,False,1e-24,True
UniGCN,random,1,256,restart,9407.557135722973,971.3546105808288,938.6386781977394,1313.2595097225042,1218.792355706799,7.163517237892166,0.7396516860449608,0.7701383043655589,0.012811318495896038,0.014438878001304554,0.013431914469078697,0.01590672855768537,0.014782631407314355,0.805402471629292,0.9077214053752354,0.9086281122069151,False,1e-24,False
UniGCN,random,2,0,base,739078.932065906,67297.72227943303,70128.01712160054,82559.99999999997,82686.58024827458,8.952021948472701,0.8151371400125127,0.8481184844146932,1.0,1.0,1.0,1.0,1.0,1.0,1.0,1.0,False,1e-24,False
UniGCN,random,2,0,restart,739078.932065906,67297.72227943303,70128.01712160054,82559.99999999997,82686.58024827458,8.952021948472701,0.8151371400125127,0.8481184844146932,1.0,1.0,1.0,1.0,1.0,1.0,1.0,1.0,False,1e-24,False
UniGCN,random,2,1,base,14327.647315674882,2562.8019095130726,1884.1820575386203,4070.866429960877,2915.042718465919,3.5195572151976937,0.6295470395813754,0.646365161513035,0.01938581482173441,0.038081554957712066,0.026867750363902165,0.04930797516909979,0.03525412116105439,0.39315779557468167,0.7723203969968925,0.7621165832261126,False,1e-24,False
UniGCN,random,2,1,restart,33673.600863866115,4684.919273767629,3885.4684422085197,6811.016737716785,5385.7600898387345,4.943990326348002,0.6878443342862971,0.7214336281965471,0.045561575906026955,0.06961482669970534,0.0554053658108028,0.08249778025335257,0.06513463337904966,0.5522763856931219,0.8438387855517642,0.8506283514082654,False,1e-24,False
UniGCN,random,2,2,base,1366.0900571829939,298.0338028804457,194.03475814904988,634.3714245588607,448.33004377834294,2.153454591894594,0.4698096278338786,0.4327944576584785,0.001848368283702038,0.004428586775091024,0.00276686502931628,0.007683762409869924,0.005422041187725843,0.240555106353598,0.5763565475947603,0.5102995225450844,False,1e-24,False
UniGCN,random,2,2,restart,12782.081875878082,1613.2892095422721,1393.7724151561204,2412.3995328303718,1982.7567939912617,5.298492932835789,0.6687487655286787,0.7029467352627127,0.017294609981844622,0.023972419197838324,0.01987468735554504,0.029219955581763234,0.02397918486939283,0.5918766691294541,0.8204125817631289,0.8288308157177272,False,1e-24,False
UniGCN,random,2,3,base,312.24027145122574,57.25078681866194,37.66097983961082,190.79930645299848,161.72949059863544,1.6364853586516732,0.3000576253811756,0.23286402313029098,0.0004224721581204297,0.0008507091307034986,0.0005370318652288066,0.002311038111107056,0.0019559339630811526,0.18280622724912698,0.3681069241631777,0.2745654379776854,False,1e-24,False
UniGCN,random,2,3,restart,10270.025587896864,1142.518119792657,1055.9410608454823,1651.5541223919452,1455.1244920454862,6.218400867797654,0.6917836383938473,0.7256705983699944,0.013895708756288906,0.016977069670333016,0.015057335201913697,0.020004289273158258,0.017598073202160884,0.6946364635375555,0.8486714743279004,0.8556240804854017,False,1e-24,False
UniGCN,random,2,4,base,124.72509525746494,14.7019758795991,10.414806065191529,96.33524226809226,98.67272866416292,1.2946985165653737,0.15261264240852618,0.10554898203574353,0.0001687574761586396,0.00021846171581489313,0.00014851134386321618,0.0011668512871619706,0.0011933342553034406,0.14462637871282938,0.18722327191002916,0.1244507506620203,False,1e-24,False
UniGCN,random,2,4,restart,9729.163354809783,1028.0893797111485,978.9456737274995,1446.362272189851,1318.5310213757264,6.726643484747038,0.7108104238328753,0.742451757188154,0.013163902978013996,0.015276733667780382,0.013959409005248613,0.017518922870516613,0.015946130767734105,0.7514105219429971,0.8720132956056499,0.8754104182749156,False,1e-24,False
UniGCN,random,2,5,base,73.08291383626563,4.648934980900924,3.623184425727656,68.0998078917248,77.5844705469144,1.0731735683082062,0.06826649185695931,0.046699866612310764,9.888377366133418e-05,6.90801237164856e-05,5.1665291198026156e-05,0.0008248523242699227,0.0009382957949640608,0.1198805783191025,0.08374847434372992,0.05506290391081319,False,1e-24,False
UniGCN,random,2,5,restart,9567.590095030926,992.6584226920254,955.75556273394,1375.8975811356506,1271.5216742813705,6.953708056622895,0.72146243754037,0.7516628163449177,0.012945288628762798,0.01475025289222,0.013628726462872599,0.016665426128096548,0.015377606262872424,0.7767751348966768,0.8850810521641735,0.8862709988730622,False,1e-24,False
UniGCN,random,2,6,base,53.90095256269557,1.7341397741893039,1.4679237952364244,56.66554295103951,67.69882353323179,0.951212143317278,0.03060307347072709,0.021683150734751758,7.292989993914352e-05,2.5768179300167447e-05,2.0932059046972263e-05,0.0006863558981472812,0.0008187401550524816,0.10625668131651125,0.037543465962374525,0.02556618106220833,False,1e-24,False
UniGCN,random,2,6,restart,9508.008632895264,979.9183353565762,947.4381527019207,1347.4875557606117,1251.8935261264107,7.05610125470013,0.72721883862107,0.7568040994935639,0.012864672797962268,0.01456094355300418,0.013510123223063364,0.016321312448650826,0.01514022616931886,0.788213131660604,0.8921429326725401,0.8923329857806984,False,1e-24,False
UniGCN,random,2,7,base,44.93396036526792,0.7361712147946763,0.6567453673383681,50.53769593100398,61.65500928683797,0.8891177078316649,0.01456677438955123,0.010651938503212086,6.0797241560744444e-05,1.0939021260451468e-05,9.364949905821308e-06,0.0006121329449007267,0.00074564710623795,0.09932032259855626,0.01787033576868749,0.012559493395033412,False,1e-24,False
UniGCN,random,2,7,restart,9482.433342409371,974.8368071383278,944.0663309007585,1334.5082686552928,1242.3563079103074,7.10556357358825,0.7304839018499412,0.759899816896101,0.01283006852313278,0.014485435377598943,0.013462042271404408,0.016164102091270508,0.01502488437881952,0.7937383994909134,0.8961484712115165,0.8959830859252242,False,1e-24,False
UniGCN,random,2,8,base,39.84703978600986,0.34330795412911,0.3128322895163761,46.43858976640444,57.216509154418276,0.8580587822853489,0.007392729965660433,0.005467517926899235,5.391445765424223e-05,5.1013309589235374e-06,4.460874588453447e-06,0.0005624829186822245,0.0006919685030221359,0.09585083540057024,0.00906930822161649,0.006446643985919609,False,1e-24,False
UniGCN,random,2,8,restart,9470.057091806842,972.645823097715,942.5664396057402,1327.8946847370075,1237.0897676928066,7.131632651788502,0.732472111137601,0.7619224281222878,0.012813323017253004,0.014452878792228707,0.013440654367445602,0.016083995696911435,0.014961191573993301,0.7966504877711147,0.8985875813809162,0.8983679074606052,False,1e-24,False
UniGCN,random,2,9,base,36.44687877220462,0.1708787982860329,0.15494447463730537,43.26237960796368,53.57113570078944,0.8424612585456471,0.003949824300801469,0.0028923126719343022,4.9313919245846584e-05,2.5391468313966318e-06,2.2094518139395677e-06,0.000524011380910413,0.0006478818635374307,0.09410848894191763,0.0048455948170154995,0.0034102695850690675,False,1e-24,False
UniGCN,random,2,9,restart,9463.44252785323,971.6405971850098,941.8483580230594,1324.1666812176857,1233.8475499856024,7.146715486868147,0.7337751439958468,0.7633425685645279,0.012804373277696604,0.014437941794680243,0.013430414785433241,0.0160388406155243,0.014921980644027773,0.798335340105756,0.9001861257169352,0.9000423674191335,False,1e-24,False
UniGCN,random,2,10,base,33.8636943762615,0.08918624237691661,0.0786559160079709,40.577128441443456,50.38098981243338,0.8345512774549815,0.0021979436643877,0.0015612221256629546,4.581877916828749e-05,1.325249047903854e-06,1.1216047342616739e-06,0.0004914865363546932,0.0006093006829059746,0.09322489179077177,0.0026964096671560824,0.0018408066259048596,False,1e-24,False
UniGCN,random,2,10,restart,9459.596134436944,971.1546455208686,941.4834617083653,1321.859895433929,1231.6648374727597,7.156277429334996,0.7346880322759668,0.7643990743782095,0.012799168971025955,0.014430720871777035,0.013425211496795245,0.016010899896244303,0.014895583222507993,0.7994034722575635,0.9013060455872358,0.9012880728637103,False,1e-24,False
UniGCN,random,2,11,base,31.718494906674543,0.048493230845468735,0.04057950166014894,38.19224934695055,47.49005668632118,0.8304955965943154,0.0012697139255910485,0.0008544841697743703,4.291624822536019e-05,7.205775946489772e-07,5.786489241494582e-07,0.00046259991941558333,0.0005743381398012546,0.09277184544168882,0.0015576690881384178,0.0010075056557269475,False,1e-24,False
UniGCN,random,2,11,restart,9457.191183663535,970.9086717429357,941.2887418119975,1320.3101521341555,1230.0885125359152,7.162855764137607,0.7353640886374723,0.7652203335119874,0.012795914987359169,0.014427065862816826,0.013422434861944296,0.01599212878069472,0.014876519367985152,0.8001383157197974,0.9021354230359129,0.902256403526076,False,1e-24,False
UniGCN,random,2,12,base,29.834634289812293,0.02754786577708582,0.021172625950270748,36.015111846917016,44.819958303933916,0.8283921043095751,0.0007648974101254662,0.0004723928078356198,4.036731801624653e-05,4.0934321168704355e-07,3.019139399529556e-07,0.0004362295524093632,0.0005420463413695135,0.0925368714551584,0.0009383665307088384,0.0005569891666276197,False,1e-24,False
UniGCN,random,2,12,restart,9455.59041090874,970.7788931252492,941.1805632336933,1319.1956733335662,1228.8883671050787,7.16769361971508,0.7358869595684174,0.7658796261948956,0.012793749085064646,0.014425137437703899,0.013420892274790909,0.015978629764214713,0.014862004976082222,0.8006787361527812,0.9027768745233732,0.9030337626982006,False,1e-24,False
UniGCN,random,2,13,base,28.125255871295433,0.016512210485800587,0.011140045553592283,33.996963551783466,42.32811645687346,0.827287290773943,0.000485696625836879,0.0002631831152927029,3.805446840796622e-05,2.4536061439403144e-07,1.5885299500591428e-07,0.0004117849267415634,0.0005119103526809204,0.09241345648343567,0.0005958465171019239,0.00031031408951584386,False,1e-24,False
UniGCN,random,2,13,restart,9454.466149287988,970.7077952738808,941.118446821166,1318.350590899931,1227.9387342421626,7.171435439517034,0.736304744712298,0.7664213373006665,0.012792227919229746,0.014424080970278847,0.013420006517356479,0.01596839378512514,0.01485052024832997,0.8010967221478437,0.9032894080878163,0.9036724837209417,False,1e-24,False
UniGCN,random,2,14,base,26.545407113574175,0.01058073581054173,0.005900445521863206,32.110148661990706,39.98939449681071,0.8266983561180579,0.00032951375971255824,0.0001475502591651841,3.5916877023369184e-05,1.5722279227532382e-07,8.413820558525069e-08,0.0003889310642198488,0.0004836261746070357,0.09234766859112765,0.0004042433396023399,0.0001739736391513882,False,1e-24,False
UniGCN,random,2,14,restart,9453.639815112792,970.6675101251029,941.0818103448731,1317.6840276054445,1227.1662712103714,7.1744360689355675,0.7366466389435138,0.7668739211815778,0.012791109859792055,0.014423482359398518,0.013419484094538943,0.015960320101810137,0.014841178187871408,0.801431912279839,0.9037088396342804,0.9042061165673283,False,1e-24,False
UniGCN,random,2,15,base,25.070402888732236,0.007324272678765571,0.003142546118763938,30.33767178144249,37.78752000557066,0.8263786051000712,0.00024142500886458328,8.31635978836574e-05,3.392114400914438e-05,1.0883388665598204e-07,4.4811563876315334e-08,0.00036746210975584426,0.00045699701078590895,0.09231195028973975,0.0002961771670235481,9.805657984338188e-05,False,1e-24,False
UniGCN,random,2,15,restart,9453.009034702081,970.6439999185018,941.0597313733858,1317.1430744001068,1226.52542473332,7.176903723240134,0.7369313317466152,0.7672566034071392,0.0127902563915313,0.014423133013153134,0.01341916925644151,0.01595376785852843,0.014833427879718293,0.8017075655700979,0.9040580971875517,0.9046573297322263,False,1e-24,False
UniGCN,random,2,16,base,23.685639306930725,0.005487769320051448,0.0016816809991551662,28.668134691383056,35.710903236522476,0.8262009217519846,0.0001914240106350881,4.709152798563961e-05,3.204750978454166e-05,8.154465164905848e-08,2.398015897468149e-08,0.00034724000352934914,0.0004318826964338951,0.09229210188575801,0.00023483657072986475,5.552470421410353e-05,False,1e-24,False
UniGCN,random,2,16,restart,9452.512440040167,970.6299287810898,941.0461951928679,1316.69503488658,1225.9862395023722,7.178968697830933,0.7371714049675137,0.767582999605965,0.01278958448134638,0.014422923925283064,0.013418976235434022,0.01594834102333552,0.014826907048534697,0.8019382368757185,0.9043526159980856,0.9050421771383657,False,1e-24,False
UniGCN,random,2,17,base,22.381660873974923,0.004413300419437386,0.0009037003418818751,27.09318584057853,33.75053774156407,0.8260992636920915,0.0001628933727250124,2.6775879803804155e-05,3.0283180730659874e-05,6.557874872960065e-08,1.2886437959808236e-08,0.0003281635881853021,0.0004081743088204248,0.09228074600878651,0.00019983554267017194,3.157091879949159e-05,False,1e-24,False
UniGCN,random,2,17,restart,9452.111721705005,970.6213273365731,941.0377829878026,1316.3185251639936,1225.5279828930222,7.180717691812029,0.7373757253896037,0.7678631545942814,0.012789042295230965,0.014422796113460831,0.013418856280451542,0.01594378058580419,0.014821364956843712,0.8021336110594687,0.9046032737243266,0.9053725024330794,False,1e-24,False
UniGCN,random,2,18,base,21.151722437866336,0.003752359476817874,0.0004874501057121705,25.606202717662228,31.898922621283564,0.826039013714308,0.00014654103609941483,1.5281083674811466e-05,2.8619030417687742e-05,5.5757599956167296e-08,6.9508610926064265e-09,0.00031015264919649025,0.00038578113311136966,0.0922740156881807,0.0001797747015884534,1.8017628380493683e-05,False,1e-24,False
UniGCN,random,2,18,restart,9451.782043986459,970.615977079286,941.0324988228364,1315.998815760162,1225.1356494167537,7.18221166371401,0.7375507982646838,0.7681047394799349,0.01278859622958866,0.014422716612147772,0.013418780930182374,0.015939908136629873,0.014816620130354449,0.8023004975919839,0.9048180509274331,0.9056573504703441,False,1e-24,False
UniGCN,random,2,19,base,19.99056447310547,0.00331882544994311,0.000263815060454839,24.20159808187039,30.149498097279984,0.8260018369646656,0.0001371324917766182,8.750230587707188e-06,2.704794252114177e-05,4.9315568752278294e-08,3.761906742598883e-09,0.000293139511650562,0.00036462383625919894,0.09226986279960911,0.000168232417645101,1.0317226600415308e-05,False,1e-24,False
UniGCN,random,2,19,restart,9451.50671667548,970.6126011845766,941.0291513325302,1315.72528703102,1224.7979572829977,7.183495528920886,0.7377015633520262,0.7683137824789,0.012788223701974851,0.014422666448567267,0.013418733196188979,0.015936595046402862,0.014812536128661041,0.802443913818426,0.905003007642005,0.9059038290023024,False,1e-24,False
UniGCN,random,2,20,base,18.893788611618586,0.0030125902995136187,0.0001432166266090536,22.874448257207348,28.496343404985105,0.8259778945997299,0.00013170111320890126,5.025789610045179e-06,2.556396589306887e-05,4.476511533339519e-08,2.0422169695846225e-09,0.0002770645379991201,0.00034463081336079003,0.09226718827925232,0.000161569270671288,5.925810723856108e-06,False,1e-24,False
UniGCN,random,2,20,restart,9451.27412908462,970.6104456572837,941.0270164063484,1315.48997884404,1224.5061514236593,7.184603669417334,0.7378318810989254,0.7684951319454566,0.012787909002717751,0.014422634418845904,0.013418702752918664,0.01593374489878925,0.01480900706918776,0.8025677004336539,0.9051628798162716,0.906117654629133,False,1e-24,False
UniGCN,random,2,21,base,17.857533985436397,0.002779436860120815,7.796295595935307e-05,21.620289995473218,26.93401051576254,0.825961815922698,0.00012855687230387585,2.8945914279541455e-06,2.4161876642214967e-05,4.1300608192652655e-08,1.1117233761816893e-09,0.0002618736675808288,0.0003257361767156234,0.09226539218479182,0.00015771195544089973,3.412956421945894e-06,False,1e-24,False
UniGCN,random,2,21,restart,9451.07593217093,970.6090553944518,941.0256474564309,1315.2867289246499,1224.2532598678258,7.185563211679271,0.7379448405048539,0.7686527602614077,0.012787640835266222,0.014422613760452355,0.01341868323219109,0.015931283053835395,0.014805948633888174,0.8026748876442595,0.9053014569959678,0.9063035111089146,False,1e-24,False
UniGCN,random,2,22,base,16.87830593606116,0.0025897813401971315,4.254739559710655e-05,20.435006501125432,25.45742901530303,0.8259506027136134,0.00012673259193993907,1.6713154958236497e-06,2.283694637172538e-05,3.8482451596858856e-08,6.067103754456688e-10,0.000247517036108593,0.00030787860543832625,0.09226413959524846,0.0001554739512151215,1.9706155761680687e-06,False,1e-24,False
UniGCN,random,2,22,restart,9450.905931808686,970.6081506660602,941.024765815132,1315.1106400460947,1224.033614428786,7.186396067389001,0.7380429608812535,0.7687899700812347,0.012787410818748542,0.014422600316782034,0.013418670660307056,0.015929150194356773,0.014803292272500627,0.8027679231299324,0.9054218298407115,0.9064652925372745,False,1e-24,False
UniGCN,random,2,23,base,15.952882657136206,0.002427334249411737,2.327268290785842e-05,19.31476105726453,24.061848707707465,0.8259425322342324,0.00012567249691648584,9.672026115102178e-07,2.158481586336659e-05,3.6068594406999106e-08,3.318599878206176e-10,0.00023394817172074292,0.0002910006513204368,0.09226323806937782,0.00015417343996196358,1.1404097767987068e-06,False,1e-24,False
UniGCN,random,2,23,restart,9450.759398633398,970.6075569705903,941.0241959653629,1314.9577377757612,1223.8425307803818,7.18712026032051,0.7381283284528702,0.7689095388483679,0.012787212554166871,0.014422591494856866,0.013418662534456753,0.01592729818042347,0.014800981333436145,0.8028488202653145,0.905526557704805,0.9066062737437102,False,1e-24,False
UniGCN,random,2,24,base,15.078262103596503,0.002283017401330772,1.275605726475227e-05,18.25595631432862,22.742802508990692,0.8259365789433868,0.00012505602894869396,5.608832622852677e-07,2.0401423243724563e-05,3.3924140728734425e-08,1.8189673383511657e-10,0.00022112350186929055,0.0002750482900696001,0.09226257304745542,0.00015341716480588076,6.613265393836413e-07,False,1e-24,False
UniGCN,random,2,24,restart,9450.632627792935,970.6071641409142,941.0238265307203,1314.8247425717093,1223.6760877121021,7.187750824728267,0.7382026917461803,0.7690138231679802,0.012787041028724916,0.01442258565766561,0.01341865726645321,0.01592568728890152,0.014798968394120237,0.8029192584759652,0.9056177856585562,0.9067292333555199,False,1e-24,False
UniGCN,random,2,25,base,14.25162995461081,0.002151684235145028,7.004846731082457e-06,17.255207583006634,21.496080463301283,0.8259321069336873,0.0001246976731397924,3.258662314295543e-07,1.928296063692957e-05,3.197261604502487e-08,9.988656486516932e-11,0.00020900202983292925,0.0002599706070653447,0.09226207349442425,0.00015297753840277505,3.8422253189593243e-07,False,1e-24,False
UniGCN,random,2,25,restart,9450.522651786476,970.6069019510169,941.0235864105267,1314.7089127956,1223.5309699416873,7.188300436551283,0.7382675301767873,0.7691048363535704,0.012786892227288847,0.014422581761695755,0.013418653842426647,0.015924284311962217,0.014797213359990406,0.8029806537480255,0.9056973286304371,0.9068365452314696,False,1e-24,False
UniGCN,random,2,26,base,13.47033875848582,0.002030343519842589,3.853149193617995e-06,16.30932390005328,20.31771002525519,0.8259287044045901,0.00012448974171369278,1.8964485608016247e-07,1.8225845946972044e-05,3.016957262553722e-08,5.494450508898196e-11,0.00019754510537855238,0.00024571955889636835,0.09226169340944268,0.00015272245074219267,2.2360655918381606e-07,False,1e-24,False
UniGCN,random,2,26,restart,9450.42704886366,970.6067252811488,941.0234299936235,1314.6079330854025,1223.4043528188834,7.1887798719450755,0.7383241047413442,0.769184307563875,0.012786762873144562,0.014422579136497426,0.013418651611978536,0.0159230612050073,0.014795682070119378,0.8030342098492674,0.905766733595295,0.906930248188975,False,1e-24,False
UniGCN,random,2,27,base,12.731893149871379,0.0019171932259472208,2.122743564995982e-06,15.415293518155718,19.203940013714693,0.8259260931279769,0.00012436955700449053,1.1053687750951121e-07,1.7226702856057105e-05,2.8488233494540386e-08,3.026955063217014e-11,0.00018671624900866912,0.00023224977929977244,0.0922614017125916,0.0001525750096512366,1.3033188114723775e-07,False,1e-24,False
UniGCN,random,2,27,restart,9450.343812136114,970.6066049507865,941.0233279029,1314.519832599092,1223.2938154034375,7.189198350435478,0.7383734964513132,0.7692537279709488,0.012786650250900937,0.01442257734846719,0.013418650156201976,0.015921994096403738,0.01479434524599249,0.8030809566616425,0.9058273267244072,0.9070121004399865,False,1e-24,False
UniGCN,random,2,28,base,12.033938473187062,0.0018110929148958594,1.1710608490108933e-06,14.570272009412578,18.151226836757424,0.8259240778355398,0.0001243005562096487,6.451689792336342e-08,1.6282345431697353e-05,2.6911652483212654e-08,1.6698901481561896e-11,0.000176481007865947,0.00021951841256775384,0.09226117659111081,0.0001524903603432186,7.60706187979007e-08,False,1e-24,False
UniGCN,random,2,28,restart,9450.27125793541,970.606521980155,941.0232611538454,1314.4429234838556,1223.197273283441,7.1895637985466925,0.738416636157634,0.7693143875540591,0.01278655208249489,0.01442257611557804,0.013418649204384753,0.01592106254219787,0.01479317767902205,0.8031217796302766,0.9058802499740093,0.9070836229739544,False,1e-24,False
UniGCN,random,2,29,base,11.374251407694885,0.0017112744438948983,6.468492346138011e-07,13.771571996421466,17.156222221974105,0.8259225170990268,0.00012426137294562829,3.770347727166304e-08,1.538976544210383e-05,2.5428415493608524e-08,9.22383465501638e-12,0.00016680683135200425,0.00020748496515953207,0.09226100224653011,0.0001524422908073123,4.445543631522559e-08,False,1e-24,False
UniGCN,random,2,29,restart,9450.20795999549,970.6064639604717,941.0232174431799,1314.375753412016,1223.1129254938683,7.189883057005194,0.7384543281788741,0.7693674049460427,0.012786466438137876,0.014422575253443613,0.013418648581086571,0.015920248951211437,0.01479215758858755,0.8031574429095156,0.9059264900720123,0.907146134749087,False,1e-24,False
UniGCN,random,2,30,base,10.750731844835558,0.0016171826726734961,3.576968795369364e-07,13.016653968359245,16.21576202514865,0.8259213059645228,0.00012423950706568122,2.205859206506562e-08,1.4546121365933999e-05,2.4030273505522877e-08,5.1006273129995584e-12,0.0001576629598880723,0.0001961111703550834,0.09226086695480373,0.00015241546602056937,2.6008856628432976e-08,False,1e-24,False
UniGCN,random,2,30,restart,9450.152700949815,970.6064227388276,941.0231887780265,1314.3170681581805,1223.039211768973,7.190162046813251,0.7384872693611046,0.7694137520063272,0.012786391670689803,0.014422574640917027,0.013418648172331916,0.01591953813176091,0.014791266105052086,0.8031886079144344,0.9059669019004195,0.9072007816659226,False,1e-24,False
UniGCN,random,2,31,base,10.161395610900776,0.0015283873383443928,1.980010310239203e-07,12.303117878675268,15.326855872570636,0.8259203651550235,0.00012422764322152143,1.29185680788105e-08,1.3748728545809303e-05,2.2710833094740354e-08,2.8234226369268446e-12,0.0001490203231428691,0.00018536086299070835,0.09226076186016649,0.00015240091160564036,1.5232032217439423e-08,False,1e-24,False
UniGCN,random,2,31,restart,9450.104435674719,970.6063929316368,941.023169954666,1314.2657815269652,1222.9747775574597,7.190405904576789,0.738516064691229,0.7694542743016247,0.012786326366061295,0.014422574198001728,0.013418647903917646,0.015918916927409953,0.014790486846660702,0.8032158484378537,0.9060022276495615,0.9072485607157159,False,1e-24,False
UniGCN,random,2,32,base,9.604367808390688,0.0014445340226093954,1.0970243552198387e-07,11.628695350527046,14.486677490899451,0.8259196340503829,0.00012422150370840397,7.572642905241665e-09,1.299505017893574e-05,2.1464827837878578e-08,1.5643168026804765e-12,0.00014085144562169392,0.00017519986250975406,0.09226068019094753,0.00015239337972809965,8.928755880692456e-09,False,1e-24,False
UniGCN,random,2,32,restart,9450.062262915731,970.6063709648831,941.023157578805,1314.2209507930131,1222.918445005626,7.19061909431095,0.7385412402527978,0.7694897083463942,0.0127862693048231,0.01442257387159018,0.013418647727442374,0.015918373919489023,0.014789805568614558,0.8032396631397599,0.906033112712127,0.9072903403083326,False,1e-24,False
UniGCN,random,2,33,base,9.077876645130189,0.0013653166632719785,6.083059931367983e-08,10.991242386470661,13.692555632443115,0.8259190659196386,0.00012421859288196335,4.442603772925189e-09,1.2282688967679417e-05,2.0287709851500208e-08,8.67422205995085e-13,0.00013313035836325904,0.00016559586321419838,0.09226061672698961,0.00015238980876280101,5.238187652508406e-09,False,1e-24,False
UniGCN,random,2,33,restart,9450.025402840962,970.6063544516537,941.0231494326202,1314.1817563696218,1222.8691886267393,7.190805500866413,0.7385632540912132,0.7695206962319271,0.012786219431835019,0.014422573626214425,0.013418647611280745,0.015917899180833604,0.014789209868819759,0.8032604859836422,0.9060601190124595,0.9073268775211186,False,1e-24,False
UniGCN,random,2,34,base,8.580247671615828,0.001290461978629308,3.375586619992716e-08,10.388732517375637,12.941965533599063,0.825918624554532,0.0001242174612226227,2.6082488098343673e-09,1.160937932249258e-05,1.9175418348797344e-08,4.813463660521754e-13,0.0001258325159565848,0.00015651833096422106,0.09226056742359098,0.00015238842045734282,3.0753354133466175e-09,False,1e-24,False
UniGCN,random,2,34,restart,9449.993178938515,970.606341786844,941.0231440647317,1314.1474847895965,1222.8261147201006,7.190968508722231,0.7385825054044405,0.7695477981185638,0.012786175831752473,0.014422573438023662,0.013418647534736608,0.015917484069641438,0.014788688938984357,0.8032786950381726,0.9060837362816064,0.9073588328282305,False,1e-24,False
UniGCN,random,2,35,base,8.109898375084295,0.0012197205022061663,1.874414285914556e-08,9.819250346728152,12.232520861082515,0.8259182818153297,0.0001242172731253956,1.5323205308220337e-09,1.0972980047496619e-05,1.812424642161964e-08,2.672846549567144e-13,0.00011893471834699801,0.00014793840577700964,0.09226052913735751,0.0001523881897020283,1.8067293178729912e-09,False,1e-24,False
UniGCN,random,2,35,restart,9449.96500317532,970.6063318823544,941.0231405239728,1314.117514329558,1222.788443839806,7.191111068934002,0.738599342371251,0.7695715029567728,0.012786137708945867,0.014422573290849445,0.013418647484246675,0.015917121055348333,0.01478823335259801,0.8032946199557601,0.906104391660909,0.9073867827416502,False,1e-24,False
UniGCN,random,2,36,base,7.665333094394816,0.0011528613000523365,1.0414588190606208e-08,9.280985458334678,11.56196611037791,0.825918015797671,0.00012421755267561844,9.007627328416207e-10,1.0371467460137632e-05,1.7130762542979324e-08,1.4850823705092825e-13,0.00011241503704378247,0.0001398288098946887,0.09226049942142739,0.00015238853265072875,1.0620718088266388e-09,False,1e-24,False
UniGCN,random,2,36,restart,9449.940363662237,970.606323993511,941.0231381861637,1314.091302778822,1222.755495778462,7.191235756358082,0.7386140688558199,0.7695922377245709,0.012786104370811041,0.014422573173626406,0.013418647450910367,0.015916803570479924,0.014787834883327121,0.8033085483648723,0.9061224579271188,0.9074112307028479,False,1e-24,False
UniGCN,random,2,37,base,7.245138228767466,0.001089668749558873,5.789655472495289e-09,8.77222666222238,10.928169426790046,0.8259178094392698,0.00012421803397437675,5.297918842932779e-10,9.802928908439504e-06,1.619176270237438e-08,8.255837980498073e-14,0.00010625274542420522,0.00013216376096311086,0.09226047636983052,0.00015238912310199722,6.246673006530449e-10,False,1e-24,False
UniGCN,random,2,37,restart,9449.918814287641,970.6063176049324,941.0231366411952,1314.0683769727195,1222.7266766488906,7.191344818796918,0.7386269501751221,0.7696103754113256,0.012786075213743154,0.014422573078696321,0.013418647428879679,0.015916525883875,0.01478748634878276,0.8033207313598945,0.9061382605677665,0.9074326164963284,False,1e-24,False
UniGCN,random,2,38,base,6.847977718766089,0.0010299404798624387,3.2201342526336474e-09,8.291356557569408,10.32911582327678,0.8259176494483742,0.00012421857300566545,3.117531362536412e-10,9.26555665661355e-06,1.530423980154824e-08,4.5917942425920883e-14,0.00010042825287753646,0.0001249188900092687,0.09226045849779037,0.00015238978437880852,3.675820560246243e-10,False,1e-24,False
UniGCN,random,2,38,restart,9449.8999659275,970.6063123552397,941.0231356192953,1314.0483237948076,1222.7014677325535,7.191440219365272,0.7386382180772847,0.769626241934903,0.012786049711243593,0.01442257300068933,0.013418647414307759,0.01591628299170068,0.014787181475655085,0.8033313882337162,0.9061520838885421,0.907451324405505,False,1e-24,False
UniGCN,random,2,39,base,6.472588781281527,0.0009734859729277948,1.7917803970738011e-09,7.83684639404073,9.762900771854707,0.8259175254734343,0.0001242190957919055,1.8352951022910047e-10,8.757642114339616e-06,1.4465362867493414e-08,2.5550136316657732e-14,9.492304256347787e-05,0.00011807116393664653,0.09226044464897046,0.00015239042572639825,2.163960738996964e-10,False,1e-24,False
UniGCN,random,2,39,restart,9449.883478939833,970.6063079872173,941.0231349428136,1314.0307824139056,1222.6794158271482,7.191523673121396,0.7386480750505635,0.7696401221461695,0.012786027403764715,0.014422572935783385,0.013418647404661376,0.01591607052342425,0.014786914782978486,0.803340710569676,0.9061641762994935,0.9074676902924909,False,1e-24,False
UniGCN,random,2,40,base,6.117777882528339,0.0009201255457527315,9.97392667141492e-10,7.407251214630991,9.227724147296817,0.8259174294567393,0.00012421956797351169,1.0808652829459251e-10,8.277570388087855e-06,1.3672461928684511e-08,1.4222456417269485e-14,8.971961258031727e-05,0.00011159881228114247,0.09226043392327121,0.00015239100499285908,1.274427220734207e-10,False,1e-24,False
UniGCN,random,2,40,restart,9449.86905672076,970.606304314699,941.0231344946397,1314.0154375674451,1222.6601248741167,7.191596678814302,0.7386566980609619,0.7696522650491494,0.01278600788999095,0.01442257288121217,0.01341864739827058,0.0159158846604584,0.014786681480875852,0.8033488657879414,0.9061747549002898,0.9074820077530852,False,1e-24,False
UniGCN,random,2,41,base,5.782416934687168,0.0008696895572223932,5.553939149214046e-10,7.001205264389924,8.72188450336781,0.8259173551300014,0.000124219977043935,6.367820104782956e-11,7.823815135040991e-06,1.2923016229453883e-08,7.919715082751632e-15,8.480142035356015e-05,0.00010548125798865422,0.09226042562048349,0.00015239150683531383,7.508172763358105e-11,False,1e-24,False
UniGCN,random,2,41,restart,9449.856440148455,970.6063012004645,941.0231341974988,1314.0020137371132,1222.6432486842318,7.191660546449549,0.7386642417997463,0.7696628883447374,0.012785990819321287,0.01442257283493669,0.01341864739403346,0.015915722065614264,0.014786477382582826,0.8033560002247887,0.9061840094642326,0.9074945334741762,False,1e-24,False
UniGCN,random,2,42,base,5.465439703063578,0.0008220177517254846,3.093672382319924e-10,6.617417650424911,8.243773663123907,0.8259172976202639,0.00012422032205760836,3.752738137582011e-11,7.394933701852846e-06,1.2214644476559094e-08,4.411464218296034e-15,8.015283006813122e-05,9.969905199091759e-05,0.09226041919626583,0.00015239193009375273,4.424780507138534e-11,False,1e-24,False
UniGCN,random,2,42,restart,9449.845402776995,970.606298541412,941.0231340003528,1313.9902700893385,1222.6284846089045,7.1917164212597235,0.7386708415089104,0.7696721823893773,0.012785975885366358,0.014422572795424915,0.013418647391222227,0.015915579821818543,0.014786298827909466,0.8033622418102647,0.9061921059045003,0.9075054919013426,False,1e-24,False
UniGCN,random,2,43,base,5.165838411635939,0.0007769586899348871,1.723741105228832e-10,6.254668239444422,7.791871605925875,0.8259172531419188,0.00012422060774304176,2.2122298626146406e-11,6.9895625318342644e-06,1.154509638095634e-08,2.4579920778879294e-15,7.575906297776676e-05,9.423381136975329e-05,0.0922604142277408,0.00015239228056905237,2.6083971794829508e-11,False,1e-24,False
UniGCN,random,2,43,restart,9449.83574666839,970.6062962585501,941.0231338694617,1313.979996074071,1222.6155680284967,7.191765304572938,0.7386766154420478,0.7696803136466592,0.012785962820309048,0.014422572761503084,0.013418647389355769,0.01591545537880416,0.014786142616582683,0.8033677023993356,0.9061991892931155,0.9075150793085638,False,1e-24,False
UniGCN,random,2,44,base,4.882660535711584,0.0007343692385664162,9.606870282839591e-11,5.9118037798817005,7.364741634825566,0.8259172187560816,0.00012422084120341213,1.3044409103792179e-11,6.606412825303186e-06,1.0912245075950335e-08,1.369904736673429e-15,7.160615043461365e-05,8.906816091211181e-05,0.09226041038661559,0.00015239256697530096,1.5380408921041778e-11,False,1e-24,False
UniGCN,random,2,44,restart,9449.82729877105,970.6062942901912,941.023133782503,1313.971007591986,1222.6042675481597,7.19180807199774,0.7386816670094927,0.7696874276986236,0.012785951390004416,0.014422572732254562,0.01341864738811577,0.015915346506685885,0.01478600595014536,0.8033724798032617,0.9062053864925766,0.9075234673487906,False,1e-24,False
UniGCN,random,2,45,base,4.615005771149301,0.000694114102918061,5.355412115086249e-11,5.587734236349914,6.961025808915201,0.8259171921827064,0.00012422103012749554,7.693423731064763e-12,6.244266438835204e-06,1.0314080171034115e-08,7.6366227577775e-16,6.768088949067243e-05,8.418567786954107e-05,0.09226040741819401,0.0001523927987449924,9.071166201941912e-12,False,1e-24,False
UniGCN,random,2,45,restart,9449.81990776835,970.6062925872819,941.0231337246948,1313.9631436537775,1222.5943808075763,7.191845489281341,0.7386860866494986,0.7696936518742288,0.012785941389715704,0.014422572706950448,0.013418647387291446,0.01591525125549634,0.014785886381279967,0.8033766595610656,0.9062108084513969,0.90753080615312,False,1e-24,False
UniGCN,random,2,46,base,4.362023170265964,0.0006560653927120302,2.986035626486626e-11,5.281429324844424,6.579440626091913,0.8259171716539928,0.00012422118187321496,4.538433882426089e-12,5.901972010043696e-06,9.748701300586682e-09,4.2579781220805114e-16,6.397080093077067e-05,7.957083974614136e-05,0.09226040512500105,0.00015239298490473408,5.351179069700587e-12,False,1e-24,False
UniGCN,random,2,46,restart,9449.813441333095,970.6062911101667,941.0231336862437,1313.9562634663337,1222.585730824189,7.191878226147075,0.738689953461328,0.7696990975445673,0.012785932640399532,0.014422572685001484,0.013418647386743147,0.015915167919892614,0.014785781769584077,0.8033803164852692,0.9062155522075572,0.9075372270370397,False,1e-24,False
UniGCN,random,2,47,base,4.12290843514367,0.0006201022155322782,1.6652492155232574e-11,4.991915237733024,6.2187729424977265,0.8259171558001062,0.00012422130304718174,2.6777778042727856e-12,5.578441295328409e-06,9.214312082621386e-09,2.3745847720687003e-16,6.046408960432444e-05,7.520897494883994e-05,0.09226040335401717,0.0001523931335594338,3.1573156976065485e-12,False,1e-24,False
UniGCN,random,2,47,restart,9449.807783733493,970.6062898263135,941.0231336606525,1313.9502438898246,1222.5781628005996,7.191906868374435,0.7386933366311695,0.7697038621277352,0.012785924985466672,0.014422572665924269,0.013418647386378225,0.01591509500835544,0.014785690242959481,0.803383516011312,0.9062197026378044,0.9075428448643308,False,1e-24,False
UniGCN,random,2,48,base,3.8969013596028175,0.0005861102942683772,9.288329349099397e-12,4.718271548166388,5.8778761156539705,0.8259171435601727,0.00012422139935887135,1.58021863107368e-12,5.272645708774335e-06,8.709214434252842e-09,1.3244819589000534e-16,5.7149606930309956e-05,7.108621614299527e-05,0.09226040198673573,0.00015239325171340431,1.863205035749488e-12,False,1e-24,False
UniGCN,random,2,48,restart,9449.802833744183,970.6062887086969,941.023133643612,1313.9449772174878,1222.5715413362327,7.191931928348949,0.7386962966776038,0.7697080308405535,0.012785918287955628,0.01442257264931722,0.013418647386135234,0.015915031216297098,0.01478561016389046,0.803386315376043,0.9062233339855728,0.9075477601124887,False,1e-24,False
UniGCN,random,2,49,base,3.6832834116140036,0.0005539816061693547,5.181587709891158e-12,4.459628284100968,5.555666359023861,0.8259171341130126,0.0001242214756203686,9.326671860837897e-13,4.9836130510692916e-06,8.23180320827378e-09,7.388755482571811e-17,5.401681545664934e-05,6.718945616498381e-05,0.09226040093142553,0.00015239334527005082,1.0996897287617139e-12,False,1e-24,False
UniGCN,random,2,49,restart,9449.798502822448,970.6062877346266,941.0231336322588,1313.940369236461,1222.5657479913627,7.191953854278626,0.7386988865397689,0.769711678229437,0.012785912428064964,0.014422572634843173,0.01341864738597334,0.01591497540257342,0.014785540099983443,0.8033887646472584,0.9062265111959315,0.9075520606777405,False,1e-24,False
UniGCN,random,2,50,base,3.4813754483934716,0.0005236140417862565,2.8910025257573e-12,4.215163162657543,5.251119296411152,0.8259171268232856,0.00012422153581740175,5.505497709284837e-13,4.710424417947049e-06,7.78056112526529e-09,4.122464379314135e-17,5.1055755361646616e-05,6.350630635157665e-05,0.09226040011711485,0.00015239341911901463,6.491425208217591e-13,False,1e-24,False
UniGCN,random,2,50,restart,9449.794713515286,970.6062868848861,941.0231336246915,1313.9363375335806,1222.5606791584676,7.191973038247583,0.7387011525283128,0.7697148695085069,0.012785907300998019,0.014422572622216587,0.013418647385865434,0.01591492656896295,0.014785478798223473,0.8033909076233443,0.9062292910822017,0.9075558234527874,False,1e-24,False
UniGCN,random,2,51,base,3.290535556866981,0.000494911082468432,1.6132014396155268e-12,3.9840989760418792,4.9632667052391195,0.8259171211996498,0.00012422158320979167,3.2502815895681474e-13,4.452211278258374e-06,7.354053981403211e-09,2.3003665379819147e-17,4.8257012791204947e-05,6.002505715360853e-05,0.09226039948891758,0.00015239347725940302,3.832343769527962e-13,False,1e-24,False
UniGCN,random,2,51,restart,9449.79139806766,970.6062861430836,941.023133619645,1313.9328100148427,1222.5562442017647,7.19198982325505,0.7387031351565985,0.7697176617293879,0.012785902815079828,0.014422572611193889,0.013418647385793474,0.01591488384223405,0.014785425162474001,0.8033927826195814,0.906231723345668,0.9075591157060897,False,1e-24,False
UniGCN,random,2,52,base,3.1101570125990547,0.00046778149530423,9.002807655201832e-13,3.7657011207308275,4.691193438355322,0.8259171168622782,0.00012422162043849232,1.919086853591378e-13,4.208152712329936e-06,6.950926115477009e-09,1.2837676045497121e-17,4.5611689931332714e-05,5.673464090871279e-05,0.09226039900440451,0.00015239352293110515,2.262757962309695e-13,False,1e-24,False
UniGCN,random,2,52,restart,9449.78849720618,970.6062854951597,941.0231336162782,1313.929723611331,1222.5523638308757,7.192004509368639,0.7387048698673563,0.7697201048039988,0.012785898890111391,0.014422572601566165,0.013418647385745464,0.015914846458470584,0.014785378233808221,0.8033944231555042,0.9062338514670266,0.9075619962878194,False,1e-24,False
UniGCN,random,2,53,base,2.9396663506710703,0.00044213904453375264,5.024719655076121e-13,3.559275262078965,4.434034514575404,0.8259171135176596,0.0001242216496274863,1.1332161801084403e-13,3.977472801793964e-06,6.569896120672653e-09,7.165067345856023e-18,4.311137672091771e-05,5.362459665476284e-05,0.09226039863078853,0.00015239355873979615,1.3361531447937958e-13,False,1e-24,False
UniGCN,random,2,53,restart,9449.785959075902,970.6062849289997,941.023133614031,1313.9270231479318,1222.5489686789588,7.192017359104101,0.738706387668017,0.7697222423989003,0.012785895455931132,0.0144225725931534,0.01341864738571342,0.015914813749369334,0.014785337173313196,0.8033958585558569,0.9062357134858038,0.9075645166843687,False,1e-24,False
UniGCN,random,2,54,base,2.778521542354845,0.00041790221854964675,2.8046967972910135e-13,3.3641651269286346,4.190972368715941,0.8259171109390633,0.00012422167247514896,6.69223404627298e-14,3.759438162562961e-06,6.209752787983473e-09,3.9993955517489206e-18,4.074812411493018e-05,5.0685036872151864e-05,0.09226039834274227,0.0001523935867690216,7.890682928448908e-14,False,1e-24,False
UniGCN,random,2,54,restart,9449.78373831077,970.60628443413,941.0231336125306,1313.9246603542351,1222.545998059459,7.192028602129365,0.738707715686266,0.7697241127174043,0.01278589245115717,0.014422572585799959,0.013418647385692024,0.015914785130259637,0.014785301247054171,0.8033971144760644,0.9062373426819033,0.907566721940519,False,1e-24,False
UniGCN,random,2,55,base,2.626210271770031,0.00039499397166377023,1.5656560684401519e-13,3.1797504172111424,3.9612342523733965,0.8259171089513988,0.00012422169033323276,3.952445042860265e-14,3.5533556130860505e-06,5.869351269032251e-09,2.2325685691716286e-18,3.851441881311947e-05,4.790661604917511e-05,0.09226039812070702,0.0001523936086770944,4.6602510327173706e-14,False,1e-24,False
UniGCN,random,2,55,restart,9449.781795220872,970.6062840014688,941.0231336115285,1313.9225929996435,1222.5433988789282,7.192038439378169,0.7387088776558789,0.7697257491835842,0.012785889822087643,0.014422572579370898,0.013418647385677733,0.01591476008962747,0.014785269812926372,0.8033982133617532,0.9062387681716225,0.907568651465945,False,1e-24,False
UniGCN,random,2,56,base,2.482248307035514,0.00037334147986523616,8.740568959981453e-14,3.0054448379100327,3.7440897771856743,0.8259171074194973,0.0001242217042735196,2.334497696407133e-14,3.3585699704590745e-06,5.547609446795998e-09,1.2463733210687372e-18,3.640315937391029e-05,4.528050097057681e-05,0.0922603979495835,0.0001523936257788631,2.7525608028909142e-14,False,1e-24,False
UniGCN,random,2,56,restart,9449.780095081636,970.606283623127,941.023133610859,1313.9207841370269,1222.5411246862507,7.192047046647626,0.7387098943416242,0.7697271810405235,0.012785887521738976,0.014422572573748987,0.013418647385668187,0.015914738179954303,0.014785242309156467,0.803399174850622,0.9062400154289186,0.9075703397405972,False,1e-24,False
UniGCN,random,2,57,base,2.3461779607282414,0.000352875909835305,4.879921092176375e-14,2.8406942331198244,3.5388485927656457,0.8259171062390354,0.00012422171514311664,1.3789572976228032e-14,3.174461967370794e-06,5.2435045033188e-09,6.958589865324e-19,3.4407633637594784e-05,4.279834263480126e-05,0.0922603978177181,0.00015239363911354818,1.6259017141625614e-14,False,1e-24,False
UniGCN,random,2,57,restart,9449.778607512242,970.6062832922374,941.0231336104115,1313.919201441244,1222.5391348410947,7.192054577744762,0.7387107839108941,0.7697284338735916,0.012785885509004842,0.014422572568832186,0.013418647385661807,0.015914719009704995,0.014785218244245932,0.8034000161239321,0.9062411067413203,0.9075718169316868,False,1e-24,False
UniGCN,random,2,58,base,2.21756663474906,0.00033353220052045207,2.7246632063075274e-14,2.6849748242764773,3.344858191924321,0.8259171053295183,0.00012422172360976582,8.145825771884246e-15,3.0004462832547807e-06,4.956069674030906e-09,3.8852705639502363e-19,3.2521497387069746e-05,4.045224971066715e-05,0.09226039771611903,0.000152393649500327,9.604584644214983e-15,False,1e-24,False
UniGCN,random,2,58,restart,9449.777305931932,970.6062830028176,941.0231336101122,1313.9178166305953,1222.5373937865972,7.192061167238676,0.7387115622587689,0.7697295300681612,0.012785883747920534,0.014422572564531597,0.013418647385657538,0.015914702236320202,0.014785197188175017,0.8034007522139408,0.906242061608712,0.9075731094333712,False,1e-24,False
UniGCN,random,2,59,base,2.0960054449649927,0.00031524885659836745,1.521378362020441e-14,2.5377915449600623,3.161501836205926,0.8259171046288508,0.00012422173019861985,4.812201418317775e-15,2.8359696833816462e-06,4.684391178788991e-09,2.169430171371311e-19,3.073875417829534e-05,3.8234763449077306e-05,0.09226039763784985,0.0001523936575834503,5.673973043564532e-15,False,1e-24,False
UniGCN,random,2,59,restart,9449.776167084441,970.6062827496492,941.0231336099116,1313.9166049607772,1222.5358704131877,7.192066932867885,0.7387122432923537,0.7697304892099963,0.012785882207019499,0.014422572560769679,0.013418647385654679,0.01591468756008694,0.0147851787647089,0.8034013962728184,0.9062428970921558,0.9075742403388434,False,1e-24,False
UniGCN,random,2,60,base,1.9811079212522071,0.00029796775320359737,8.495397813971633e-15,2.398676466976744,2.9881965951397342,0.8259171040891421,0.00012422173532187586,2.8429849052733997e-15,2.6805092599710926e-06,4.4276053202273055e-09,1.2114128079852576e-19,2.905373627636561e-05,3.613883397000312e-05,0.09226039757756081,0.0001523936638685964,3.352108175351716e-15,False,1e-24,False
UniGCN,random,2,60,restart,9449.775170622062,970.6062825281775,941.023133609778,1313.9155447822372,1222.534537502101,7.1920719776461945,0.7387128391795088,0.769731328435505,0.01278588085877057,0.014422572557478756,0.013418647385652774,0.015914674718777104,0.014785162644667624,0.8034019598078878,0.9062436281190295,0.9075752298533087,False,1e-24,False
UniGCN,random,2,61,base,1.8725087788044938,0.00028163395131030553,4.744060319194118e-15,2.267187312717052,2.824391492974959,0.8259171036734649,0.00012422173930251427,1.6796751905654385e-15,2.5335707697287147e-06,4.18489574046663e-09,6.764857347909916e-20,2.746108663659221e-05,3.415779784935411e-05,0.09226039753112693,0.00015239366875199358,1.98047232955266e-15,False,1e-24,False
UniGCN,random,2,61,restart,9449.774298741706,970.6062823344246,941.0231336096884,1313.9146171529637,1222.5333712385802,7.192076391704819,0.7387133605664334,0.769732062738143,0.012785879679085534,0.014422572554599715,0.013418647385651496,0.015914663482957416,0.014785148540038828,0.803402452887401,0.9062442677499566,0.9075760956552591,False,1e-24,False
UniGCN,random,2,62,base,1.7698627567992307,0.0002661955231994,2.649322336876863e-15,2.1429060490614815,2.669565757006796,0.82591710335335,0.00012422174239322547,9.924169614189874e-16,2.394687062519875e-06,3.9554908276702914e-09,3.7778372262871665e-20,2.595574187332222e-05,3.22853569344767e-05,0.09226039749536798,0.00015239367254363923,1.170139526087417e-15,False,1e-24,False
UniGCN,random,2,62,restart,9449.773535866603,970.6062821649149,941.0231336096282,1313.91380549976,1222.5323507860292,7.192080253903939,0.738713816768015,0.7697327052364674,0.012785878646888472,0.014422572552080912,0.013418647385650637,0.015914653651886632,0.014785136198827617,0.8034028843205612,0.906244827412324,0.90757685321253,False,1e-24,False
UniGCN,random,2,63,base,1.672843520727461,0.0002516033874660396,1.479571024381458e-15,2.0254375583635764,2.52322716192463,0.8259171031068523,0.00012422174479144102,5.86380428487815e-16,2.263416596183381e-06,3.738661264363958e-09,2.1098144295394982e-20,2.453291616234953e-05,3.0515558320931796e-05,0.09226039746783256,0.00015239367548573995,6.913897518605436e-16,False,1e-24,False
UniGCN,random,2,63,restart,9449.77286836782,970.6062820166109,941.0231336095881,1313.9130953219244,1222.5314579134729,7.192083633242512,0.7387142159343505,0.7697332674086419,0.012785877743738952,0.014422572549877211,0.013418647385650065,0.015914645049926415,0.014785125400551118,0.803403261815008,0.9062453171045683,0.9075775160588007,False,1e-24,False
UniGCN,random,2,64,base,1.5811426248974223,0.00023781115305127293,8.263265661865063e-16,1.914408382285556,2.384910464918742,0.8259171029170602,0.00012422174665123288,3.4648116914303565e-16,2.1393420327619714e-06,3.5337177098481205e-09,1.1783116079749882e-20,2.3188086025745598e-05,2.88427754268929e-05,0.09226039744663153,0.00015239367776730923,4.0852920377292637e-16,False,1e-24,False
UniGCN,random,2,64,restart,9449.772284320634,970.6062818868568,941.0231336095615,1313.912473932015,1222.5306766696424,7.192086590091684,0.738714565196432,0.7697337592975991,0.0127858769535024,0.014422572547949151,0.013418647385649685,0.01591463752340135,0.014785115952296903,0.8034035921145972,0.9062457455749009,0.9075780960354977,False,1e-24,False
UniGCN,random,2,65,base,1.4944685318124111,0.00022477497180823538,4.615099886724174e-16,1.8094655344930957,2.2541759265703507,0.8259171027709419,0.00012422174809270626,2.047355679885148e-16,2.0220689116858016e-06,3.340008609428513e-09,6.580964464918045e-21,2.1916975950740024e-05,2.7261690104996073e-05,0.09226039743030914,0.00015239367953569065,2.413997239192443e-16,False,1e-24,False
UniGCN,random,2,65,restart,9449.771773291372,970.6062817733304,941.0231336095434,1313.911930229059,1222.5299930978479,7.192089177273822,0.7387148707936011,0.7697341896905319,0.01278587626206169,0.014422572546262223,0.013418647385649428,0.01591463093785198,0.014785107685274702,0.8034038811199362,0.9062461204776677,0.9075786035034289,False,1e-24,False
UniGCN,random,2,66,base,1.4125456853048892,0.00021245339913892263,2.5776427703278534e-16,1.7102753784347082,2.130607912822602,0.8259171026584563,0.00012422174920939685,1.2098156375064924e-16,1.9112243956900236e-06,3.156918123569999e-09,3.675624773274673e-21,2.0715544796932035e-05,2.5767275734771498e-05,0.09226039741774376,0.00015239368090563262,1.4264700743333229e-16,False,1e-24,False
UniGCN,random,2,66,restart,9449.771326150963,970.606281674001,941.0231336095312,1313.9114545001385,1222.529394986523,7.19209144100659,0.7387151381850586,0.7697345662759341,0.012785875657064863,0.014422572544786254,0.013418647385649254,0.01591462517563153,0.014785100451799534,0.8034041339938435,0.9062464485101477,0.907579047527948,False,1e-24,False
UniGCN,random,2,67,base,1.33511363447975,0.00020080726226203018,1.4397114217424794e-16,1.6165225666380638,2.0138135735878255,0.8259171025718686,0.0001242217500740839,7.149179251868279e-17,1.8064560854789646e-06,2.9838641704430944e-09,2.052976086926926e-21,1.9579972948619966e-05,2.4354781241903493e-05,0.09226039740807133,0.00015239368196641982,8.429458127896008e-17,False,1e-24,False
UniGCN,random,2,67,restart,9449.77093491177,970.6062815870923,941.0231336095231,1313.9110382467995,1222.5288716509838,7.192093421728881,0.7387153721474237,0.7697348957809915,0.012785875127704363,0.014422572543494848,0.013418647385649138,0.015914620133803296,0.01478509412265232,0.8034043552536105,0.906246735532237,0.9075794360409489,False,1e-24,False
UniGCN,random,2,68,base,1.261926205681306,0.00018979953569572033,8.04152168242898e-17,1.5279090381511116,1.9034215937900865,0.8259171025052217,0.00012422175074335086,4.2247716999031886e-17,1.7074308993681018e-06,2.8202965756795798e-09,1.1466917235782022e-21,1.8506650171403975e-05,2.3019715993512808e-05,0.09226039740062644,0.00015239368278746813,4.9813460943712417e-17,False,1e-24,False
UniGCN,random,2,68,restart,9449.770592584866,970.6062815110507,941.0231336095177,1313.9106740331795,1222.5284137424865,7.192095154823466,0.7387155768600906,0.7697351840917908,0.012785874664523925,0.01442257254236492,0.013418647385649062,0.015914615722301115,0.014785088584770647,0.8034045488517267,0.9062469866711643,0.9075797759826015,False,1e-24,False
UniGCN,random,2,69,base,1.1927507198513028,0.0001793952235614349,4.491693960576418e-17,1.444153070940725,1.7990810128723114,0.825917102453926,0.00012422175126115709,2.496660199534446e-17,1.613834014341707e-06,2.6656953234843757e-09,6.404992105776944e-22,1.749216413445646e-05,2.1757835521440044e-05,0.09226039739489637,0.0001523936834227063,2.9437634545336564e-17,False,1e-24,False
UniGCN,random,2,69,restart,9449.770293055146,970.6062814445166,941.0231336095138,1313.9103553531293,1222.5280130811682,7.192096671249239,0.7387157559799081,0.7697354363584925,0.012785874259249593,0.014422572541376267,0.013418647385649006,0.015914611862319884,0.014785083739228395,0.803404718246505,0.9062472064131055,0.9075800734253603,False,1e-24,False
UniGCN,random,2,70,base,1.127367252789629,0.00016956124833605215,2.5089405319237215e-17,1.3649883862362637,1.70046010901493,0.8259171024144486,0.0001242217516616314,1.4754480382236906e-17,1.5253678651593576e-06,2.5195689035655826e-09,3.577657881832407e-22,1.6533289561970253e-05,2.05651280281411e-05,0.09226039739048648,0.00015239368391400316,1.7396720686283977e-17,False,1e-24,False
UniGCN,random,2,70,restart,9449.770030972055,970.6062813863015,941.0231336095115,1313.91007651396,1222.5276625098868,7.192097998094357,0.7387159127065186,0.7697356570873515,0.012785873904641878,0.014422572540511228,0.013418647385648973,0.015914608484907465,0.014785079499468081,0.8034048664638714,0.9062473986833418,0.9075803336824624,False,1e-24,False
UniGCN,random,2,71,base,1.0655679359658226,0.00016026634569980605,1.4014515877929676e-17,1.2901633019706038,1.607245344518732,0.825917102384068,0.0001242217519712537,8.719587165533919e-18,1.441751198329115e-06,2.38145274864355e-09,1.998418956239529e-22,1.562697797929511e-05,1.9437801632294142e-05,0.09226039738709278,0.0001523936842938439,1.0281095537673034e-17,False,1e-24,False
UniGCN,random,2,71,restart,9449.769801654,970.6062813353648,941.02313360951,1313.9098325347215,1222.5273557663365,7.192099159060277,0.7387160498395277,0.7697358502212274,0.012785873594366419,0.014422572539754342,0.01341864738564895,0.015914605529732583,0.014785075789754252,0.8034049961514355,0.9062475669163941,0.9075805614028569,False,1e-24,False
UniGCN,random,2,72,base,1.007156295658422,0.000151480965146483,7.828393754375986e-18,1.219439932627261,1.5191403689990688,0.8259171023606896,0.00012422175221055788,5.153173409205074e-18,1.3627181779396338e-06,2.2509077575836077e-09,1.1163004567492207e-22,1.4770348021163534e-05,1.8372272313568907e-05,0.09226039738448126,0.00015239368458741927,6.076006482468545e-18,False,1e-24,False
UniGCN,random,2,72,restart,9449.769601004711,970.6062812907963,941.0231336095089,1313.9096190572157,1222.527087371163,7.192100174885173,0.7387161698285203,0.7697360192100279,0.012785873322880817,0.014422572539092083,0.013418647385648937,0.015914602944006977,0.014785072543820355,0.8034051096257883,0.9062477141173824,0.907580760654263,False,1e-24,False
UniGCN,random,2,73,base,0.951946628321089,0.0001431771760405161,4.372939049077899e-18,1.1525934329497574,1.4358650772223345,0.8259171023427003,0.00012422175239545834,3.045508326964329e-18,1.288017540508381e-06,2.127518899466122e-09,6.235651924244931e-23,1.396067627119377e-05,1.7365152518232202e-05,0.09226039738247173,0.00015239368481425285,3.5908996006213764e-18,False,1e-24,False
UniGCN,random,2,73,restart,9449.769425440036,970.6062812517999,941.0231336095081,1313.909432268123,1222.5268525300644,7.192101063714465,0.738716274816827,0.7697361670723437,0.012785873085335586,0.014422572538512623,0.013418647385648925,0.015914600681542195,0.014785069703684775,0.8034052089138929,0.9062478429157177,0.907580934995842,False,1e-24,False
UniGCN,random,2,74,base,0.8997634101896111,0.0001353285788227589,2.4427544656343606e-18,1.0894112831088327,1.3571547185893815,0.8259171023288588,0.0001242217525382831,1.7999086118739244e-18,1.2174117961589743e-06,2.01089389416255e-09,3.4832789602459095e-23,1.3195388603546912e-05,1.6413240389364166e-05,0.09226039738092555,0.00015239368498946843,2.1222372167918075e-18,False,1e-24,False
UniGCN,random,2,74,restart,9449.76927182393,970.6062812176789,941.0231336095075,1313.9092688308806,1222.526647048139,7.192101841424984,0.7387163666798139,0.7697362964493755,0.01278587287748755,0.014422572538005607,0.013418647385648914,0.01591459870192443,0.014785067218614951,0.8034052957892964,0.9062479556120756,0.9075810875417825,False,1e-24,False
UniGCN,random,2,75,base,0.850440739252762,0.00012791022108297247,1.3645558690749746e-18,1.0296926130548931,1.2827590554347208,0.8259171023182088,0.0001242217526485776,1.0637663116028703e-18,1.1506764735879734e-06,1.9006619652276603e-09,1.9458070042232376e-23,1.2472051999211403e-05,1.551350958744588e-05,0.09226039737973586,0.00015239368512477635,1.254266156381441e-18,False,1e-24,False
UniGCN,random,2,75,restart,9449.769137412417,970.6062811878236,941.0231336095076,1313.9091258260696,1222.526467254942,7.192102521908613,0.7387164470583857,0.7697364096521188,0.012785872695624007,0.014422572537561976,0.013418647385648916,0.015914596969792517,0.014785065044221035,0.8034053718038139,0.9062480542194974,0.9075812210169341,False,1e-24,False
UniGCN,random,2,76,base,0.8038218078129071,0.00012089851823244449,7.622676202540552e-19,0.9732475639076738,1.2124415674655493,0.8259171023100151,0.00012422175273373037,6.287046243782915e-19,1.087599406420677e-06,1.7964726611466981e-09,1.0869658825976769e-23,1.1788366810897215e-05,1.4663099668955645e-05,0.09226039737882058,0.00015239368522924072,7.412933875768262e-19,False,1e-24,False
UniGCN,random,2,76,restart,9449.76901980458,970.6062811617011,941.0231336095072,1313.9090006992622,1222.5263099389117,7.192103117320466,0.7387165173883006,0.7697365087026464,0.012785872536496433,0.014422572537173812,0.013418647385648913,0.015914595454206183,0.014785063141662847,0.8034054383152519,0.9062481404993532,0.9075813378054836,False,1e-24,False
UniGCN,random,2,77,base,0.7597584039594856,0.00011427117852471822,4.258217515129012e-19,0.9198966843528354,1.1459786998113515,0.8259171023037112,0.0001242217527994572,3.7157911537360957e-19,1.027980058687068e-06,1.6979947411926127e-09,6.07206319229781e-24,1.1142159451948108e-05,1.3859306992385437e-05,0.0922603973781164,0.00015239368530987356,4.381217037499722e-19,False,1e-24,False
UniGCN,random,2,77,restart,9449.768916899662,970.6062811388438,941.0231336095069,1313.9088912153866,1222.5261722899997,7.192103638296014,0.7387165789258169,0.7697365953702326,0.01278587239726243,0.014422572536834169,0.013418647385648907,0.01591459412809335,0.014785061476956053,0.8034054965116628,0.9062482159928049,0.9075814399935479,False,1e-24,False
UniGCN,random,2,78,base,0.7181104403704343,0.00010800713218619112,2.3787677665035565e-19,0.8694703601265095,1.083159152293441,0.8259171022988614,0.0001242217528501787,2.196138731290635e-19,9.71628887273434e-07,1.6049151223532474e-09,3.392036256178215e-24,1.0531375486028461e-05,1.309957612276562e-05,0.09226039737757463,0.00015239368537209804,2.5894244396833804e-19,False,1e-24,False
UniGCN,random,2,78,restart,9449.768826859543,970.6062811188443,941.023133609507,1313.9087954188003,1222.5260518494697,7.192104094141091,0.738716632770138,0.7697366712029591,0.012785872275434956,0.01442257253653699,0.01341864738564891,0.015914592967766483,0.014785060020365035,0.8034055474325698,0.9062482820483414,0.9075815294064399,False,1e-24,False
UniGCN,random,2,79,base,0.6787455089435016,0.00010208646443136798,1.3288615358684735e-19,0.8218082747739985,1.0237832076548903,0.8259171022951308,0.00012422175288931262,1.2979911429807537e-19,9.183667393227436e-07,1.5169378839819486e-09,1.8949081842200884e-24,9.954073095615296e-06,1.2381491707371143e-05,0.09226039737715791,0.00015239368542010705,1.5304360968815911e-19,False,1e-24,False
UniGCN,random,2,79,restart,9449.768748075905,970.6062811013451,941.0231336095067,1313.9087115983543,1222.5259464659753,7.192104492998127,0.7387166798830446,0.7697367375553666,0.0127858721688379,0.014422572536276962,0.013418647385648904,0.015914591952499453,0.014785058745871712,0.8034055919875361,0.9062483398458632,0.9075816076412724,False,1e-24,False
UniGCN,random,2,80,base,0.6415384598415157,9.649035214988105e-05,7.423531929729236e-20,0.7767588999682673,0.9676620966151284,0.8259171022922612,0.00012422175291950044,7.671615903626557e-20,8.680242826679677e-07,1.4337833270082252e-09,1.0585686341105274e-24,9.408416908530373e-06,1.1702770796780177e-05,0.09226039737683735,0.0001523936854571411,9.045453017004956e-20,False,1e-24,False
UniGCN,random,2,80,restart,9449.768679141493,970.6062810860338,941.0231336095067,1313.9086382568262,1222.5258542571291,7.192104841991586,0.7387167211060774,0.7697367956126554,0.012785872075567197,0.014422572536049448,0.013418647385648904,0.0159145910641573,0.014785057630710753,0.8034056309724114,0.9062483904177618,0.9075816760954917,False,1e-24,False
UniGCN,random,2,81,base,0.6063710036132991,9.120100406404405e-05,4.1470980947090306e-20,0.7341790137678347,0.9146173977305838,0.8259171022900533,0.000124221752942783,4.534243613776773e-20,8.204414674875715e-07,1.3551870847182616e-09,5.913610943138529e-25,8.892672162885598e-06,1.10612555868722e-05,0.09226039737659071,0.00015239368548570386,5.346238405481709e-20,False,1e-24,False
UniGCN,random,2,81,restart,9449.768618824986,970.6062810726365,941.0231336095068,1313.9085740841738,1222.5257735758773,7.192105147355253,0.7387167571755688,0.769736846411853,0.012785871993956826,0.014422572535850373,0.013418647385648906,0.015914590286872265,0.014785056654962917,0.8034056650835506,0.9062484346673607,0.907581735991837,False,1e-24,False
UniGCN,random,2,82,base,0.5731313351252791,8.620160416672541e-05,2.3167578994886185e-20,0.6939332452825028,0.864480470153394,0.8259171022883552,0.00012422175296073677,2.6799424388124482e-20,7.754670174716484e-07,1.2808992822788242e-09,3.3036124427579464e-25,8.405199191890782e-06,1.045490655869074e-05,0.09226039737640103,0.00015239368550772932,3.1598679760669764e-20,False,1e-24,False
UniGCN,random,2,82,restart,9449.76856604901,970.606281060914,941.0231336095065,1313.9085179341334,1222.5257029810775,7.192105414543579,0.7387167887357974,0.7697368908603403,0.012785871922549057,0.014422572535676182,0.013418647385648902,0.015914589606760343,0.014785055801199227,0.8034056949302519,0.9062484733850524,0.9075817884001833,False,1e-24,False
UniGCN,random,2,83,base,0.541713778108183,8.147625825974611e-05,1.2942535902625254e-20,0.6558936442993155,0.8170919174847917,0.825917102287049,0.00012422175297457924,1.5839755143418306e-20,7.329579488809954e-07,1.210683742332929e-09,1.8455585133946056e-25,7.944448210989774e-06,9.88179599436079e-06,0.0922603973762551,0.00015239368552471107,1.867634703699413e-20,False,1e-24,False
UniGCN,random,2,83,restart,9449.768519870871,970.606281050657,941.0231336095065,1313.9084688037462,1222.5256412117567,7.192105648329107,0.7387168163504949,0.7697369297520604,0.0127858718600684,0.014422572535523771,0.013418647385648902,0.015914589011673287,0.014785055054169653,0.8034057210456401,0.9062485072624163,0.9075818342566537,False,1e-24,False
UniGCN,random,2,84,base,0.5120184491887593,7.700994342285544e-05,7.230365839764328e-21,0.6199392745004926,0.7723010810186463,0.8259171022860441,0.00012422175298525026,9.362107625471211e-21,6.927791159701207e-07,1.144317234141973e-09,1.0310238527387738e-25,7.508954390752093e-06,9.340101848446706e-06,0.09226039737614286,0.00015239368553780213,1.1038678908091745e-20,False,1e-24,False
UniGCN,random,2,84,restart,9449.768479465734,970.6062810416823,941.0231336095067,1313.9084258154403,1222.525587164584,7.192105852887732,0.738716840512917,0.7697369637816998,0.012785871805398816,0.014422572535390412,0.013418647385648904,0.0159145884909816,0.014785054400530665,0.8034057438961901,0.9062485369045721,0.9075818743803392,False,1e-24,False
UniGCN,random,2,85,base,0.48395094033839836,7.27884602526515e-05,4.039272249656043e-21,0.5859558289800879,0.729965560764063,0.8259171022852715,0.00012422175299347523,5.5335107116945236e-21,6.548027813289676e-07,1.0815887638874294e-09,5.759855212577917e-26,7.097333199855719e-06,8.828101955266135e-06,0.09226039737605655,0.00015239368554789245,6.524454794206415e-21,False,1e-24,False
UniGCN,random,2,85,restart,9449.768444111878,970.6062810338299,941.0231336095067,1313.9083882013545,1222.525539874166,7.192106031873293,0.7387168616546543,0.7697369935570963,0.012785871757563795,0.014422572535273731,0.013418647385648904,0.01591458803538463,0.014785053828606927,0.8034057638900599,0.9062485628409899,0.9075819094879299,False,1e-24,False
UniGCN,random,2,86,base,0.4574220187290914,6.87983877196143e-05,2.2565646198686547e-21,0.5538352668370186,0.6899507627242698,0.8259171022846772,0.00012422175299981418,3.2706168929484354e-21,6.18908209777385e-07,1.0222989038759768e-09,3.2177790168454613e-26,6.708276003355363e-06,8.344168553743847e-06,0.09226039737599016,0.000152393685555669,3.856320730004565e-21,False,1e-24,False
UniGCN,random,2,86,restart,9449.768413177811,970.6062810269588,941.0231336095065,1313.908355289624,1222.525498495798,7.192106188482836,0.7387168801533411,0.7697370196100994,0.012785871715708906,0.01442257253517163,0.013418647385648902,0.015914587636744484,0.014785053328182701,0.8034057813843807,0.9062485855349464,0.9075819402065188,False,1e-24,False
UniGCN,random,2,87,base,0.43234734304249867,6.502704049973892e-05,1.2606486484464713e-21,0.5234754696891074,0.6521294709924859,0.8259171022842201,0.00012422175300469868,1.933126326169358e-21,5.849812845212382e-07,9.662591585155616e-10,1.7976390894676693e-26,6.340545902242098e-06,7.886763112398688e-06,0.09226039737593911,0.00015239368556166122,2.2793116312085273e-21,False,1e-24,False
UniGCN,random,2,87,restart,9449.768386110989,970.6062810209468,941.0231336095064,1313.90832649238,1222.5254622903785,7.192106325513718,0.7387168963394005,0.7697370424060677,0.012785871679086536,0.014422572535082296,0.0134186473856489,0.015914587287940655,0.014785052890319393,0.8034057966916355,0.9062486053918006,0.9075819670848013,False,1e-24,False
UniGCN,random,2,88,base,0.40864719533021304,6.146242864512485e-05,7.042742721907109e-22,0.4947799170161276,0.6163814433043743,0.8259171022838685,0.00012422175300846224,1.142594865307998e-21,5.529141443498388e-07,9.13291365046815e-10,1.0042694790150901e-26,5.992973801067439e-06,7.454431438011204e-06,0.09226039737589983,0.00015239368556627832,1.3472113699968818e-21,False,1e-24,False
UniGCN,random,2,88,restart,9449.768362427945,970.6062810156864,941.0231336095068,1313.9083012952442,1222.5254306112065,7.1921064454135895,0.7387169105019488,0.7697370623521823,0.012785871647042537,0.01442257253500413,0.013418647385648906,0.015914586982742788,0.014785052507195893,0.8034058100852434,0.9062486227662367,0.9075819906028769,False,1e-24,False
UniGCN,random,2,89,base,0.38624622757274024,5.8093219465306626e-05,3.934512673130486e-22,0.46765737929968865,0.5825930287612494,0.8259171022835978,0.0001242217530113617,6.753449627600806e-22,5.226048407212579e-07,8.632271271246366e-10,5.610471869335934e-27,5.664454691129952e-06,7.045799052421283e-06,0.0922603973758696,0.00015239368556983532,7.962861029094919e-22,False,1e-24,False
UniGCN,random,2,89,restart,9449.768341705652,970.6062810110835,941.0231336095065,1313.9082792481463,1222.5254028924282,7.192106550324094,0.7387169228939562,0.7697370798047201,0.012785871619004541,0.014422572534935734,0.013418647385648902,0.015914586715699452,0.014785052171968845,0.8034058218044399,0.9062486379685958,0.9075820111808246,False,1e-24,False
UniGCN,random,2,90,base,0.36507322213145327,5.490870149814405e-05,2.198068988100487e-22,0.4420216279843891,0.5506568065086933,0.8259171022833901,0.0001242217530135952,3.991722179985049e-22,4.939570136453281e-07,8.159072794492598e-10,3.1343663749811724e-27,5.353944137407816e-06,6.6595668227576005e-06,0.09226039737584639,0.00015239368557257537,4.7065619407409e-22,False,1e-24,False
UniGCN,random,2,90,restart,9449.768323573973,970.6062810070564,941.0231336095068,1313.908259957281,1222.5253786389317,7.192106642119149,0.7387169337367692,0.7697370950754181,0.012785871594471736,0.014422572534875895,0.013418647385648906,0.015914586482040714,0.01478505187865043,0.803405832058554,0.9062486512704225,0.9075820291862075,False,1e-24,False
UniGCN,random,2,91,base,0.34506086533194136,5.189875045572815e-05,1.227984411665783e-22,0.41779116133813915,0.5204712442218654,0.82591710228323,0.00012422175301531548,2.3593703308271926e-22,4.668795853338858e-07,7.71181381744758e-10,1.7510610766827803e-27,5.060454958068547e-06,6.2945068312064596e-06,0.0922603973758285,0.0001523936855746858,2.7818876420969064e-22,False,1e-24,False
UniGCN,random,2,91,restart,9449.768307709037,970.6062810035326,941.0231336095065,1313.9082430780759,1222.525357417502,7.192106722438385,0.7387169432240609,0.7697371084370398,0.012785871573005914,0.014422572534823533,0.013418647385648902,0.015914586277592978,0.014785051622001411,0.8034058410307433,0.9062486629093127,0.9075820449406355,False,1e-24,False
UniGCN,random,2,92,base,0.3261455334589278,4.905379703703954e-05,6.860337128911635e-23,0.3948889453401002,0.4919403753117507,0.8259171022831071,0.0001242217530166404,1.3945464680682342e-22,4.4128647064430785e-07,7.289072404762643e-10,9.782591053467192e-28,4.783054085999277e-06,5.9494584711890546e-06,0.09226039737581478,0.00015239368557631118,1.6442826016587105e-22,False,1e-24,False
UniGCN,random,2,92,restart,9449.768293827463,970.6062810004493,941.0231336095065,1313.9082283090352,1222.5253388490821,7.192106792716461,0.7387169515252932,0.7697371201282509,0.012785871554223652,0.014422572534777717,0.013418647385648902,0.015914586098704404,0.014785051397437524,0.8034058488812689,0.9062486730931602,0.9075820587255151,False,1e-24,False
UniGCN,random,2,93,base,0.3082670904823849,4.636479650502972e-05,3.8326484168658345e-23,0.3732421687724692,0.46497349382611547,0.8259171022830126,0.00012422175301766077,8.242724516032557e-23,4.170963033957728e-07,6.889504567853605e-10,5.465217147406437e-28,4.5208596023797155e-06,5.62332475753607e-06,0.09226039737580423,0.00015239368557756297,9.718836067723554e-23,False,1e-24,False
UniGCN,random,2,93,restart,9449.768281681301,970.6062809977512,941.0231336095065,1313.908215386355,1222.525322602005,7.1921068542086815,0.7387169587887418,0.7697371303578783,0.012785871537789465,0.014422572534737626,0.013418647385648902,0.015914585942179694,0.014785051200947634,0.8034058557503562,0.9062486820038677,0.9075820707870697,False,1e-24,False
UniGCN,random,2,94,base,0.29136869687177247,4.3823199931404965e-05,2.1411813068685522e-23,0.35278201173748835,0.4394848660751922,0.8259171022829398,0.0001242217530184465,4.8720251188404146e-23,3.9423217768814737e-07,6.511839992064315e-10,3.0532466120577567e-28,4.273037932866867e-06,5.315068838928829e-06,0.09226039737579608,0.00015239368557852688,5.744510004640113e-23,False,1e-24,False
UniGCN,random,2,94,restart,9449.768271053603,970.6062809953908,941.0231336095067,1313.9082040792116,1222.5253083860655,7.192106908013418,0.7387169651441462,0.769737139308643,0.012785871523409813,0.014422572534702551,0.013418647385648904,0.015914585805223015,0.014785051029022039,0.8034058617607007,0.9062486898005979,0.907582081340742,False,1e-24,False
UniGCN,random,2,95,base,0.27539662889058014,4.142092701769445e-05,1.1962136823406364e-23,0.3334434268637465,0.4153934580652897,0.8259171022828836,0.0001242217530190514,2.879712376579173e-23,3.726214034010946e-07,6.15487799805569e-10,1.7057571730089365e-28,4.0388011974775514e-06,5.02371070151928e-06,0.09226039737578981,0.00015239368557926896,3.395412822026313e-23,False,1e-24,False
UniGCN,random,2,95,restart,9449.768261754529,970.6062809933253,941.0231336095065,1313.908194185637,1222.5252959473403,7.192106955091726,0.7387169707050264,0.7697371471404226,0.012785871510827836,0.014422572534671859,0.013418647385648902,0.01591458568538805,0.014785050878589827,0.8034058670196588,0.9062486966226159,0.9075820905750411,False,1e-24,False
UniGCN,random,2,96,base,0.2603001077966675,3.915034040619492e-05,6.682902151879105e-24,0.3151649325061754,0.39262267787377536,0.8259171022828409,0.00012422175301951717,1.7021182240592833e-23,3.5219527509607826e-07,5.817483724580634e-10,9.529575234233545e-29,3.817404705743405e-06,4.748324053248873e-06,0.09226039737578504,0.00015239368557984036,2.0069344735882698e-23,False,1e-24,False
UniGCN,random,2,96,restart,9449.768253617984,970.606280991518,941.0231336095065,1313.9081855289135,1222.5252850636489,7.192106996284509,0.7387169755707098,0.7697371539931084,0.012785871499818802,0.014422572534645005,0.013418647385648902,0.015914585580534327,0.014785050746963978,0.8034058716211648,0.9062487025917751,0.9075820986549095,False,1e-24,False
UniGCN,random,2,97,base,0.24603113840539448,3.700422139912138e-05,3.7335525872994476e-24,0.29788841728228227,0.3711001321463889,0.8259171022828079,0.00012422175301987585,1.0060768681770943e-23,3.3288885358655457e-07,5.498584520509144e-10,5.323910101187581e-29,3.608144589174932e-06,4.488033378960943e-06,0.09226039737578136,0.0001523936855802804,1.1862456563146505e-23,False,1e-24,False
UniGCN,random,2,97,restart,9449.768246498636,970.6062809899366,941.0231336095065,1313.9081779544147,1222.5252755405884,7.192107032327559,0.7387169798281074,0.7697371599891017,0.012785871490186071,0.014422572534621507,0.013418647385648902,0.015914585488788942,0.014785050631793408,0.8034058756474117,0.906248707814697,0.9075821057246686,False,1e-24,False
UniGCN,random,2,98,base,0.23254435650229785,3.497574700876948e-05,2.085837773553529e-24,0.2815589553231917,0.3507573959427312,0.8259171022827824,0.00012422175302015184,5.946667975303613e-24,3.14640759481913e-07,5.197166534632998e-10,2.9743287478622546e-29,3.4103555635076525e-06,4.242011156944061e-06,0.0922603973757785,0.00015239368558061896,7.011600483401267e-24,False,1e-24,False
UniGCN,random,2,98,restart,9449.768240269317,970.6062809885528,941.0231336095065,1313.9081713268465,1222.5252672080583,7.192107063864665,0.7387169835532638,0.769737165235503,0.012785871481757582,0.014422572534600943,0.013418647385648902,0.015914585408513166,0.014785050531020947,0.8034058791703147,0.9062487123846721,0.9075821119105981,False,1e-24,False
UniGCN,random,2,99,base,0.21979688462020472,3.30584682657278e-05,1.1653042845621652e-24,0.266124631652142,0.3315297951982234,0.8259171022827627,0.0001242217530203643,3.514930788846365e-24,2.9739297804879756e-07,4.912271492408423e-10,1.6616814967711855e-29,3.2234088136160623e-06,4.009475228057233e-06,0.0922603973757763,0.0001523936855808796,4.144386490140116e-24,False,1e-24,False
UniGCN,random,2,99,restart,9449.768234818759,970.6062809873423,941.0231336095068,1313.9081655278264,1222.5252599172243,7.192107091459146,0.7387169868127182,0.7697371698260225,0.012785871474382784,0.014422572534582956,0.013418647385648906,0.015914585338273095,0.014785050442846616,0.8034058822528006,0.9062487163833298,0.9075821173231904,False,1e-24,False
UniGCN,random,2,100,base,0.20774819572226613,3.124628971617639e-05,6.510272437004397e-25,0.2515363771352743,0.3133562011109281,0.8259171022827476,0.00012422175302052784,2.0775948948588893e-24,2.8109067476941767e-07,4.642993649389174e-10,9.283411543942157e-30,3.0467099943710564e-06,3.7896863090727094e-06,0.09226039737577461,0.00015239368558108023,2.449651709091905e-24,False,1e-24,False
UniGCN,random,2,100,restart,9449.768230049604,970.606280986283,941.0231336095064,1313.9081604537746,1222.5252535378572,7.192107115603886,0.7387169896646901,0.7697371738426557,0.012785871467929947,0.014422572534567215,0.0134186473856489,0.015914585276814136,0.014785050365695438,0.8034058849499276,0.9062487198820931,0.9075821220591245,False,1e-24,False
UniGCN,random,2,101,base,0.19635998435752966,2.9533450043089556e-05,3.637133210384744e-25,0.23774781247998636,0.2961788357995482,0.8259171022827362,0.00012422175302065371,1.228019281177245e-24,2.6568202101046986e-07,4.3884769116644123e-10,5.186419579036478e-30,2.879697341085107e-06,3.581945642330861e-06,0.09226039737577334,0.00015239368558123465,1.4479336363299881e-24,False,1e-24,False
UniGCN,random,2,101,restart,9449.768225876667,970.6062809853563,941.0231336095064,1313.9081560140578,1222.5252479560104,7.192107136730159,0.7387169921601214,0.7697371773571476,0.012785871462283816,0.014422572534553445,0.0134186473856489,0.015914585223038496,0.014785050298189358,0.8034058873098718,0.9062487229434569,0.9075821262029935,False,1e-24,False
UniGCN,random,2,102,base,0.18559604487942555,2.79145037497334e-05,2.0319890323045327e-25,0.22471510078488777,0.27994308861474276,0.8259171022827273,0.00012422175302075056,7.258579028900237e-25,2.511180292484313e-07,4.1479121141466024e-10,2.8975424027476857e-30,2.7218398835378857e-06,3.3855927742347807e-06,0.09226039737577235,0.00015239368558135348,8.558449275998927e-25,False,1e-24,True
UniGCN,random,2,102,restart,9449.768222225413,970.6062809845452,941.0231336095067,1313.9081521293745,1222.525243071981,7.19210715521532,0.7387169943435847,0.7697371804322737,0.01278587145734354,0.014422572534541392,0.013418647385648904,0.015914585175985645,0.014785050239122587,0.8034058893747865,0.9062487256221022,0.9075821298288148,False,1e-24,False
UniGCN,random,2,103,base,0.17542215633999636,2.6384303847225856e-05,1.1352301059123764e-25,0.21239680817258033,0.2645973425197767,0.8259171022827203,0.00012422175302082518,4.29040630227617e-25,2.3735239732737154e-07,3.9205344480565293e-10,1.6187968126118707e-30,2.572635757904317e-06,3.2000034555220105e-06,0.09226039737577157,0.000152393685581445,5.058734576734384e-25,False,1e-24,True
UniGCN,random,2,103,restart,9449.768219030622,970.6062809838355,941.0231336095067,1313.9081487303367,1222.5252387985308,7.19210717138955,0.7387169962540816,0.7697371831229612,0.012785871453020875,0.014422572534530848,0.013418647385648904,0.01591458513481513,0.014785050187440075,0.8034058911815548,0.9062487279658757,0.9075821330013522,False,1e-24,False
UniGCN,random,2,104,base,0.16580597369392297,2.493798549111907e-05,6.342327603810809e-26,0.20075377206218317,0.2500928099885262,0.8259171022827149,0.00012422175302088256,2.535989580868712e-25,2.243413612541421e-07,3.705621029426788e-10,9.043928324414682e-31,2.4316106112183047e-06,3.024587656637848e-06,0.09226039737577096,0.0001523936855815154,2.9901359626878774e-25,False,1e-24,True
UniGCN,random,2,104,restart,9449.768216235232,970.6062809832146,941.0231336095065,1313.9081457562315,1222.525235059328,7.192107185541751,0.7387169979257366,0.7697371854772711,0.012785871449238612,0.014422572534521621,0.013418647385648902,0.01591458509879157,0.014785050142218675,0.8034058927624492,0.9062487300166412,0.9075821357772731,False,1e-24,False
UniGCN,random,2,105,base,0.15671692496646047,2.357095051498158e-05,3.5433673378239513e-26,0.18974897666281326,0.23638337789912678,0.825917102282711,0.00012422175302092672,1.4989917520072127e-25,2.1204355606294772e-07,3.502488600893576e-10,5.052712857515742e-31,2.2983160932995802e-06,2.858787691900699e-06,0.09226039737577052,0.00015239368558156959,1.7674320033735648e-25,False,1e-24,True
UniGCN,random,2,105,restart,9449.768213789306,970.6062809826714,941.0231336095068,1313.9081431539357,1222.5252317875838,7.192107197924706,0.7387169993884088,0.769737187537256,0.012785871445929188,0.01442257253451355,0.013418647385648906,0.015914585067271513,0.014785050102650656,0.8034058941457071,0.906248731811029,0.9075821382061611,False,1e-24,False
UniGCN,random,2,106,base,0.1481261140583585,2.227885281180878e-05,1.9796404398338353e-26,0.17934743529218694,0.223425460930144,0.8259171022827079,0.0001242217530209607,8.86040665013012e-26,2.0041988430695737e-07,3.3104913594701937e-10,2.8228952151907836e-31,2.172328431349164e-06,2.7020764464957568e-06,0.09226039737577017,0.00015239368558161127,1.0447133051515672e-25,False,1e-24,True
UniGCN,random,2,106,restart,9449.76821164916,970.6062809821962,941.0231336095067,1313.9081408769669,1222.5252289248585,7.192107208759602,0.7387170006682247,0.7697371893397104,0.012785871443033494,0.014422572534506488,0.013418647385648904,0.01591458503969195,0.014785050068029255,0.8034058953560366,0.906248733381091,0.9075821403314001,False,1e-24,False
UniGCN,random,2,107,base,0.14000622887876082,2.1057584516786157e-05,1.106013798718785e-26,0.1695160791462067,0.2111778629931817,0.8259171022827058,0.0001242217530209869,5.237356714583739e-26,1.8943339175886025e-07,3.129018903396319e-10,1.577135421925562e-31,2.053247082681768e-06,2.553955700660245e-06,0.09226039737576994,0.0001523936855816434,6.175265379575076e-26,False,1e-24,True
UniGCN,random,2,107,restart,9449.768209776565,970.6062809817802,941.0231336095065,1313.9081388846544,1222.5252264200178,7.192107218239967,0.7387170017880434,0.7697371909168303,0.012785871440499808,0.014422572534500307,0.013418647385648902,0.015914585015560256,0.01478505003773606,0.803405896415056,0.9062487347548707,0.9075821421909515,False,1e-24,False
UniGCN,random,2,108,base,0.1323314545140184,1.990326294747712e-05,6.179271247869788e-27,0.16022365216590778,0.19960164626139187,0.8259171022827037,0.00012422175302100695,3.095801744930307e-26,1.7904914992519092e-07,2.9574942915355976e-10,8.811415895525834e-32,1.940693461311868e-06,2.4139545457324314e-06,0.0922603973757697,0.000152393685581668,3.6501995910002995e-26,False,1e-24,True
UniGCN,random,2,108,restart,9449.768208138072,970.6062809814161,941.0231336095067,1313.908137141412,1222.5252242283211,7.192107226535139,0.7387170027678676,0.769737192296786,0.012785871438282867,0.014422572534494898,0.013418647385648904,0.015914584994445403,0.014785050011229985,0.8034058973416816,0.9062487359569065,0.9075821438180304,False,1e-24,False
UniGCN,random,2,109,base,0.12507739115636068,1.8812218259915623e-05,3.452385195598806e-27,0.15144061166752312,0.18866000737749752,0.8259171022827023,0.00012422175302102242,1.829950737090128e-26,1.6923414500091195e-07,2.7953722091519963e-10,4.9229756341355566e-32,1.8343097343449998e-06,2.281627887028673e-06,0.09226039737576956,0.00015239368558168698,2.1576593019936604e-26,False,1e-24,True
UniGCN,random,2,109,restart,9449.768206704417,970.6062809810975,941.0231336095067,1313.9081356161018,1222.5252223106206,7.192107233793286,0.7387170036251983,0.7697371935042256,0.012785871436343082,0.014422572534490162,0.013418647385648904,0.01591458497597023,0.014785049988037582,0.8034058981524645,0.9062487370086691,0.907582145241699,False,1e-24,False
UniGCN,random,2,110,base,0.11822097653150174,1.7780981781359216e-05,1.928895712002051e-27,0.14313903441974754,0.1783181604477675,0.8259171022827013,0.00012422175302103438,1.0817157978517047e-26,1.599571729112143e-07,2.642137234233452e-10,2.7505350802338895e-32,1.7337576843477179e-06,2.1565550287888275e-06,0.09226039737576945,0.00015239368558170164,1.275430046308002e-26,False,1e-24,True
UniGCN,random,2,110,restart,9449.768205449993,970.6062809808192,941.0231336095065,1313.9081342814793,1222.5252206326625,7.192107240144054,0.7387170043753498,0.7697371945607165,0.012785871434645803,0.014422572534486026,0.013418647385648902,0.015914584959804745,0.014785049967744589,0.8034058988618873,0.9062487379289456,0.9075821464873868,False,1e-24,False
UniGCN,random,2,111,base,0.11174041257856168,1.680627498261012e-05,1.0777450980928968e-27,0.13529252786960022,0.16854322644995504,0.8259171022827003,0.00012422175302104349,6.3944729242080094e-27,1.511887401068516e-07,2.497302198851136e-10,1.5368252837152217e-32,1.6387176340794607e-06,2.0383383366912434e-06,0.09226039737576934,0.00015239368558171284,7.539598584059853e-27,False,1e-24,True
UniGCN,random,2,111,restart,9449.76820435239,970.6062809805753,941.0231336095065,1313.908133113705,1222.5252191644745,7.192107245700876,0.7387170050317204,0.76973719548513,0.012785871433160706,0.014422572534482403,0.013418647385648902,0.01591458494566019,0.014785049949988529,0.803405899482621,0.9062487387341728,0.9075821475773447,False,1e-24,False
UniGCN,random,2,112,base,0.10561509614920268,1.5884999054844704e-05,6.021978621993772e-28,0.12787614623465218,0.15930412870360267,0.8259171022826997,0.00012422175302105053,3.78017736953831e-27,1.4290096979761377e-07,2.3604066403446977e-10,8.587122335929995e-33,1.5488874301677837e-06,1.926601973685166e-06,0.09226039737576926,0.00015239368558172148,4.45713357155174e-27,False,1e-24,True
UniGCN,random,2,112,restart,9449.768203392001,970.6062809803618,941.0231336095067,1313.9081320919206,1222.525217879833,7.192107250563008,0.7387170056060347,0.7697371962939775,0.012785871431861266,0.01442257253447923,0.013418647385648904,0.01591458493328393,0.014785049934452253,0.8034059000257532,0.9062487394387343,0.9075821485310411,False,1e-24,False
UniGCN,random,2,113,base,0.09982555350565639,1.5014225057813788e-05,3.364953040852681e-28,0.12086631119485837,0.15057149407039122,0.8259171022826992,0.00012422175302105595,2.2347875749174585e-27,1.3506751332583598e-07,2.2310153374094668e-10,4.798300563693283e-33,1.4639814824958627e-06,1.8209907051215025e-06,0.09226039737576922,0.00015239368558172812,2.6349945390704917e-27,False,1e-24,True
UniGCN,random,2,113,restart,9449.76820255168,970.6062809801753,941.0231336095068,1313.9081311978753,1222.525216755792,7.1921072548173015,0.7387170061085506,0.7697371970017063,0.012785871430724283,0.014422572534476458,0.013418647385648906,0.01591458492245489,0.014785049920858256,0.8034059005009859,0.9062487400552145,0.9075821493655103,False,1e-24,False
UniGCN,random,2,114,base,0.09435337840939796,1.4191184608092819e-05,1.8803681255677519e-28,0.1142407369318552,0.14231755957042644,0.825917102282699,0.00012422175302106013,1.3212481518397902e-27,1.276634663981792e-07,2.108716926431522e-10,2.681336508213589e-33,1.3837298562482466e-06,1.7211687693831814e-06,0.09226039737576919,0.00015239368558173325,1.557857983429774e-27,False,1e-24,True
UniGCN,random,2,114,restart,9449.76820181641,970.6062809800119,941.0231336095067,1313.908130415599,1222.525215772273,7.192107258539742,0.7387170065482446,0.7697371976209582,0.012785871429729437,0.01442257253447403,0.013418647385648904,0.015914584912979646,0.014785049908963715,0.8034059009168071,0.9062487405946256,0.9075821500956581,False,1e-24,False
UniGCN,random,2,115,base,0.08918117360363646,1.3413261077777742e-05,1.0509426437544693e-28,0.10797835927740738,0.13451608411757626,0.8259171022826987,0.00012422175302106333,7.812765667753705e-28,1.2066528990936503e-07,1.9931225936716423e-10,1.498605959344546e-33,1.3078774137282875e-06,1.6268188104246e-06,0.09226039737576915,0.00015239368558173718,9.211879957015063e-28,False,1e-24,True
UniGCN,random,2,115,restart,9449.768201173061,970.606280979869,941.0231336095067,1313.90812973112,1222.5252149117093,7.192107261796817,0.7387170069329697,0.769737198162794,0.012785871428858961,0.014422572534471908,0.013418647385648904,0.015914584904688958,0.014785049898556177,0.8034059012806439,0.9062487410666015,0.9075821507345262,False,1e-24,False
UniGCN,random,2,116,base,0.08429249550358198,1.2677981275645281e-05,5.87477074648614e-29,0.10205926874575118,0.12714226509324503,0.8259171022826983,0.0001242217530210658,4.620627721377808e-28,1.1405073510614608e-07,1.8838648391403018e-10,8.37720926330971e-34,1.2361830032188858e-06,1.5376408688264514e-06,0.09226039737576912,0.00015239368558174018,5.4480922256595e-28,False,1e-24,True
UniGCN,random,2,116,restart,9449.76820061014,970.6062809797442,941.0231336095067,1313.9081291322111,1222.5252141587296,7.192107264646708,0.7387170072695984,0.7697371986368918,0.01278587142809731,0.014422572534470053,0.013418647385648904,0.015914584897434733,0.014785049889449746,0.8034059015989956,0.9062487414795733,0.9075821512935257,False,1e-24,False
UniGCN,random,2,117,base,0.07967180191864692,1.198300758433019e-05,3.28479486653307e-29,0.09646464723692881,0.12017265949335507,0.8259171022826981,0.0001242217530210677,2.7333961654686543e-28,1.077987728535906e-07,1.7805963082337983e-10,4.683997924591684e-34,1.1684186923077622e-06,1.453351428158292e-06,0.09226039737576909,0.00015239368558174252,3.222894224920751e-28,False,1e-24,True
UniGCN,random,2,117,restart,9449.768200117593,970.6062809796344,941.0231336095069,1313.908128608175,1222.5252134998836,7.19210726714032,0.7387170075641432,0.7697371990517202,0.012785871427430876,0.014422572534468422,0.013418647385648907,0.015914584891087397,0.014785049881481755,0.8034059018775485,0.9062487418409172,0.9075821517826419,False,1e-24,False
UniGCN,random,2,118,base,0.07530440264037944,1.132613052852184e-05,1.8373494386763826e-29,0.09117670820988034,0.1135851093978435,0.8259171022826979,0.0001242217530210691,1.6175971026632354e-28,1.018895267788046e-07,1.682988687417024e-10,2.619993426436764e-34,1.1043690432398302e-06,1.3736825136169988e-06,0.09226039737576906,0.00015239368558174425,1.9072772641897762e-28,False,1e-24,True
UniGCN,random,2,118,restart,9449.768199686623,970.6062809795388,941.0231336095064,1313.9081281496517,1222.525212923404,7.192107269322191,0.7387170078218654,0.7697371994146883,0.01278587142684776,0.014422572534467002,0.0134186473856489,0.015914584885533576,0.014785049874509891,0.8034059021212779,0.9062487421570876,0.9075821522106104,False,1e-24,False
UniGCN,random,2,119,base,0.07117641273903667,1.07052617505528e-05,1.0285304461973445e-29,0.08617864013508966,0.10735867152572641,0.8259171022826979,0.00012422175302107024,9.580320169581058e-29,9.630421007953945e-08,1.5907316604420136e-10,1.4666469813539628e-34,1.0438304279928499e-06,1.298380840075517e-06,0.09226039737576906,0.00015239368558174563,1.129596907228436e-28,False,1e-24,True
UniGCN,random,2,119,restart,9449.768199309528,970.6062809794549,941.0231336095065,1313.9081277484509,1222.525212418993,7.192107271231294,0.7387170080473683,0.7697371997322802,0.012785871426337535,0.014422572534465754,0.013418647385648902,0.01591458488067407,0.014785049868409615,0.8034059023345373,0.9062487424337317,0.9075821525850768,False,1e-24,False
UniGCN,random,2,120,base,0.06727470842031735,1.0118427371047189e-05,5.7642923886293255e-30,0.08145455304700824,0.10147355065176925,0.8259171022826979,0.00012422175302107105,5.680586075489634e-29,9.10250657967859e-08,1.5035319217838518e-10,8.219671146033062e-35,9.866103808988404e-07,1.2272070068333331e-06,0.09226039737576906,0.00015239368558174664,6.697868493468743e-29,False,1e-24,True
UniGCN,random,2,120,restart,9449.76819897958,970.6062809793818,941.0231336095069,1313.9081273974064,1222.5252119776412,7.192107272901731,0.7387170082446799,0.7697372000101681,0.012785871425891104,0.014422572534464669,0.013418647385648907,0.01591458487642208,0.014785049863071966,0.8034059025211362,0.906248742675791,0.907582152912729,False,1e-24,False
UniGCN,random,2,121,base,0.06358688530191263,9.563761713520922e-06,3.236903339597279e-30,0.07698942802633464,0.09591103667308075,0.8259171022826978,0.00012422175302107176,3.3749018380757194e-29,8.603531036146811e-08,1.42111224415744e-10,4.615706350265908e-35,9.325269867530846e-07,1.1599347365086142e-06,0.09226039737576905,0.0001523936855817475,3.979281079346855e-29,False,1e-24,True
UniGCN,random,2,121,restart,9449.768198690877,970.6062809793178,941.0231336095064,1313.9081270902477,1222.5252115914652,7.1921072743633365,0.7387170084173248,0.7697372002533154,0.01278587142550048,0.014422572534463718,0.0134186473856489,0.01591458487270165,0.014785049858401608,0.8034059026844071,0.9062487428875896,0.9075821531994193,False,1e-24,False
UniGCN,random,2,122,base,0.06010121897722702,9.03950137298287e-06,1.8229721188307508e-30,0.0727690694515433,0.09065344512555158,0.8259171022826978,0.00012422175302107232,2.010924258097421e-29,8.131908023575972e-08,1.343210597150544e-10,2.5994918916212257e-35,8.814083024653987e-07,1.0963501556522922e-06,0.09226039737576905,0.0001523936855817482,2.371041658743245e-29,False,1e-24,True
UniGCN,random,2,122,restart,9449.768198438269,970.6062809792616,941.0231336095067,1313.9081268214888,1222.5252112535672,7.192107275642219,0.7387170085683858,0.7697372004660659,0.01278587142515869,0.014422572534462882,0.013418647385648904,0.015914584869446333,0.014785049854315117,0.8034059028272669,0.9062487430729095,0.9075821534502693,False,1e-24,False
UniGCN,random,2,123,base,0.05680662774089273,8.543979609679796e-06,1.0317642454264216e-30,0.06878005986785918,0.08568406096102538,0.8259171022826977,0.00012422175302107268,1.2041495627707636e-29,7.686138147938318e-08,1.2695793141710734e-10,1.4712582613556057e-35,8.330918104149613e-07,1.036251114796991e-06,0.09226039737576903,0.00015239368558174864,1.4197893158781654e-29,False,1e-24,True
UniGCN,random,2,123,restart,9449.768198217242,970.6062809792127,941.0231336095064,1313.9081265863288,1222.5252109579117,7.192107276761223,0.7387170087005623,0.7697372006522191,0.012785871424859633,0.014422572534462155,0.0134186473856489,0.01591458486659798,0.0147850498507395,0.803405902952267,0.9062487432350619,0.9075821536697589,False,1e-24,False
UniGCN,random,2,124,base,0.053692637357573465,8.075621050161488e-06,5.883142253698969e-31,0.06500971733019686,0.08098708540645815,0.8259171022826977,0.00012422175302107306,7.264296800128864e-30,7.264804208055213e-08,1.199984305060127e-10,8.389146727901518e-36,7.874239017707956e-07,9.79446545779091e-07,0.09226039737576903,0.0001523936855817491,8.56519098878281e-30,False,1e-24,True
UniGCN,random,2,124,restart,9449.768198023843,970.6062809791697,941.0231336095068,1313.9081263805674,1222.5252106992177,7.192107277740332,0.7387170088162146,0.7697372008151004,0.012785871424597958,0.014422572534461517,0.013418647385648906,0.015914584864105717,0.014785049847610891,0.80340590306164,0.9062487433769427,0.9075821538618092,False,1e-24,False
UniGCN,random,2,125,base,0.05074934776205022,7.632936678819546e-06,3.3965019174152457e-31,0.06144605508444788,0.07654758573611911,0.8259171022826979,0.00012422175302107325,4.437111745266449e-30,6.866566690000675e-08,1.1342043118675147e-10,4.8432881134023524e-36,7.442593881352701e-07,9.25755854290714e-07,0.09226039737576906,0.00015239368558174935,5.231712109574649e-30,False,1e-24,True
UniGCN,random,2,125,restart,9449.768197854622,970.6062809791322,941.0231336095067,1313.9081262005298,1222.5252104728647,7.192107278597036,0.7387170089174084,0.7697372009576189,0.012785871424368997,0.01442257253446096,0.013418647385648904,0.015914584861925027,0.014785049844873409,0.8034059031573394,0.906248743501086,0.9075821540298499,False,1e-24,False
UniGCN,random,2,126,base,0.04796740158472085,7.214519103976989e-06,2.003223610009059e-31,0.05807774345893422,0.07235144779714778,0.8259171022826977,0.0001242217530210734,2.7687401855806813e-30,6.490159508489878e-08,1.0720302054237324e-10,2.856523957515454e-36,7.034610399580213e-07,8.75008345730413e-07,0.09226039737576903,0.00015239368558174954,3.264567671215721e-30,False,1e-24,True
UniGCN,random,2,126,restart,9449.768197706559,970.606280979099,941.0231336095068,1313.9081260429991,1222.525210274809,7.192107279346642,0.7387170090059515,0.7697372010823205,0.012785871424168661,0.014422572534460465,0.013418647385648906,0.015914584860016952,0.014785049842478151,0.8034059032410753,0.9062487436097095,0.907582154176883,False,1e-24,False
UniGCN,random,2,127,base,0.04533795440244941,6.819038083478309e-06,1.2144899808798255e-31,0.05489407384487236,0.06838533113753557,0.8259171022826977,0.00012422175302107357,1.775951012706601e-30,6.134385981713585e-08,1.0132643204720001e-10,1.7318185095322526e-36,6.648991502528147e-07,8.270426825272239e-07,0.09226039737576903,0.00015239368558174973,2.0939892778450964e-30,False,1e-24,True
UniGCN,random,2,127,restart,9449.768197577005,970.6062809790703,941.0231336095063,1313.9081259051625,1222.5252101015133,7.192107280002534,0.7387170090834254,0.7697372011914322,0.01278587142399337,0.01442257253446004,0.013418647385648899,0.01591458485834742,0.014785049840382336,0.8034059033143428,0.9062487437047535,0.9075821543055346,False,1e-24,False
UniGCN,random,2,128,base,0.04285264662018576,6.4452362955550156e-06,7.660957964222444e-32,0.051884924651333854,0.06463662659387379,0.8259171022826974,0.00012422175302107376,1.1852348069397151e-30,5.7981150268215805e-08,9.577198272466281e-11,1.0924247224812446e-36,6.284511222303036e-07,7.817063712127889e-07,0.09226039737576901,0.00015239368558174997,1.3974872953720305e-30,False,1e-24,True
UniGCN,random,2,128,restart,9449.768197463647,970.6062809790451,941.0231336095064,1313.9081257845573,1222.5252099498823,7.1921072805764314,0.7387170091512139,0.7697372012869035,0.012785871423839993,0.014422572534459666,0.0134186473856489,0.015914584856886602,0.014785049838548532,0.803405903378451,0.9062487437879155,0.907582154418103,False,1e-24,False
UniGCN,random,2,129,base,0.040503576893961245,6.091925341521205e-06,5.112647957379933e-32,0.0490407291264657,0.06109341620402998,0.8259171022826978,0.00012422175302107387,8.368574349002736e-31,5.4802775639597605e-08,9.052201374998049e-11,7.290449904657516e-37,5.940010795356797e-07,7.388552776108408e-07,0.09226039737576905,0.0001523936855817501,9.867223156653741e-31,False,1e-24,True
UniGCN,random,2,129,restart,9449.768197364461,970.6062809790233,941.0231336095067,1313.9081256790298,1222.5252098172077,7.19210728107858,0.7387170092105279,0.7697372013704394,0.012785871423705792,0.014422572534459341,0.013418647385648904,0.01591458485560841,0.014785049836943984,0.8034059034345442,0.9062487438606812,0.9075821545165985,False,1e-24,False
UniGCN,random,2,130,base,0.03828327701076587,5.757981967590913e-06,3.639925226935678e-32,0.04635244494266706,0.057744435317306414,0.8259171022826978,0.00012422175302107387,6.303508220202072e-31,5.179863117428441e-08,8.555983430884436e-11,5.190400893018439e-37,5.614394978520722e-07,6.983531686027294e-07,0.09226039737576905,0.0001523936855817501,7.432343871802621e-31,False,1e-24,True
UniGCN,random,2,130,restart,9449.768197277674,970.606280979004,941.0231336095068,1313.9081255866952,1222.5252097011194,7.192107281517952,0.7387170092624264,0.769737201443532,0.012785871423588365,0.014422572534459055,0.013418647385648906,0.015914584854490016,0.014785049835540028,0.8034059034836251,0.9062487439243497,0.9075821546027806,False,1e-24,False
UniGCN,random,2,131,base,0.03618468814544487,5.4423444938055e-06,2.7542478383615797e-32,0.0438115254490268,0.05457903678162021,0.8259171022826977,0.0001242217530210739,5.046347463737373e-31,4.895916603156288e-08,8.086966853362204e-11,3.927457172481821e-37,5.306628566984837e-07,6.6007127901216e-07,0.09226039737576903,0.00015239368558175013,5.950050089074498e-31,False,1e-24,True
UniGCN,random,2,131,restart,9449.768197201738,970.606280978987,941.0231336095065,1313.9081255059036,1222.525209599544,7.1921072819023975,0.7387170093078368,0.7697372015074866,0.01278587142348562,0.014422572534458802,0.013418647385648902,0.015914584853511434,0.01478504983431159,0.8034059035265702,0.9062487439800586,0.9075821546781881,False,1e-24,False
UniGCN,random,2,132,base,0.03420113841912995,5.144009438717888e-06,2.247892126091619e-32,0.041409892499627,0.051587157093848375,0.8259171022826977,0.00012422175302107395,4.357464634079775e-31,4.6275352922764855e-08,7.643660534837979e-11,3.2054123563679553e-37,5.015733103152497e-07,6.238879022321744e-07,0.09226039737576903,0.00015239368558175021,5.137801750762413e-31,False,1e-24,True
UniGCN,random,2,132,restart,9449.768197135294,970.6062809789722,941.0231336095069,1313.908125435212,1222.5252095106666,7.192107282238781,0.7387170093475703,0.7697372015634467,0.01278587142339572,0.014422572534458581,0.013418647385648907,0.01591458485265519,0.014785049833236719,0.8034059035641463,0.9062487440288032,0.9075821547441697,False,1e-24,False
UniGCN,random,2,133,base,0.03232632168785838,4.86202832910275e-06,1.911440460248709e-32,0.03913991077132778,0.04875928440572217,0.8259171022826975,0.00012422175302107392,3.9201569168730272e-31,4.373865941151701e-08,7.224655106326894e-11,2.7256445265439497e-37,4.7407837659069516e-07,5.896880032928878e-07,0.09226039737576902,0.00015239368558175016,4.622180731715122e-31,False,1e-24,True
UniGCN,random,2,133,restart,9449.768197077157,970.6062809789591,941.0231336095068,1313.9081253733582,1222.525209432901,7.192107282533111,0.7387170093823364,0.7697372016124101,0.01278587142331706,0.014422572534458387,0.013418647385648906,0.015914584851905993,0.014785049832296232,0.8034059035970249,0.9062487440714538,0.9075821548019014,False,1e-24,False
UniGCN,random,2,134,base,0.030554277493944508,4.595504684550042e-06,1.699312178911295e-32,0.03699436348938357,0.04608642828355444,0.8259171022826977,0.00012422175302107398,3.687229065476702e-31,4.1341020787235603e-08,6.828618456756421e-11,2.4231573180868963e-37,4.4809064304001435e-07,5.573628531398374e-07,0.09226039737576903,0.00015239368558175024,4.347540035071099e-31,False,1e-24,True
UniGCN,random,2,134,restart,9449.768197026287,970.606280978948,941.0231336095065,1313.9081253192367,1222.5252093648567,7.192107282790646,0.7387170094127566,0.7697372016552526,0.01278587142324823,0.014422572534458222,0.013418647385648902,0.01591458485125045,0.014785049831473314,0.8034059036257933,0.906248744108773,0.9075821548524162,False,1e-24,False
UniGCN,random,2,135,base,0.028879372116364422,4.343591167355178e-06,1.5414477474009053e-32,0.034966429483717726,0.04356009112565954,0.8259171022826975,0.00012422175302107387,3.538669703316803e-31,3.9074814425625054e-08,6.45429149789016e-11,2.198048384468174e-37,4.235274889016199e-07,5.268096829602347e-07,0.09226039737576902,0.0001523936855817501,4.172376582216485e-31,False,1e-24,True
UniGCN,random,2,135,restart,9449.768196981777,970.6062809789381,941.0231336095064,1313.9081252718815,1222.5252093053193,7.192107283015983,0.7387170094393735,0.7697372016927388,0.012785871423188006,0.014422572534458075,0.0134186473856489,0.015914584850676865,0.014785049830753277,0.803405903650965,0.9062487441414261,0.9075821548966155,False,1e-24,False
UniGCN,random,2,136,base,0.02729628065990889,4.1054868886447985e-06,1.398297419002352e-32,0.03304966150291175,0.04117224114659506,0.8259171022826975,0.00012422175302107395,3.3962140025938113e-31,3.693283555466684e-08,6.100484161407471e-11,1.9939212263448617e-37,4.003108224674389e-07,4.979313574581434e-07,0.09226039737576902,0.00015239368558175021,4.004409837780649e-31,False,1e-24,True
UniGCN,random,2,136,restart,9449.768196942832,970.6062809789296,941.0231336095065,1313.9081252304468,1222.525209253225,7.19210728321315,0.7387170094626629,0.769737201725539,0.012785871423135312,0.014422572534457948,0.013418647385648902,0.015914584850174992,0.014785049830123256,0.8034059036729898,0.9062487441699973,0.9075821549352896,False,1e-24,False
UniGCN,random,2,137,base,0.025799970126161947,3.880434862173599e-06,1.3118984460746072e-32,0.031237965716964952,0.03891528684233691,0.8259171022826977,0.00012422175302107406,3.3711647851644777e-31,3.490827434905326e-08,5.7660716154126144e-11,1.8707194355713811e-37,3.783668328120756e-07,4.7063606603985725e-07,0.09226039737576903,0.00015239368558175032,3.974874792984849e-31,False,1e-24,True
UniGCN,random,2,137,restart,9449.768196908755,970.6062809789221,941.0231336095068,1313.9081251941916,1222.5252092076432,7.192107283385669,0.7387170094830408,0.769737201754239,0.012785871423089205,0.014422572534457837,0.013418647385648906,0.015914584849735854,0.014785049829571996,0.8034059036922613,0.9062487441949966,0.9075821549691291,False,1e-24,False
UniGCN,random,2,138,base,0.024385683412484014,3.667719597697392e-06,1.2144439189343775e-32,0.029525582343658995,0.036782052855206325,0.8259171022826975,0.00012422175302107403,3.3017295791376112e-31,3.29946942802443e-08,5.4499906883450204e-11,1.7317528268745382e-37,3.5762575513152867e-07,4.448370309276862e-07,0.09226039737576902,0.0001523936855817503,3.8930050928157918e-31,False,1e-24,True
UniGCN,random,2,138,restart,9449.76819687894,970.6062809789153,941.0231336095067,1313.908125162469,1222.5252091677598,7.192107283536622,0.738717009500871,0.7697372017793505,0.012785871423048864,0.014422572534457737,0.013418647385648904,0.01591458484935162,0.014785049829089653,0.8034059037091238,0.9062487442168706,0.9075821549987376,False,1e-24,False
UniGCN,random,2,139,base,0.02304892418812894,3.466664826271144e-06,1.1524836511547827e-32,0.027907067336934356,0.0347657571618184,0.8259171022826975,0.00012422175302107411,3.3149965518959023e-31,3.1186011653317696e-08,5.1512364889214046e-11,1.6433997401586297e-37,3.3802164894542594e-07,4.2045223127417776e-07,0.09226039737576902,0.0001523936855817504,3.90864792221061e-31,False,1e-24,True
UniGCN,random,2,139,restart,9449.76819685285,970.6062809789095,941.0231336095067,1313.9081251347122,1222.5252091328623,7.1921072836687,0.7387170095164722,0.769737201801323,0.012785871423013564,0.01442257253445765,0.013418647385648904,0.015914584849015416,0.014785049828667607,0.8034059037238778,0.90624874423601,0.907582155024645,False,1e-24,False
UniGCN,random,2,140,base,0.021785442599412484,3.27663135024017e-06,1.0805907062860059e-32,0.026377275079061974,0.03285998951152743,0.8259171022826978,0.00012422175302107411,3.2884694193433324e-31,2.9476476265555094e-08,4.86885921136375e-11,1.540883017428375e-37,3.194921884576306e-07,3.974041423996746e-07,0.09226039737576905,0.0001523936855817504,3.877370296454255e-31,False,1e-24,True
UniGCN,random,2,140,restart,9449.768196830022,970.6062809789046,941.0231336095067,1313.9081251104253,1222.525209102328,7.192107283784269,0.7387170095301233,0.7697372018205483,0.012785871422982676,0.014422572534457577,0.013418647385648904,0.01591458484872124,0.014785049828298329,0.8034059037367876,0.9062487442527569,0.9075821550473131,False,1e-24,False
UniGCN,random,2,141,base,0.02059122175848604,3.0970150110892134e-06,1.016221175608835e-32,0.02493134202158464,0.031058691046820148,0.8259171022826978,0.00012422175302107411,3.271938196226327e-31,2.7860653125273846e-08,4.601961115756361e-11,1.4490944095092956e-37,3.0197846440872876e-07,3.756194893241851e-07,0.09226039737576905,0.0001523936855817504,3.8578786529860504e-31,False,1e-24,True
UniGCN,random,2,141,restart,9449.76819681005,970.6062809788999,941.0231336095067,1313.9081250891747,1222.5252090756105,7.19210728388539,0.7387170095420675,0.7697372018373704,0.012785871422955652,0.014422572534457508,0.013418647385648904,0.015914584848463847,0.01478504982797521,0.8034059037480835,0.90624874426741,0.9075821550671477,False,1e-24,False
UniGCN,random,2,142,base,0.019462464972760454,2.9272447686886982e-06,9.577520507880396e-33,0.02356467122301916,0.029356135040865587,0.8259171022826974,0.00012422175302107411,3.2625277457498698e-31,2.6333405172784608e-08,4.349693673931812e-11,1.3657195655871992e-37,2.854247967904454e-07,3.550290138099908e-07,0.09226039737576901,0.0001523936855817504,3.8467829739631464e-31,False,1e-24,True
UniGCN,random,2,142,restart,9449.768196792573,970.6062809788962,941.0231336095064,1313.9081250705808,1222.5252090522333,7.1921072839738684,0.7387170095525187,0.7697372018520892,0.012785871422932006,0.014422572534457452,0.0134186473856489,0.01591458484823863,0.01478504982769249,0.8034059037579672,0.9062487442802313,0.9075821550845024,False,1e-24,False
UniGCN,random,2,143,base,0.01839558367437921,2.7667808858316554e-06,9.018504675951773e-33,0.022272917734161055,0.027746908690981925,0.8259171022826978,0.0001242217530210741,3.250273670624394e-31,2.4889876948540615e-08,4.1112548718119335e-11,1.286005942576969e-37,2.6977855782656326e-07,3.355672541743667e-07,0.09226039737576905,0.00015239368558175038,3.8323344324554905e-31,False,1e-24,True
UniGCN,random,2,143,restart,9449.768196777282,970.6062809788928,941.0231336095068,1313.9081250543118,1222.5252090317786,7.192107284051285,0.738717009561663,0.7697372018649683,0.012785871422911318,0.014422572534457402,0.013418647385648906,0.015914584848041573,0.014785049827445114,0.803405903766615,0.9062487442914494,0.9075821550996879,False,1e-24,False
UniGCN,random,2,144,base,0.01738718601136628,2.6151132122895906e-06,8.497616666692575e-33,0.0210519747845286,0.02622589591013775,0.8259171022826977,0.00012422175302107406,3.240162584267628e-31,2.3525479156556187e-08,3.885886659627409e-11,1.2117292083074133e-37,2.549900046575655e-07,3.1717233717239146e-07,0.09226039737576903,0.00015239368558175032,3.8204126473009744e-31,False,1e-24,True
UniGCN,random,2,144,restart,9449.7681967639,970.6062809788898,941.023133609507,1313.9081250400764,1222.5252090138813,7.192107284119023,0.7387170095696644,0.7697372018762372,0.01278587142289321,0.014422572534457357,0.01341864738564891,0.01591458484786915,0.014785049827228666,0.8034059037741818,0.9062487443012653,0.9075821551129748,False,1e-24,False
UniGCN,random,2,145,base,0.016434066064177407,2.471759562931898e-06,8.12493421923306e-33,0.01989796072602974,0.024788261061778113,0.8259171022826977,0.00012422175302107406,3.2777346498747265e-31,2.2235874074018293e-08,3.6728725419096337e-11,1.1585860477339022e-37,2.4101212119706574e-07,2.9978578128819603e-07,0.09226039737576903,0.00015239368558175032,3.8647131386798737e-31,False,1e-24,True
UniGCN,random,2,145,restart,9449.768196752197,970.606280978887,941.0231336095067,1313.9081250276204,1222.5252089982212,7.192107284178296,0.7387170095766652,0.7697372018860971,0.012785871422877376,0.014422572534457315,0.013418647385648904,0.015914584847718277,0.014785049827039275,0.803405903780803,0.9062487443098539,0.9075821551246004,False,1e-24,False
UniGCN,random,2,146,base,0.015533193653371677,2.336264184752522e-06,7.664411850121186e-33,0.018807206692342985,0.02342943358626476,0.8259171022826977,0.0001242217530210741,3.2712749208817243e-31,2.1016961760704785e-08,3.471535299592913e-11,1.0929172340394642e-37,2.2780046865725523e-07,2.833523108092702e-07,0.09226039737576903,0.00015239368558175038,3.857096597935027e-31,False,1e-24,True
UniGCN,random,2,146,restart,9449.76819674195,970.606280978885,941.0231336095069,1313.9081250167217,1222.5252089845185,7.192107284230155,0.7387170095827913,0.7697372018947247,0.012785871422863512,0.014422572534457286,0.013418647385648907,0.015914584847586268,0.014785049826873557,0.803405903786596,0.9062487443173693,0.9075821551347731,False,1e-24,False
UniGCN,random,2,147,base,0.014681704705999863,2.2081963079301906e-06,7.26880698343411e-33,0.017776244934778654,0.022145093470054594,0.8259171022826974,0.00012422175302107395,3.282355521896197e-31,1.9864867024366283e-08,3.281234836985027e-11,1.03650541991372e-37,2.1531304426815238e-07,2.6781968009272817e-07,0.09226039737576901,0.00015239368558175021,3.870161518955018e-31,False,1e-24,True
UniGCN,random,2,147,restart,9449.768196732986,970.6062809788829,941.0231336095064,1313.9081250071856,1222.5252089725293,7.192107284275533,0.7387170095881511,0.7697372019022732,0.012785871422851383,0.014422572534457254,0.0134186473856489,0.015914584847470763,0.01478504982672856,0.803405903791665,0.9062487443239446,0.9075821551436735,False,1e-24,False
UniGCN,random,2,148,base,0.013876892150082103,2.0871487763157457e-06,6.87147129292519e-33,0.016801797797537644,0.020931157511419704,0.8259171022826977,0.00012422175302107395,3.2828912061725333e-31,1.8775927100631596e-08,3.101366146761259e-11,9.798467966105758e-38,2.0351014774149286e-07,2.5313850746483706e-07,0.09226039737576903,0.00015239368558175021,3.8707931338604595e-31,False,1e-24,True
UniGCN,random,2,148,restart,9449.768196725145,970.6062809788813,941.0231336095065,1313.908124998842,1222.525208962039,7.192107284315236,0.738717009592841,0.7697372019088783,0.012785871422840774,0.01442257253445723,0.013418647385648902,0.015914584847369698,0.014785049826601691,0.8034059037961001,0.9062487443296983,0.9075821551514613,False,1e-24,False
UniGCN,random,2,149,base,0.013116197308226402,1.972736752992538e-06,6.50400427018686e-33,0.015880767297317626,0.019783766339044554,0.8259171022826977,0.00012422175302107395,3.2875460408925188e-31,1.774668000826844e-08,2.931357386512069e-11,9.274473366199775e-38,1.9235425505471936e-07,2.392621182257369e-07,0.09226039737576903,0.00015239368558175021,3.876281558892485e-31,False,1e-24,True
UniGCN,random,2,149,restart,9449.768196718283,970.6062809788797,941.0231336095065,1313.908124991541,1222.5252089528599,7.192107284349979,0.7387170095969446,0.7697372019146577,0.01278587142283149,0.014422572534457207,0.013418647385648902,0.01591458484728127,0.014785049826490681,0.8034059037999811,0.9062487443347325,0.9075821551582757,False,1e-24,False
UniGCN,random,2,150,base,0.012397201763026429,1.8645964967946328e-06,6.1367828237070375e-33,0.015010225274137833,0.018699272142229696,0.8259171022826975,0.000124221753021074,3.281829783014907e-31,1.6773853542778204e-08,2.7706680607294124e-11,8.750828949100303e-38,1.8180989915380132e-07,2.2614639626023105e-07,0.09226039737576902,0.00015239368558175027,3.869541630471332e-31,False,1e-24,True
UniGCN,random,2,150,restart,9449.768196712277,970.6062809788782,941.0231336095067,1313.9081249851527,1222.5252089448281,7.192107284380375,0.7387170096005352,0.7697372019197147,0.012785871422823362,0.014422572534457185,0.013418647385648904,0.01591458484720389,0.014785049826393547,0.8034059038033766,0.9062487443391374,0.9075821551642383,False,1e-24,False
UniGCN,random,2,151,base,0.011717619668376887,1.7623842058930637e-06,5.817893050254957e-33,0.014187404082069897,0.01767422707369351,0.8259171022826978,0.00012422175302107398,3.291738318171981e-31,1.5854354873333057e-08,2.6187873024517933e-11,8.296103738633947e-38,1.7184355719561413e-07,2.1374964378288362e-07,0.09226039737576905,0.00015239368558175024,3.8812245914480785e-31,False,1e-24,True
UniGCN,random,2,151,restart,9449.768196707026,970.6062809788773,941.0231336095069,1313.9081249795631,1222.5252089378012,7.192107284406974,0.738717009603677,0.7697372019241393,0.012785871422816257,0.014422572534457171,0.013418647385648907,0.015914584847136187,0.014785049826308563,0.8034059038063479,0.9062487443429916,0.9075821551694553,False,1e-24,False
UniGCN,random,2,152,base,0.011075290482262365,1.6657749247736683e-06,5.462403147688647e-33,0.013409687790278351,0.016705372288101948,0.8259171022826975,0.00012422175302107398,3.2698481982225135e-31,1.498526070998158e-08,2.4752322491050318e-11,7.789188076167835e-38,1.624235439713948e-07,2.0203244877152287e-07,0.09226039737576902,0.00015239368558175024,3.855414377012563e-31,False,1e-24,True
UniGCN,random,2,152,restart,9449.768196702427,970.606280978876,941.0231336095065,1313.9081249746725,1222.525208931652,7.1921072844302465,0.7387170096064258,0.7697372019280108,0.012785871422810036,0.014422572534457154,0.013418647385648902,0.01591458484707695,0.014785049826234197,0.8034059038089476,0.9062487443463638,0.9075821551740201,False,1e-24,False
UniGCN,random,2,153,base,0.010468172097915717,1.5744615111315228e-06,5.1746088920860865e-33,0.01267460386639704,0.015789627581477336,0.8259171022826975,0.000124221753021074,3.2772203558216738e-31,1.416380800986252e-08,2.3395465073751786e-11,7.378803942386424e-38,1.5351991117244483e-07,1.9095755966769248e-07,0.09226039737576902,0.00015239368558175027,3.864106744570438e-31,False,1e-24,True
UniGCN,random,2,153,restart,9449.768196698406,970.6062809788754,941.0231336095065,1313.9081249703931,1222.5252089262717,7.192107284450609,0.7387170096088312,0.7697372019313983,0.012785871422804594,0.014422572534457143,0.013418647385648902,0.015914584847025116,0.014785049826169128,0.8034059038112221,0.9062487443493148,0.9075821551780142,False,1e-24,False
UniGCN,random,2,154,base,0.009894334351508273,1.4881536593975155e-06,4.8680735712804886e-33,0.011979815315801038,0.014924081598547629,0.8259171022826977,0.00012422175302107395,3.261891553684775e-31,1.3387385192879459e-08,2.211298702233066e-11,6.941695731734934e-38,1.451043521778227e-07,1.8048976694569553e-07,0.09226039737576903,0.00015239368558175021,3.8460328522799313e-31,False,1e-24,True
UniGCN,random,2,154,restart,9449.768196694886,970.6062809788746,941.0231336095067,1313.9081249666488,1222.5252089215642,7.192107284468426,0.7387170096109359,0.7697372019343623,0.012785871422799832,0.014422572534457131,0.013418647385648904,0.015914584846979763,0.014785049826112196,0.8034059038132124,0.9062487443518967,0.9075821551815091,False,1e-24,False
UniGCN,random,2,155,base,0.009351952885731478,1.4065769777926448e-06,4.654313789283535e-33,0.01132311325178306,0.014105982576903105,0.8259171022826975,0.00012422175302107395,3.299531786537457e-31,1.2653523838909177e-08,2.09008110549755e-11,6.636882062718314e-38,1.371501120613259e-07,1.7059579117371292e-07,0.09226039737576902,0.00015239368558175021,3.8904137183315167e-31,False,1e-24,True
UniGCN,random,2,155,restart,9449.768196691806,970.6062809788738,941.0231336095065,1313.9081249633725,1222.5252089174453,7.192107284484016,0.7387170096127772,0.7697372019369557,0.012785871422795666,0.014422572534457119,0.013418647385648902,0.01591458484694008,0.014785049826062383,0.8034059038149539,0.9062487443541557,0.9075821551845669,False,1e-24,False
UniGCN,random,2,156,base,0.00883930334976089,1.3294721159757632e-06,4.35983710055833e-33,0.010702409873013314,0.013332729598534087,0.8259171022826975,0.00012422175302107392,3.270025892550681e-31,1.1959890840147316e-08,1.9755083395772897e-11,6.216969022521287e-38,1.2963190253165356e-07,1.6124417721111766e-07,0.09226039737576902,0.00015239368558175016,3.8556238929368504e-31,False,1e-24,True
UniGCN,random,2,156,restart,9449.768196689114,970.6062809788732,941.0231336095064,1313.9081249605058,1222.525208913841,7.192107284497658,0.7387170096143886,0.7697372019392249,0.012785871422792023,0.01442257253445711,0.0134186473856489,0.015914584846905357,0.014785049826018793,0.8034059038164779,0.9062487443561325,0.9075821551872424,False,1e-24,False
UniGCN,random,2,157,base,0.008354755917162941,1.2565939405113995e-06,4.135889686843717e-33,0.010115731825956606,0.012601864320936487,0.8259171022826974,0.000124221753021074,3.2819665261531437e-31,1.1304280983641842e-08,1.867216152270029e-11,5.897628161469573e-38,1.2252582153532716e-07,1.5240519420561535e-07,0.09226039737576901,0.00015239368558175027,3.869702861644511e-31,False,1e-24,True
UniGCN,random,2,157,restart,9449.768196686753,970.6062809788726,941.0231336095067,1313.9081249579976,1222.5252089106878,7.192107284509592,0.7387170096157983,0.7697372019412105,0.012785871422788827,0.014422572534457102,0.013418647385648904,0.015914584846874975,0.014785049825980659,0.803405903817811,0.906248744357862,0.9075821551895836,False,1e-24,False
UniGCN,random,2,158,base,0.00789677010431567,1.1877107555362612e-06,3.9188303755613635e-33,0.00956121393114431,0.011911063161496397,0.8259171022826977,0.00012422175302107406,3.290076059901472e-31,1.0684609940432573e-08,1.764860258724149e-11,5.588109483783339e-38,1.1580927726676736e-07,1.4405074107227873e-07,0.09226039737576903,0.00015239368558175032,3.879264655070019e-31,False,1e-24,True
UniGCN,random,2,158,restart,9449.768196684692,970.6062809788722,941.0231336095068,1313.9081249558028,1222.5252089079283,7.192107284520037,0.7387170096170319,0.769737201942948,0.01278587142278604,0.014422572534457095,0.013418647385648906,0.015914584846848392,0.014785049825947286,0.8034059038189777,0.9062487443593753,0.9075821551916323,False,1e-24,False
UniGCN,random,2,159,base,0.007463889872870066,1.1226035661467672e-06,3.6970027000082026e-33,0.009037093253355711,0.011258129910306277,0.8259171022826977,0.000124221753021074,3.283851518380308e-31,1.0098907639007747e-08,1.668115246880871e-11,5.271791292198774e-38,1.0946091634394034e-07,1.361542571539739e-07,0.09226039737576903,0.00015239368558175027,3.8719254192963054e-31,False,1e-24,True
UniGCN,random,2,159,restart,9449.768196682888,970.6062809788716,941.0231336095067,1313.9081249538826,1222.5252089055139,7.1921072845291745,0.7387170096181112,0.7697372019444682,0.012785871422783599,0.014422572534457088,0.013418647385648904,0.015914584846825133,0.014785049825918085,0.8034059038199984,0.9062487443606992,0.9075821551934247,False,1e-24,False
UniGCN,random,2,160,base,0.007054739000681606,1.0610653821657363e-06,3.474432498463156e-33,0.008541703496856378,0.010640988747927153,0.8259171022826977,0.0001242217530210739,3.265140656351102e-31,9.545312002010243e-09,1.576673542917232e-11,4.954414285575138e-38,1.0346055592122555e-07,1.2869063777914795e-07,0.09226039737576903,0.00015239368558175013,3.8498638060040085e-31,False,1e-24,True
UniGCN,random,2,160,restart,9449.76819668131,970.6062809788714,941.0231336095065,1313.9081249522023,1222.5252089034016,7.192107284537172,0.7387170096190556,0.7697372019457981,0.012785871422781463,0.014422572534457084,0.013418647385648902,0.01591458484680478,0.01478504982589254,0.8034059038208918,0.906248744361858,0.9075821551949927,False,1e-24,False
UniGCN,random,2,161,base,0.006668016706495223,1.0029005600747651e-06,3.2521181917446786e-33,0.00807346970787496,0.010057677645898818,0.8259171022826975,0.00012422175302107395,3.2334683077368097e-31,9.022063026281224e-09,1.4902444334007767e-11,4.63740217566051e-38,9.77891195236793e-08,1.2163615444851696e-07,0.09226039737576902,0.00015239368558175021,3.812519556118746e-31,False,1e-24,True
UniGCN,random,2,161,restart,9449.768196679925,970.6062809788712,941.0231336095067,1313.908124950732,1222.5252089015528,7.192107284544166,0.7387170096198822,0.7697372019469622,0.012785871422779588,0.01442257253445708,0.013418647385648904,0.015914584846786973,0.014785049825870181,0.8034059038216731,0.906248744362872,0.9075821551963653,False,1e-24,False
UniGCN,random,2,162,base,0.006302493514473546,9.479241810201402e-07,3.10668462665171e-33,0.007630903267476242,0.009506342129016722,0.8259171022826975,0.00012422175302107398,3.268012643021766e-31,8.527497187420211e-09,1.4085531410471479e-11,4.430019205112819e-38,9.242857639869483e-08,1.1496837939691055e-07,0.09226039737576902,0.00015239368558175024,3.853250109596538e-31,False,1e-24,True
UniGCN,random,2,162,restart,9449.768196678717,970.6062809788707,941.0231336095067,1313.9081249494457,1222.5252088999355,7.192107284550287,0.7387170096206049,0.7697372019479805,0.012785871422777954,0.014422572534457074,0.013418647385648904,0.01591458484677139,0.014785049825850622,0.8034059038223569,0.9062487443637586,0.9075821551975659,False,1e-24,False
UniGCN,random,2,163,base,0.005957007345420871,8.959614629148441e-07,2.9340850890228368e-33,0.0072125971589118215,0.008985229379544515,0.8259171022826978,0.00012422175302107398,3.2654537408944515e-31,8.060042151072527e-09,1.3313399511422401e-11,4.1838985464756456e-38,8.736188419224593e-08,1.0866611429043843e-07,0.09226039737576905,0.00015239368558175024,3.8502329578962296e-31,False,1e-24,True
UniGCN,random,2,163,restart,9449.768196677656,970.6062809788705,941.0231336095067,1313.90812494832,1222.5252088985205,7.192107284555642,0.7387170096212378,0.7697372019488714,0.01278587142277652,0.01442257253445707,0.013418647385648904,0.015914584846757757,0.014785049825833509,0.8034059038229551,0.906248744364535,0.9075821551986164,False,1e-24,False
UniGCN,random,2,164,base,0.005630459822275971,8.46847204767585e-07,2.7663215335051155e-33,0.006817221494402182,0.00849268266461819,0.8259171022826975,0.000124221753021074,3.257300010784616e-31,7.61821177413008e-09,1.2583593858515943e-11,3.9446738223160807e-38,8.257293476746833e-08,1.0270932283229124e-07,0.09226039737576902,0.00015239368558175027,3.84061905340096e-31,False,1e-24,True
UniGCN,random,2,164,restart,9449.768196676734,970.6062809788706,941.0231336095067,1313.9081249473354,1222.5252088972823,7.192107284560329,0.7387170096217913,0.769737201949651,0.012785871422775272,0.014422572534457072,0.013418647385648904,0.015914584846745832,0.014785049825818533,0.8034059038234787,0.9062487443652141,0.9075821551995357,False,1e-24,False
UniGCN,random,2,165,base,0.005321812778128139,8.00425261472248e-07,2.6009004301091518e-33,0.006443519287128856,0.008027136069125324,0.8259171022826977,0.00012422175302107406,3.2401349718151197e-31,7.200601379953252e-09,1.1893794237919807e-11,3.708789349625049e-38,7.804650299332436e-08,9.707906706291468e-08,0.09226039737576903,0.00015239368558175032,3.820380089995579e-31,False,1e-24,True
UniGCN,random,2,165,restart,9449.768196675925,970.6062809788702,941.0231336095064,1313.9081249464737,1222.5252088961988,7.192107284564431,0.7387170096222756,0.769737201950333,0.012785871422774176,0.014422572534457067,0.0134186473856489,0.015914584846735393,0.01478504982580543,0.8034059038239368,0.9062487443658082,0.9075821552003398,False,1e-24,False
UniGCN,random,2,166,base,0.005030084955654582,7.565480473880166e-07,2.469987857562712e-33,0.006090302454994894,0.007587109517314056,0.8259171022826975,0.00012422175302107403,3.2555057389459202e-31,6.8058832925926695e-09,1.1241807623840287e-11,3.52211278593519e-38,7.376819834053895e-08,9.175744715204105e-08,0.09226039737576902,0.0001523936855817503,3.8385034623937274e-31,False,1e-24,True
UniGCN,random,2,166,restart,9449.768196675215,970.60628097887,941.0231336095068,1313.9081249457195,1222.525208895251,7.192107284568018,0.7387170096226995,0.7697372019509301,0.012785871422773216,0.014422572534457063,0.013418647385648906,0.015914584846726258,0.014785049825793966,0.8034059038243375,0.9062487443663282,0.9075821552010438,False,1e-24,False
UniGCN,random,2,167,base,0.004754348887486049,7.150760671319285e-07,2.301171675815755e-33,0.005756448043448694,0.007171204067304418,0.8259171022826975,0.000124221753021074,3.2089055815709646e-31,6.432802615813285e-09,1.0625561206407488e-11,3.281387055084661e-38,6.972441913091929e-08,8.672754449116377e-08,0.09226039737576902,0.00015239368558175027,3.7835581237042686e-31,False,1e-24,True
UniGCN,random,2,167,restart,9449.768196674595,970.6062809788699,941.0231336095064,1313.9081249450599,1222.5252088944212,7.192107284571157,0.7387170096230703,0.7697372019514521,0.012785871422772377,0.014422572534457062,0.0134186473856489,0.01591458484671827,0.014785049825783932,0.8034059038246881,0.906248744366783,0.9075821552016593,False,1e-24,False
UniGCN,random,2,168,base,0.0044937279475826125,6.758774720921524e-07,2.194643889296197e-33,0.0054408946553627414,0.0067780974635422205,0.8259171022826975,0.00012422175302107406,3.2378464622272934e-31,6.0801732435012674e-09,1.0043095801753583e-11,3.1294823087479144e-38,6.590230929460687e-08,8.197336790553337e-08,0.09226039737576902,0.00015239368558175032,3.8176817528765553e-31,False,1e-24,True
UniGCN,random,2,168,restart,9449.768196674053,970.6062809788697,941.0231336095067,1313.9081249444823,1222.5252088936957,7.192107284573905,0.7387170096233947,0.7697372019519092,0.012785871422771645,0.014422572534457058,0.013418647385648904,0.015914584846711273,0.014785049825775158,0.8034059038249951,0.9062487443671811,0.9075821552021982,False,1e-24,False
UniGCN,random,2,169,base,0.0042473935642452975,6.388276412520438e-07,2.0889576806891653e-33,0.005142639076617021,0.006406539933055735,0.8259171022826977,0.00012422175302107403,3.2606644187306154e-31,5.746874088769918e-09,9.4925596233333e-12,2.978777621883926e-38,6.22897174977837e-08,7.747980281467041e-08,0.09226039737576903,0.0001523936855817503,3.8445859613363783e-31,False,1e-24,True
UniGCN,random,2,169,restart,9449.768196673576,970.6062809788696,941.0231336095065,1313.9081249439776,1222.5252088930606,7.1921072845763065,0.7387170096236785,0.7697372019523091,0.012785871422771,0.014422572534457057,0.013418647385648902,0.01591458484670516,0.014785049825767477,0.8034059038252634,0.9062487443675292,0.9075821552026697,False,1e-24,False
UniGCN,random,2,170,base,0.004014562585903119,6.0380878499233e-07,1.967266791151822e-33,0.004860733086659103,0.006055350212150594,0.8259171022826975,0.000124221753021074,3.2488076200850087e-31,5.4318455197761305e-09,8.97220239468433e-12,2.8052508425279185e-38,5.8875158510890324e-08,7.323256317976642e-08,0.09226039737576902,0.00015239368558175027,3.8306058407948605e-31,False,1e-24,True
UniGCN,random,2,170,restart,9449.768196673162,970.6062809788697,941.0231336095068,1313.9081249435355,1222.525208892505,7.192107284578411,0.7387170096239272,0.7697372019526592,0.012785871422770437,0.014422572534457058,0.013418647385648906,0.015914584846699806,0.014785049825760756,0.8034059038254985,0.9062487443678343,0.9075821552030825,False,1e-24,False
UniGCN,random,2,171,base,0.003794494791300758,5.707095706118168e-07,1.8617537081464944e-33,0.004594280443900973,0.005723411790910826,0.8259171022826977,0.00012422175302107395,3.2528739433061382e-31,5.134085990916043e-09,8.480369784910718e-12,2.6547930264707925e-38,5.5647776694537004e-08,6.921814608520173e-08,0.09226039737576903,0.00015239368558175021,3.835400363371427e-31,False,1e-24,True
UniGCN,random,2,171,restart,9449.7681966728,970.6062809788694,941.0231336095069,1313.9081249431488,1222.5252088920188,7.192107284580252,0.7387170096241443,0.7697372019529652,0.012785871422769948,0.014422572534457055,0.013418647385648907,0.015914584846695123,0.014785049825754877,0.8034059038257041,0.9062487443681007,0.9075821552034434,False,1e-24,False
UniGCN,random,2,172,base,0.003586490536171216,5.394247683760712e-07,1.7596749647381236e-33,0.004342434036368482,0.005409669363566515,0.8259171022826977,0.00012422175302107403,3.252832745360238e-31,4.852648858689693e-09,8.015498149198516e-12,2.5092324536809353e-38,5.259731148702136e-08,6.542378880978572e-08,0.09226039737576903,0.0001523936855817503,3.8353517876751565e-31,False,1e-24,True
UniGCN,random,2,172,restart,9449.76819667248,970.6062809788694,941.0231336095065,1313.9081249428104,1222.5252088915931,7.19210728458186,0.7387170096243346,0.769737201953233,0.012785871422769515,0.014422572534457055,0.013418647385648902,0.015914584846691025,0.01478504982574973,0.8034059038258838,0.9062487443683341,0.9075821552037592,False,1e-24,False
UniGCN,random,2,173,base,0.003389888528911717,5.098549169687836e-07,1.67664347195443e-33,0.004104393188544743,0.005113125473442997,0.825917102282698,0.000124221753021074,3.2790970623794178e-31,4.586639372111652e-09,7.576109557642505e-12,2.390832567028332e-38,4.9714064783729945e-08,6.183742825123903e-08,0.09226039737576908,0.00015239368558175027,3.866319532750664e-31,False,1e-24,True
UniGCN,random,2,173,restart,9449.768196672201,970.6062809788693,941.0231336095065,1313.9081249425142,1222.5252088912212,7.19210728458327,0.7387170096245009,0.7697372019534672,0.012785871422769138,0.014422572534457053,0.013418647385648902,0.015914584846687434,0.01478504982574523,0.8034059038260413,0.9062487443685382,0.9075821552040352,False,1e-24,False
UniGCN,random,2,174,base,0.0032040637281912105,4.81906007282213e-07,1.5732570978753523e-33,0.0038794011158452962,0.0048328373418251355,0.8259171022826977,0.00012422175302107395,3.255348745673297e-31,4.33521182809943e-09,7.160807096579688e-12,2.2434073604952451e-38,4.698887010471533e-08,5.844766257491925e-08,0.09226039737576903,0.00015239368558175021,3.838318354681175e-31,False,1e-24,True
UniGCN,random,2,174,restart,9449.768196671957,970.6062809788693,941.0231336095065,1313.9081249422552,1222.5252088908953,7.192107284584503,0.7387170096246466,0.7697372019536722,0.012785871422768809,0.014422572534457053,0.013418647385648902,0.015914584846684298,0.014785049825741291,0.8034059038261789,0.9062487443687168,0.907582155204277,False,1e-24,False
UniGCN,random,2,175,base,0.0030284253558055334,4.5548918354140997e-07,1.5171208741975116e-33,0.0036667425186322797,0.004567913870654953,0.8259171022826978,0.000124221753021074,3.3212554289689022e-31,4.0975668827960575e-09,6.768270427491315e-12,2.1633591486935317e-38,4.4413063452425886e-08,5.524371496486302e-08,0.09226039737576905,0.00015239368558175027,3.9160276423653e-31,False,1e-24,True
UniGCN,random,2,175,restart,9449.768196671745,970.6062809788694,941.0231336095069,1313.9081249420287,1222.5252088906104,7.19210728458558,0.738717009624774,0.769737201953852,0.01278587142276852,0.014422572534457055,0.013418647385648907,0.015914584846681554,0.014785049825737846,0.8034059038262993,0.9062487443688733,0.9075821552044889,False,1e-24,False
UniGCN,random,2,176,base,0.0028624150184626248,4.305204608120223e-07,1.4023206976167696e-33,0.0034657413081184358,0.004317512809533513,0.8259171022826977,0.000124221753021074,3.247982714771109e-31,3.872949010278883e-09,6.397251589354227e-12,1.999658275215702e-38,4.1978455766938435e-08,5.221539936190077e-08,0.09226039737576903,0.00015239368558175027,3.8296332109924705e-31,False,1e-24,True
UniGCN,random,2,176,restart,9449.768196671559,970.6062809788693,941.0231336095068,1313.9081249418305,1222.525208890361,7.192107284586524,0.7387170096248854,0.7697372019540089,0.012785871422768269,0.014422572534457053,0.013418647385648906,0.015914584846679153,0.01478504982573483,0.8034059038264048,0.9062487443690098,0.9075821552046739,False,1e-24,False
UniGCN,random,2,177,base,0.0027055049325265656,4.069204579935879e-07,1.3300755161215783e-33,0.003275758456931088,0.004080838078020331,0.8259171022826978,0.00012422175302107395,3.2593195091112647e-31,3.6606441005753185e-09,6.046571031096361e-12,1.896639275876366e-38,3.967730689112269e-08,4.935308807991834e-08,0.09226039737576905,0.00015239368558175021,3.8430002045770753e-31,False,1e-24,True
UniGCN,random,2,177,restart,9449.768196671395,970.6062809788692,941.0231336095065,1313.9081249416565,1222.525208890143,7.192107284587351,0.7387170096249831,0.7697372019541461,0.012785871422768049,0.014422572534457051,0.013418647385648902,0.015914584846677047,0.014785049825732192,0.8034059038264971,0.9062487443691297,0.9075821552048356,False,1e-24,False
UniGCN,random,2,178,base,0.002557196246076484,3.8461414544943166e-07,1.254661627132676e-33,0.0030961899675025725,0.0038571372347173125,0.8259171022826975,0.000124221753021074,3.252831182255379e-31,3.4599771893490407e-09,5.7151138615425955e-12,1.7891018149809062e-38,3.750230096296722e-08,4.664768119731012e-08,0.09226039737576902,0.00015239368558175027,3.8353499446486366e-31,False,1e-24,True
UniGCN,random,2,178,restart,9449.768196671252,970.6062809788692,941.0231336095068,1313.9081249415046,1222.525208889952,7.192107284588073,0.7387170096250685,0.7697372019542664,0.012785871422767854,0.014422572534457051,0.013418647385648906,0.015914584846675208,0.014785049825729882,0.8034059038265778,0.9062487443692344,0.9075821552049775,False,1e-24,False
UniGCN,random,2,179,base,0.002417017452945802,3.63530606470829e-07,1.1887344830105042e-33,0.0029264649518281768,0.003645699085090873,0.8259171022826975,0.000124221753021074,3.260648932523935e-31,3.270310312038862e-09,5.401826304928721e-12,1.695092106980956e-38,3.5446523156833547e-08,4.4090577626312554e-08,0.09226039737576902,0.00015239368558175027,3.844567701851454e-31,False,1e-24,True
UniGCN,random,2,179,restart,9449.76819667113,970.6062809788693,941.0231336095067,1313.9081249413719,1222.5252088897848,7.192107284588707,0.7387170096251433,0.7697372019543716,0.01278587142276769,0.014422572534457053,0.013418647385648904,0.0159145848466736,0.01478504982572786,0.8034059038266487,0.9062487443693262,0.9075821552051015,False,1e-24,False
UniGCN,random,2,180,base,0.0022845228936996817,3.4360281181708177e-07,1.1162245357930764e-33,0.0027660438164867148,0.003445851420426975,0.8259171022826978,0.00012422175302107406,3.239328687174693e-31,3.091040475628067e-09,5.105712350714889e-12,1.59169556135826e-38,3.3503437699693746e-08,4.167364776824084e-08,0.09226039737576905,0.00015239368558175032,3.8194294154669098e-31,False,1e-24,True
UniGCN,random,2,180,restart,9449.768196671017,970.6062809788691,941.0231336095065,1313.908124941256,1222.5252088896389,7.192107284589257,0.7387170096252084,0.7697372019544635,0.012785871422767537,0.01442257253445705,0.013418647385648902,0.015914584846672193,0.014785049825726095,0.8034059038267101,0.9062487443694061,0.9075821552052099,False,1e-24,False
UniGCN,random,2,181,base,0.0021592913387849643,3.2476740661471264e-07,1.0627299528619355e-33,0.002614416547153512,0.003256958880730727,0.8259171022826978,0.000124221753021074,3.2629517036564576e-31,2.9215977415960402e-09,4.825830587047452e-12,1.5154142331148243e-38,3.166686709246018e-08,3.9389207667693936e-08,0.09226039737576905,0.00015239368558175027,3.847282854480289e-31,False,1e-24,True
UniGCN,random,2,181,restart,9449.768196670924,970.6062809788692,941.0231336095067,1313.908124941154,1222.5252088895108,7.192107284589743,0.7387170096252655,0.7697372019545441,0.01278587142276741,0.014422572534457051,0.013418647385648904,0.01591458484667096,0.014785049825724548,0.8034059038267644,0.9062487443694762,0.9075821552053049,False,1e-24,False
UniGCN,random,2,182,base,0.002040924649348115,3.0696450893828993e-07,1.0056508337447979e-33,0.0024711010871518928,0.003078420934776212,0.8259171022826975,0.000124221753021074,3.266774931212922e-31,2.7614434139574682e-09,4.561291207802168e-12,1.434021486734781e-38,2.993097247034755e-08,3.722999458355819e-08,0.09226039737576902,0.00015239368558175027,3.8517907476894594e-31,False,1e-24,True
UniGCN,random,2,182,restart,9449.768196670839,970.6062809788691,941.0231336095068,1313.9081249410651,1222.5252088893992,7.192107284590165,0.7387170096253156,0.7697372019546145,0.012785871422767296,0.01442257253445705,0.013418647385648906,0.015914584846669882,0.014785049825723198,0.8034059038268115,0.9062487443695376,0.907582155205388,False,1e-24,False
UniGCN,random,2,183,base,0.001929046511463612,2.9013751943252046e-07,9.516273170034934e-34,0.0023356418048882245,0.002909669970884703,0.8259171022826975,0.00012422175302107398,3.270567887512497e-31,2.6100683266284644e-09,4.3112531836934086e-12,1.3569859181293992e-38,2.829023503982831e-08,3.518914389914462e-08,0.09226039737576902,0.00015239368558175024,3.8562629486487304e-31,False,1e-24,True
UniGCN,random,2,183,restart,9449.768196670764,970.606280978869,941.0231336095068,1313.9081249409871,1222.5252088893012,7.192107284590536,0.7387170096253594,0.7697372019546762,0.012785871422767194,0.014422572534457048,0.013418647385648906,0.01591458484666894,0.014785049825722011,0.803405903826853,0.9062487443695912,0.9075821552054607,False,1e-24,False
UniGCN,random,2,184,base,0.0018233012397486175,2.7423294137036263e-07,8.963649717889503e-34,0.002207608045298149,0.002750169492361396,0.8259171022826975,0.000124221753021074,3.2593081054771596e-31,2.4669912246748063e-09,4.0749215884557715e-12,1.278183825210218e-38,2.6739438533165576e-08,3.3260167298051775e-08,0.09226039737576902,0.00015239368558175027,3.842986758774024e-31,False,1e-24,True
UniGCN,random,2,184,restart,9449.768196670702,970.606280978869,941.0231336095067,1313.9081249409192,1222.5252088892155,7.19210728459086,0.7387170096253975,0.76973720195473,0.01278587142276711,0.014422572534457048,0.013418647385648904,0.015914584846668117,0.014785049825720976,0.8034059038268891,0.9062487443696381,0.9075821552055242,False,1e-24,False
UniGCN,random,2,185,base,0.0017233526465603598,2.5920021057508017e-07,8.55283483891685e-34,0.002086592760698743,0.002599412411853578,0.8259171022826975,0.00012422175302107398,3.2902954528935374e-31,2.331757234295894e-09,3.85154507159739e-12,1.2196031186916935e-38,2.5273652624742537e-08,3.14369321363707e-08,0.09226039737576902,0.00015239368558175024,3.8795233370774236e-31,False,1e-24,True
UniGCN,random,2,185,restart,9449.768196670646,970.606280978869,941.0231336095068,1313.9081249408594,1222.5252088891405,7.1921072845911445,0.7387170096254312,0.7697372019547774,0.012785871422767034,0.014422572534457048,0.013418647385648906,0.01591458484666739,0.014785049825720068,0.8034059038269209,0.9062487443696794,0.90758215520558,False,1e-24,False
UniGCN,random,2,186,base,0.0016288829731811458,2.4499153466552446e-07,8.042417208914281e-34,0.001972211216693762,0.002456919439207609,0.8259171022826977,0.00012422175302107403,3.2733744055963327e-31,2.2039364166801784e-09,3.640413469690292e-12,1.1468194223956019e-38,2.388821725646515e-08,2.9713641945651486e-08,0.09226039737576903,0.0001523936855817503,3.8595720595045947e-31,False,1e-24,True
UniGCN,random,2,186,restart,9449.768196670597,970.6062809788688,941.0231336095065,1313.9081249408073,1222.525208889075,7.192107284591392,0.7387170096254604,0.7697372019548184,0.012785871422766968,0.014422572534457044,0.013418647385648902,0.01591458484666676,0.014785049825719276,0.8034059038269487,0.9062487443697153,0.9075821552056285,False,1e-24,False
UniGCN,random,2,187,base,0.001539591879593008,2.315617411135674e-07,7.563056066078335e-34,0.001864099769017777,0.0023222375576993515,0.8259171022826974,0.000124221753021074,3.256796894444804e-31,2.0831224011344402e-09,3.440855548603543e-12,1.0784642681346816e-38,2.257872782240525e-08,2.808481800464604e-08,0.09226039737576901,0.00015239368558175027,3.8400258387156803e-31,False,1e-24,True
UniGCN,random,2,187,restart,9449.768196670551,970.6062809788691,941.0231336095065,1313.9081249407616,1222.5252088890177,7.192107284591608,0.7387170096254863,0.7697372019548546,0.012785871422766906,0.01442257253445705,0.013418647385648902,0.01591458484666621,0.014785049825718584,0.8034059038269727,0.906248744369747,0.9075821552056711,False,1e-24,False
UniGCN,random,2,188,base,0.0014551954896302598,2.1886813363062853e-07,7.203206170595726e-34,0.0017619147074304934,0.002194938583793654,0.8259171022826975,0.00012422175302107398,3.2817347254181293e-31,1.968931093141342e-09,3.252236869501261e-12,1.0271509827670607e-38,2.1341021165582533e-08,2.654528192123964e-08,0.09226039737576902,0.00015239368558175024,3.8694295499088582e-31,False,1e-24,True
UniGCN,random,2,188,restart,9449.768196670517,970.6062809788692,941.0231336095067,1313.9081249407218,1222.5252088889674,7.192107284591799,0.7387170096255087,0.7697372019548863,0.01278587142276686,0.014422572534457051,0.013418647385648904,0.015914584846665726,0.014785049825717975,0.8034059038269941,0.9062487443697744,0.9075821552057084,False,1e-24,False
UniGCN,random,2,189,base,0.0013754254884742825,2.068703564267164e-07,6.719399484157424e-34,0.0016653311629857706,0.002074617805854048,0.8259171022826975,0.00012422175302107403,3.2388613773568192e-31,1.8609994532378735e-09,3.0739577718210293e-12,9.58161910168674e-39,2.0171162342366414e-08,2.5090139169195344e-08,0.09226039737576902,0.0001523936855817503,3.818878419554828e-31,False,1e-24,True
UniGCN,random,2,189,restart,9449.768196670484,970.6062809788688,941.0231336095065,1313.9081249406868,1222.5252088889235,7.192107284591966,0.738717009625528,0.7697372019549139,0.012785871422766815,0.014422572534457044,0.013418647385648902,0.0159145848466653,0.014785049825717444,0.8034059038270127,0.9062487443697982,0.907582155205741,False,1e-24,False
UniGCN,random,2,190,base,0.0013000282696212805,1.955302659104317e-07,6.4027500394594615e-34,0.0015740420752012746,0.0019608926974748037,0.8259171022826974,0.00012422175302107411,3.265222032651143e-31,1.7589843428324823e-09,2.905451466820119e-12,9.130088518483596e-39,1.9065432112418545e-08,2.3714763527370834e-08,0.09226039737576901,0.0001523936855817504,3.8499597552157474e-31,False,1e-24,True
UniGCN,random,2,190,restart,9449.768196670457,970.606280978869,941.0231336095064,1313.9081249406563,1222.5252088888851,7.192107284592112,0.7387170096255454,0.769737201954938,0.012785871422766779,0.014422572534457048,0.0134186473856489,0.01591458484666493,0.014785049825716979,0.8034059038270289,0.9062487443698195,0.9075821552057695,False,1e-24,False
UniGCN,random,2,191,base,0.001228764128611029,1.848118094220413e-07,6.030431904317814e-34,0.001487757215845185,0.0018534017013447537,0.8259171022826975,0.00012422175302107403,3.25371013738812e-31,1.66256143329148e-09,2.7461822356285297e-12,8.599176408854066e-39,1.8020315114403893e-08,2.2414782371936693e-08,0.09226039737576902,0.0001523936855817503,3.836386303540576e-31,False,1e-24,True
UniGCN,random,2,191,restart,9449.76819667043,970.606280978869,941.0231336095065,1313.9081249406292,1222.5252088888512,7.192107284592239,0.7387170096255604,0.7697372019549592,0.01278587142276674,0.014422572534457048,0.013418647385648902,0.015914584846664605,0.01478504982571657,0.8034059038270431,0.9062487443698379,0.9075821552057944,False,1e-24,False
UniGCN,random,2,192,base,0.0011614065009532975,1.7468091061408787e-07,5.747354078085394e-34,0.0014062022662363607,0.0017518030797765089,0.8259171022826977,0.0001242217530210741,3.2808219967387137e-31,1.5714241748264735e-09,2.595643726080049e-12,8.195517731692883e-39,1.7032488689878405e-08,2.1186062774836595e-08,0.09226039737576903,0.00015239368558175038,3.868353369285292e-31,False,1e-24,True
UniGCN,random,2,192,restart,9449.768196670408,970.606280978869,941.0231336095067,1313.9081249406063,1222.525208888822,7.192107284592349,0.7387170096255734,0.7697372019549779,0.012785871422766711,0.014422572534457048,0.013418647385648904,0.015914584846664324,0.014785049825716216,0.8034059038270555,0.9062487443698539,0.9075821552058164,False,1e-24,False
UniGCN,random,2,193,base,0.0010977412418291485,1.6510536111513124e-07,5.45346598822341e-34,0.001329117945124485,0.0016557738282466526,0.8259171022826978,0.00012422175302107406,3.293605621244929e-31,1.485282821904683e-09,2.4533573429065276e-12,7.776444012051861e-39,1.609881231982177e-08,2.0024698364293566e-08,0.09226039737576905,0.00015239368558175032,3.88342629216238e-31,False,1e-24,True
UniGCN,random,2,193,restart,9449.76819667039,970.606280978869,941.0231336095068,1313.9081249405856,1222.5252088887962,7.192107284592447,0.7387170096255851,0.7697372019549942,0.012785871422766687,0.014422572534457048,0.013418647385648906,0.015914584846664075,0.014785049825715905,0.8034059038270664,0.9062487443698681,0.9075821552058356,False,1e-24,False
UniGCN,random,2,194,base,0.0010375659452771197,1.5605471813220216e-07,5.065601989753679e-34,0.001256259184377536,0.0015650086484928097,0.8259171022826974,0.000124221753021074,3.236788496109677e-31,1.4038635120837088e-09,2.3188707261775233e-12,7.223364067131727e-39,1.521631764023179e-08,1.8926996905588762e-08,0.09226039737576901,0.00015239368558175027,3.8164343256160275e-31,False,1e-24,True
UniGCN,random,2,194,restart,9449.768196670371,970.6062809788691,941.0231336095067,1313.9081249405676,1222.5252088887737,7.192107284592533,0.7387170096255952,0.7697372019550083,0.012785871422766663,0.01442257253445705,0.013418647385648904,0.015914584846663856,0.014785049825715633,0.803405903827076,0.9062487443698806,0.9075821552058523,False,1e-24,False
UniGCN,random,2,195,base,0.0009806893006998418,1.4750020766641977e-07,4.7998365718305975e-34,0.001187394349855911,0.0014792189779028423,0.8259171022826978,0.00012422175302107406,3.2448451808234296e-31,1.3269073953421672e-09,2.1917563131478753e-12,6.84439225410834e-39,1.4382199005037687e-08,1.7889468562629412e-08,0.09226039737576905,0.00015239368558175032,3.8259338057733463e-31,False,1e-24,True
UniGCN,random,2,195,restart,9449.768196670357,970.606280978869,941.0231336095067,1313.908124940552,1222.525208888754,7.1921072845926055,0.7387170096256039,0.7697372019550208,0.012785871422766644,0.014422572534457048,0.013418647385648904,0.01591458484666367,0.014785049825715393,0.8034059038270841,0.9062487443698913,0.907582155205867,False,1e-24,False
UniGCN,random,2,196,base,0.0009269304846452664,1.3941463303407479e-07,4.50681561517396e-34,0.0011223045049961848,0.001398132072110388,0.8259171022826978,0.000124221753021074,3.223454854569797e-31,1.2541698111381275e-09,2.0716099789410187e-12,6.426555034857515e-39,1.3593804566329763e-08,1.6908814802986883e-08,0.09226039737576905,0.00015239368558175027,3.8007128883582584e-31,False,1e-24,True
UniGCN,random,2,196,restart,9449.768196670344,970.606280978869,941.0231336095065,1313.908124940538,1222.5252088887366,7.192107284592672,0.7387170096256118,0.7697372019550316,0.012785871422766626,0.014422572534457048,0.013418647385648902,0.0159145848466635,0.014785049825715183,0.8034059038270915,0.906248744369901,0.9075821552058798,False,1e-24,False
UniGCN,random,2,197,base,0.0008761185859288602,1.3177228840234844e-07,4.287056881541609e-34,0.0010607827147632782,0.0013214901378800997,0.8259171022826977,0.00012422175302107411,3.2441081160233213e-31,1.1854195105790594e-09,1.9580497517464953e-12,6.11318707914975e-39,1.2848627843547463e-08,1.5981917911131355e-08,0.09226039737576903,0.0001523936855817504,3.8250647470113304e-31,False,1e-24,True
UniGCN,random,2,197,restart,9449.768196670333,970.6062809788689,941.0231336095067,1313.908124940526,1222.5252088887216,7.192107284592731,0.7387170096256185,0.7697372019550411,0.01278587142276661,0.014422572534457046,0.013418647385648904,0.015914584846663353,0.014785049825715003,0.8034059038270981,0.9062487443699092,0.907582155205891,False,1e-24,False
UniGCN,random,2,198,base,0.0008280920622690905,1.2454887706477485e-07,4.049629442216868e-34,0.0010026333877581437,0.0012490495135258474,0.8259171022826978,0.000124221753021074,3.242168863895135e-31,1.1204379212303767e-09,1.850714598446944e-12,5.774624192203943e-39,1.2144299754822481e-08,1.5105831076523586e-08,0.09226039737576905,0.00015239368558175027,3.8227782125661764e-31,False,1e-24,True
UniGCN,random,2,198,restart,9449.768196670322,970.6062809788689,941.0231336095067,1313.9081249405158,1222.5252088887082,7.192107284592779,0.7387170096256243,0.7697372019550495,0.012785871422766597,0.014422572534457046,0.013418647385648904,0.015914584846663228,0.01478504982571484,0.8034059038271035,0.9062487443699162,0.9075821552059009,False,1e-24,False
UniGCN,random,2,199,base,0.0007826982267087251,1.1772143419662988e-07,3.8515501238319877e-34,0.0009476716543893778,0.0011805798942562426,0.8259171022826977,0.000124221753021074,3.2624222575452535e-31,1.0590184522252482e-09,1.7492632768138563e-12,5.492170293583917e-39,1.1478581085142662e-08,1.4277769025051411e-08,0.09226039737576903,0.00015239368558175027,3.8466585948739567e-31,False,1e-24,True
UniGCN,random,2,199,restart,9449.768196670315,970.6062809788691,941.0231336095068,1313.9081249405065,1222.5252088886966,7.192107284592824,0.7387170096256297,0.7697372019550568,0.012785871422766586,0.01442257253445705,0.013418647385648906,0.015914584846663117,0.0147850498257147,0.8034059038271085,0.906248744369923,0.9075821552059095,False,1e-24,False
UniGCN,random,2,200,base,0.000739792762189178,1.11268253844666e-07,3.643487566151839e-34,0.0008957227791318446,0.0011158635999846927,0.8259171022826978,0.00012422175302107398,3.2651728815258606e-31,1.0009658374664754e-09,1.6533732506229394e-12,5.195480659083953e-39,1.0849355367391532e-08,1.3495099164026408e-08,0.09226039737576905,0.00015239368558175024,3.849901802080442e-31,False,1e-24,True
UniGCN,random,2,200,restart,9449.768196670308,970.606280978869,941.0231336095067,1313.9081249404985,1222.5252088886868,7.192107284592862,0.738717009625634,0.769737201955063,0.012785871422766576,0.014422572534457048,0.013418647385648904,0.01591458484666302,0.014785049825714582,0.8034059038271129,0.9062487443699282,0.9075821552059168,False,1e-24,False
UniGCN,random,2,201,base,0.0006992392627346071,1.0516881991907862e-07,3.457113612912272e-34,0.0008466216050037298,0.0010546948832761845,0.8259171022826975,0.000124221753021074,3.2778329237489863e-31,9.460955148323099e-10,1.56273966424001e-12,4.929718185126649e-39,1.0254622153630452e-08,1.2755333212588542e-08,0.09226039737576902,0.00015239368558175027,3.864829011492536e-31,False,1e-24,True
UniGCN,random,2,201,restart,9449.7681966703,970.6062809788691,941.0231336095065,1313.9081249404912,1222.5252088886778,7.192107284592896,0.7387170096256381,0.7697372019550686,0.012785871422766567,0.01442257253445705,0.013418647385648902,0.015914584846662933,0.014785049825714472,0.8034059038271166,0.9062487443699333,0.9075821552059233,False,1e-24,False
UniGCN,random,2,202,base,0.0006609087997871053,9.940374096831225e-08,3.25248777498765e-34,0.000800212028495915,0.0009968792752306146,0.8259171022826974,0.00012422175302107411,3.2626696690381396e-31,8.942330394125888e-10,1.4770743734174076e-12,4.637929187913445e-39,9.692490655231532e-09,1.2056119290910164e-08,0.09226039737576901,0.0001523936855817504,3.8469503129504197e-31,False,1e-24,True
UniGCN,random,2,202,restart,9449.768196670295,970.606280978869,941.0231336095065,1313.908124940485,1222.52520888867,7.192107284592925,0.7387170096256415,0.7697372019550734,0.012785871422766559,0.014422572534457048,0.013418647385648902,0.015914584846662857,0.014785049825714379,0.8034059038271198,0.9062487443699374,0.9075821552059291,False,1e-24,False
UniGCN,random,2,203,base,0.0006246795123142529,9.395468852934021e-08,3.07805210974975e-34,0.00075634650328434,0.000942232967223076,0.8259171022826977,0.000124221753021074,3.2667633343601887e-31,8.452135289097218e-10,1.3961050292195975e-12,4.3891902781344454e-39,9.161173731641717e-09,1.139523444304903e-08,0.09226039737576903,0.00015239368558175027,3.8517770740660842e-31,False,1e-24,True
UniGCN,random,2,203,restart,9449.76819667029,970.6062809788691,941.0231336095067,1313.9081249404799,1222.5252088886632,7.19210728459295,0.7387170096256446,0.7697372019550779,0.012785871422766552,0.01442257253445705,0.013418647385648904,0.015914584846662794,0.014785049825714295,0.8034059038271226,0.9062487443699412,0.9075821552059343,False,1e-24,False
UniGCN,random,2,204,base,0.0005904362193859026,8.880433885742145e-08,2.883137910118668e-34,0.0007148855711475582,0.0008905822265355263,0.8259171022826977,0.00012422175302107406,3.237362956741711e-31,7.98881139441344e-10,1.319574212165589e-12,4.111249723658044e-39,8.658982208667133e-09,1.077057756967897e-08,0.09226039737576903,0.00015239368558175032,3.817111660967857e-31,False,1e-24,True
UniGCN,random,2,204,restart,9449.768196670286,970.606280978869,941.0231336095068,1313.908124940475,1222.5252088886573,7.192107284592973,0.7387170096256472,0.7697372019550817,0.012785871422766546,0.014422572534457048,0.013418647385648906,0.015914584846662735,0.014785049825714224,0.8034059038271252,0.9062487443699444,0.9075821552059388,False,1e-24,False
UniGCN,random,2,205,base,0.0005580700539884883,8.393631785007746e-08,2.7612580371870085e-34,0.0006756974185981563,0.0008417628440219904,0.8259171022826977,0.00012422175302107406,3.2803277749746728e-31,7.55088570078092e-10,1.2472386138353658e-12,3.937453460860078e-39,8.184319508214105e-09,1.0180162748229698e-08,0.09226039737576903,0.00015239368558175032,3.8677706420212092e-31,False,1e-24,True
UniGCN,random,2,205,restart,9449.768196670282,970.6062809788689,941.0231336095068,1313.908124940471,1222.5252088886523,7.192107284592993,0.7387170096256493,0.7697372019550849,0.012785871422766541,0.014422572534457046,0.013418647385648906,0.015914584846662687,0.014785049825714163,0.8034059038271274,0.9062487443699471,0.9075821552059427,False,1e-24,False
UniGCN,random,2,206,base,0.0005274781169126737,7.933514899019431e-08,2.607633091031379e-34,0.0006386574578184807,0.0007956196120513127,0.8259171022826977,0.00012422175302107403,3.2774871955559615e-31,7.136965945413214e-10,1.1788682633385358e-12,3.718389879054753e-39,7.73567657241377e-09,9.622112919199062e-09,0.09226039737576903,0.0001523936855817503,3.8644213701082507e-31,False,1e-24,True
UniGCN,random,2,206,restart,9449.768196670277,970.6062809788689,941.0231336095065,1313.9081249404674,1222.5252088886477,7.192107284593009,0.7387170096256515,0.7697372019550875,0.012785871422766534,0.014422572534457046,0.013418647385648902,0.015914584846662642,0.01478504982571411,0.8034059038271292,0.9062487443699496,0.9075821552059458,False,1e-24,False
UniGCN,random,2,207,base,0.0004985631496139723,7.498620414274613e-08,2.4445718071114323e-34,0.0006036479305683666,0.0007520058310677165,0.8259171022826975,0.00012422175302107411,3.250735175338426e-31,6.745736185719252e-10,1.1142457961859251e-12,3.485870423047318e-39,7.311627065992816e-09,9.094653918565081e-09,0.09226039737576902,0.0001523936855817504,3.8328785836826043e-31,False,1e-24,True
UniGCN,random,2,207,restart,9449.768196670275,970.6062809788689,941.0231336095065,1313.9081249404642,1222.5252088886439,7.192107284593025,0.7387170096256532,0.7697372019550899,0.012785871422766533,0.014422572534457046,0.013418647385648902,0.015914584846662604,0.014785049825714063,0.803405903827131,0.9062487443699518,0.9075821552059485,False,1e-24,False
UniGCN,random,2,208,base,0.0004712332250062901,7.08756570487134e-08,2.305120758234726e-34,0.0005705575338056082,0.0007107828432004195,0.8259171022826975,0.00012422175302107411,3.243073155586496e-31,6.375952615630352e-10,1.0531657632397142e-12,3.287018302881278e-39,6.910822841637698e-09,8.596108837325527e-09,0.09226039737576902,0.0001523936855817504,3.823844445301317e-31,False,1e-24,True
UniGCN,random,2,208,restart,9449.768196670273,970.6062809788689,941.0231336095067,1313.9081249404617,1222.5252088886402,7.192107284593038,0.7387170096256547,0.7697372019550923,0.012785871422766529,0.014422572534457046,0.013418647385648904,0.015914584846662576,0.014785049825714018,0.8034059038271324,0.9062487443699536,0.9075821552059514,False,1e-24,False
UniGCN,random,2,209,base,0.0004454014552053558,6.699043936834313e-08,2.2075547855579634e-34,0.0005392810658289316,0.0006718195914395495,0.8259171022826974,0.00012422175302107406,3.285933922867148e-31,6.0264396112652e-10,9.954339775451239e-13,3.147892776905568e-39,6.531989653935704e-09,8.124892690232746e-09,0.09226039737576901,0.00015239368558175032,3.8743807419017043e-31,False,1e-24,True
UniGCN,random,2,209,restart,9449.76819667027,970.606280978869,941.0231336095067,1313.9081249404592,1222.5252088886373,7.192107284593048,0.7387170096256561,0.7697372019550942,0.012785871422766526,0.014422572534457048,0.013418647385648904,0.015914584846662545,0.014785049825713983,0.8034059038271335,0.9062487443699554,0.9075821552059536,False,1e-24,False
UniGCN,random,2,210,base,0.0004209857152928904,6.331819913400185e-08,2.074088628427031e-34,0.000509719091818484,0.000634992202976878,0.8259171022826974,0.00012422175302107398,3.26632141104031e-31,5.696085993361123e-10,9.408668969670706e-13,2.957574894539801e-39,6.173923108266523e-09,7.67950737677446e-09,0.09226039737576901,0.00015239368558175024,3.8512560108797493e-31,False,1e-24,True
UniGCN,random,2,210,restart,9449.768196670268,970.606280978869,941.0231336095067,1313.9081249404571,1222.5252088886343,7.1921072845930585,0.7387170096256572,0.769737201955096,0.012785871422766522,0.014422572534457048,0.013418647385648904,0.01591458484666252,0.014785049825713947,0.8034059038271347,0.9062487443699567,0.9075821552059558,False,1e-24,False
UniGCN,random,2,211,base,0.0003979083822232996,5.984726148053435e-08,1.9711240744295964e-34,0.0004817776277105136,0.0006001835953867238,0.8259171022826975,0.000124221753021074,3.284201850201383e-31,5.383841494589064e-10,8.892910406690595e-13,2.8107511880903574e-39,5.835484831764944e-09,7.2585369183803894e-09,0.09226039737576902,0.00015239368558175027,3.872338488728835e-31,False,1e-24,True
UniGCN,random,2,211,restart,9449.768196670268,970.606280978869,941.0231336095067,1313.908124940455,1222.5252088886323,7.192107284593069,0.7387170096256584,0.7697372019550973,0.012785871422766522,0.014422572534457048,0.013418647385648904,0.015914584846662496,0.014785049825713922,0.803405903827136,0.9062487443699582,0.9075821552059573,False,1e-24,False
UniGCN,random,2,212,base,0.0003760960880428177,5.656659152828121e-08,1.8447514804897372e-34,0.000455367841401214,0.0005672831043949862,0.8259171022826977,0.00012422175302107403,3.2519062637290875e-31,5.088713420521098e-10,8.405424375791783e-13,2.6305484686540846e-39,5.515598854181373e-09,6.860642956712721e-09,0.09226039737576903,0.0001523936855817503,3.8342593912138416e-31,False,1e-24,True
UniGCN,random,2,212,restart,9449.768196670264,970.6062809788689,941.0231336095065,1313.9081249404535,1222.5252088886302,7.1921072845930745,0.7387170096256593,0.7697372019550985,0.012785871422766517,0.014422572534457046,0.013418647385648902,0.015914584846662475,0.014785049825713898,0.8034059038271365,0.9062487443699593,0.9075821552059588,False,1e-24,False
UniGCN,random,2,213,base,0.0003554794866365305,5.346575930075196e-08,1.7395317485805854e-34,0.0004304057703297876,0.0005361861320529043,0.8259171022826978,0.00012422175302107398,3.2442684444679924e-31,4.809763493634957e-10,7.944661050897367e-13,2.4805089605831476e-39,5.213248187134057e-09,6.484560498728486e-09,0.09226039737576905,0.00015239368558175024,3.8252537871603394e-31,False,1e-24,True
UniGCN,random,2,213,restart,9449.768196670262,970.606280978869,941.0231336095067,1313.9081249404521,1222.5252088886284,7.192107284593082,0.7387170096256602,0.7697372019550998,0.012785871422766515,0.014422572534457048,0.013418647385648904,0.015914584846662458,0.014785049825713876,0.8034059038271373,0.9062487443699604,0.9075821552059602,False,1e-24,False
UniGCN,random,2,214,base,0.0003359930332617147,5.053490656541959e-08,1.6488332622011849e-34,0.0004068120545428661,0.0005067938141970081,0.8259171022826977,0.000124221753021074,3.253459722695485e-31,4.546104870321931e-10,7.509155563332289e-13,2.3511762201149106e-39,4.92747159087774e-09,6.129093894986464e-09,0.09226039737576903,0.00015239368558175027,3.836091044449733e-31,False,1e-24,True
UniGCN,random,2,214,restart,9449.768196670262,970.6062809788691,941.0231336095064,1313.9081249404508,1222.5252088886266,7.192107284593088,0.738717009625661,0.7697372019551006,0.012785871422766515,0.01442257253445705,0.0134186473856489,0.01591458484666244,0.014785049825713853,0.8034059038271381,0.9062487443699614,0.9075821552059612,False,1e-24,False
UniGCN,random,2,215,base,0.0003175747761665821,4.7764715492215435e-08,1.5609812948592962e-34,0.0003845116843916396,0.0004790127061380425,0.8259171022826975,0.00012422175302107406,3.2587471581796633e-31,4.296899321414603e-10,7.097523344681294e-13,2.2259025121907936e-39,4.65736051830959e-09,5.79311303841276e-09,0.09226039737576902,0.00015239368558175032,3.8423253567319694e-31,False,1e-24,True
UniGCN,random,2,215,restart,9449.76819667026,970.6062809788688,941.0231336095065,1313.9081249404499,1222.5252088886252,7.192107284593093,0.7387170096256613,0.7697372019551015,0.012785871422766512,0.014422572534457044,0.013418647385648902,0.01591458484666243,0.014785049825713837,0.8034059038271386,0.9062487443699617,0.9075821552059623,False,1e-24,False
UniGCN,random,2,216,base,0.00030016615963193765,4.5146379030083425e-08,1.467878612213901e-34,0.0003634337620595678,0.00045275448557960185,0.8259171022826975,0.00012422175302107406,3.242107276606591e-31,4.0613545672706427e-10,6.708455724939251e-13,2.0931414753516125e-39,4.402056226496705e-09,5.4755497714400815e-09,0.09226039737576902,0.00015239368558175032,3.822705596192785e-31,False,1e-24,True
UniGCN,random,2,216,restart,9449.76819667026,970.6062809788691,941.0231336095067,1313.908124940449,1222.5252088886243,7.1921072845930984,0.738717009625662,0.7697372019551023,0.012785871422766512,0.01442257253445705,0.013418647385648904,0.01591458484666242,0.014785049825713825,0.8034059038271392,0.9062487443699626,0.9075821552059632,False,1e-24,False
UniGCN,random,2,217,base,0.00028371183780957635,4.267157290741396e-08,1.3988377700176324e-34,0.0003435112761625155,0.00042793567182198406,0.8259171022826977,0.00012422175302107403,3.268803846292888e-31,3.838721758940314e-10,6.340715771959326e-13,1.9946917472257578e-39,4.1607470465420984e-09,5.175394490098214e-09,0.09226039737576903,0.0001523936855817503,3.8541830019761534e-31,False,1e-24,True
UniGCN,random,2,217,restart,9449.76819667026,970.6062809788689,941.0231336095065,1313.9081249404478,1222.5252088886232,7.192107284593103,0.7387170096256624,0.769737201955103,0.012785871422766512,0.014422572534457046,0.013418647385648902,0.015914584846662406,0.014785049825713811,0.8034059038271397,0.906248744369963,0.907582155205964,False,1e-24,False
UniGCN,random,2,218,base,0.00026815949876557286,4.033242916734047e-08,1.320348922515526e-34,0.0003246808887047194,0.0004044773603585551,0.8259171022826975,0.000124221753021074,3.264333314836417e-31,3.6282930974097936e-10,5.99313435897169e-13,1.8827695074082417e-39,3.93266580310949e-09,4.89169293425937e-09,0.09226039737576902,0.00015239368558175027,3.8489118853354687e-31,False,1e-24,True
UniGCN,random,2,218,restart,9449.76819667026,970.606280978869,941.0231336095064,1313.9081249404471,1222.5252088886225,7.192107284593106,0.7387170096256629,0.7697372019551034,0.012785871422766512,0.014422572534457048,0.0134186473856489,0.0159145848466624,0.014785049825713804,0.80340590382714,0.9062487443699636,0.9075821552059645,False,1e-24,False
UniGCN,random,2,219,base,0.0002534596981690557,3.81215111537617e-08,1.2511354526119892e-34,0.00030688273371326876,0.0003823049720208435,0.8259171022826977,0.000124221753021074,3.27261098907125e-31,3.4293995833513207e-10,5.66460644767053e-13,1.7840736184548694e-39,3.717087375402966e-09,4.6235431538338545e-09,0.09226039737576903,0.00015239368558175027,3.858671929936484e-31,False,1e-24,True
UniGCN,random,2,219,restart,9449.768196670258,970.6062809788689,941.0231336095068,1313.9081249404467,1222.5252088886216,7.192107284593108,0.7387170096256631,0.7697372019551042,0.01278587142276651,0.014422572534457046,0.013418647385648906,0.015914584846662392,0.014785049825713792,0.8034059038271403,0.9062487443699639,0.9075821552059654,False,1e-24,False
UniGCN,random,2,220,base,0.00023956570209772627,3.60317898685646e-08,1.1772293481911875e-34,0.00029006022691091695,0.0003613480158748434,0.8259171022826975,0.00012422175302107398,3.2578824193653054e-31,3.241408890226131e-10,5.354087575052497e-13,1.6786862034754185e-39,3.513326391847348e-09,4.370092641270935e-09,0.09226039737576902,0.00015239368558175024,3.8413057600243765e-31,False,1e-24,True
UniGCN,random,2,220,restart,9449.768196670257,970.6062809788689,941.0231336095065,1313.9081249404462,1222.525208888621,7.19210728459311,0.7387170096256633,0.7697372019551044,0.012785871422766508,0.014422572534457046,0.013418647385648902,0.01591458484666239,0.014785049825713785,0.8034059038271405,0.9062487443699642,0.9075821552059656,False,1e-24,False
UniGCN,random,2,221,base,0.00022643333846036805,3.4056621624882344e-08,1.1244634081833273e-34,0.000274159885822129,0.00034153986511472093,0.8259171022826978,0.00012422175302107398,3.2923342866743464e-31,3.063723353978331e-10,5.060590532837461e-13,1.603443893520518e-39,3.3207350511401294e-09,4.130535621248502e-09,0.09226039737576905,0.00015239368558175024,3.8819272863112572e-31,False,1e-24,True
UniGCN,random,2,221,restart,9449.768196670257,970.6062809788689,941.0231336095065,1313.9081249404455,1222.5252088886202,7.1921072845931135,0.7387170096256638,0.7697372019551048,0.012785871422766508,0.014422572534457046,0.013418647385648902,0.015914584846662378,0.014785049825713777,0.8034059038271408,0.9062487443699647,0.9075821552059661,False,1e-24,False
UniGCN,random,2,222,base,0.00021402085656398398,3.218972692534214e-08,1.0562394018339018e-34,0.0002591311597404459,0.00032281754524143987,0.8259171022826978,0.00012422175302107398,3.2719392653950244e-31,2.8957780729284683e-10,4.783182228914707e-13,1.5061589435822836e-39,3.1387010627476505e-09,3.904110488934824e-09,0.09226039737576905,0.00015239368558175024,3.8578799136220544e-31,False,1e-24,True
UniGCN,random,2,222,restart,9449.768196670257,970.606280978869,941.0231336095067,1313.9081249404453,1222.5252088886198,7.192107284593114,0.7387170096256639,0.7697372019551052,0.012785871422766508,0.014422572534457048,0.013418647385648904,0.015914584846662375,0.014785049825713771,0.8034059038271409,0.9062487443699648,0.9075821552059665,False,1e-24,False
UniGCN,random,2,223,base,0.0002022887943790949,3.042517049815203e-08,9.966816264150902e-35,0.00024492626901659054,0.00030512153385287905,0.8259171022826974,0.00012422175302107398,3.2665070007666574e-31,2.737039111825964e-10,4.52098072083642e-13,1.4212317235305037e-39,2.9666457002978518e-09,3.6900973886780864e-09,0.09226039737576901,0.00015239368558175024,3.851474836114381e-31,False,1e-24,True
UniGCN,random,2,223,restart,9449.768196670257,970.6062809788691,941.0231336095065,1313.9081249404446,1222.525208888619,7.192107284593118,0.7387170096256643,0.7697372019551054,0.012785871422766508,0.01442257253445705,0.013418647385648902,0.015914584846662368,0.014785049825713763,0.8034059038271414,0.9062487443699654,0.9075821552059669,False,1e-24,False
UniGCN,random,2,224,base,0.00019119985308120666,2.875734242755717e-08,9.410457840562666e-35,0.00023150005315637865,0.00028839557140893145,0.8259171022826974,0.00012422175302107398,3.2630382618528756e-31,2.587001804350672e-10,4.273152411927283e-13,1.3418970372775726e-39,2.804021961680944e-09,3.487815925425812e-09,0.09226039737576901,0.00015239368558175024,3.8473849135652035e-31,False,1e-24,True
UniGCN,random,2,224,restart,9449.768196670257,970.6062809788691,941.0231336095065,1313.9081249404442,1222.5252088886186,7.19210728459312,0.7387170096256646,0.7697372019551058,0.012785871422766508,0.01442257253445705,0.013418647385648902,0.01591458484666236,0.014785049825713758,0.8034059038271416,0.9062487443699657,0.9075821552059672,False,1e-24,False
UniGCN,random,2,225,base,0.00018071877846958473,2.7180940318674925e-08,8.75903411226838e-35,0.00021880982724550445,0.00027258648236996353,0.8259171022826978,0.000124221753021074,3.213304649634212e-31,2.445189148666863e-10,4.038909401095992e-13,1.2490063845781344e-39,2.6503128300085333e-09,3.2966230015982745e-09,0.09226039737576905,0.00015239368558175027,3.788744979248731e-31,False,1e-24,True
UniGCN,random,2,225,restart,9449.768196670257,970.6062809788691,941.0231336095065,1313.908124940444,1222.5252088886184,7.192107284593121,0.7387170096256647,0.7697372019551059,0.012785871422766508,0.01442257253445705,0.013418647385648902,0.01591458484666236,0.014785049825713754,0.8034059038271417,0.9062487443699658,0.9075821552059673,False,1e-24,False
UniGCN,random,2,226,base,0.00017081224888634058,2.5690952440007056e-08,8.252599105010789e-35,0.00020681524624474286,0.0002576440061399963,0.8259171022826975,0.00012422175302107403,3.203101530926579e-31,2.3111502909287193e-10,3.817506977923161e-13,1.176790595790118e-39,2.5050296299024094e-09,3.1159107725388433e-09,0.09226039737576902,0.0001523936855817503,3.7767146805403205e-31,False,1e-24,True
UniGCN,random,2,226,restart,9449.768196670257,970.6062809788689,941.0231336095065,1313.9081249404437,1222.525208888618,7.192107284593123,0.7387170096256648,0.7697372019551061,0.012785871422766508,0.014422572534457046,0.013418647385648902,0.015914584846662357,0.014785049825713749,0.8034059038271419,0.9062487443699659,0.9075821552059676,False,1e-24,False
UniGCN,random,2,227,base,0.0001614487692795006,2.428264179003505e-08,7.919780116795419e-35,0.0001954781767241325,0.0002435206372771364,0.8259171022826978,0.00012422175302107403,3.2522008012743443e-31,2.1844590919160948e-10,3.6082412550619276e-13,1.1293318194157241e-39,2.3677104738872647e-09,2.945104714041163e-09,0.09226039737576905,0.0001523936855817503,3.834606674701549e-31,False,1e-24,True
UniGCN,random,2,227,restart,9449.768196670257,970.606280978869,941.0231336095069,1313.9081249404437,1222.525208888618,7.192107284593123,0.7387170096256649,0.7697372019551065,0.012785871422766508,0.014422572534457048,0.013418647385648907,0.015914584846662357,0.014785049825713749,0.8034059038271419,0.906248744369966,0.9075821552059682,False,1e-24,False
UniGCN,random,2,228,base,0.00015259857107325882,2.2951531037243048e-08,7.533180480428644e-35,0.00018476257562835509,0.00023017147446325413,0.8259171022826978,0.0001242217530210741,3.272855812387509e-31,2.0647127722435353e-10,3.410446930424167e-13,1.0742041183577548e-39,2.2379187939481002e-09,2.783661795809449e-09,0.09226039737576905,0.00015239368558175038,3.8589605963442534e-31,False,1e-24,True
UniGCN,random,2,228,restart,9449.768196670255,970.6062809788689,941.0231336095068,1313.9081249404433,1222.5252088886177,7.192107284593124,0.738717009625665,0.7697372019551065,0.012785871422766505,0.014422572534457046,0.013418647385648906,0.01591458484666235,0.014785049825713745,0.803405903827142,0.9062487443699663,0.9075821552059682,False,1e-24,False
UniGCN,random,2,229,base,0.00014423351752708048,2.1693388285689078e-08,7.047157821083139e-35,0.00017463437568787836,0.00021755407775274623,0.8259171022826975,0.000124221753021074,3.239267171582207e-31,1.9515306318353926e-10,3.223495172037766e-13,1.0048990560881698e-39,2.1152419535837985e-09,2.6310687550448783e-09,0.09226039737576902,0.00015239368558175027,3.8193568836289457e-31,False,1e-24,True
UniGCN,random,2,229,restart,9449.768196670255,970.6062809788689,941.0231336095065,1313.9081249404433,1222.5252088886173,7.192107284593124,0.738717009625665,0.7697372019551066,0.012785871422766505,0.014422572534457046,0.013418647385648902,0.01591458484666235,0.01478504982571374,0.803405903827142,0.9062487443699663,0.9075821552059683,False,1e-24,False
UniGCN,random,2,230,base,0.00013632701428277117,2.0504213620870566e-08,6.777790915005001e-35,0.00016506137711155995,0.0002056283336465481,0.8259171022826977,0.00012422175302107406,3.296136672806608e-31,1.8445528395959535e-10,3.046791618850508e-13,9.664883156830816e-40,1.999289935944283e-09,2.4868404646694644e-09,0.09226039737576903,0.00015239368558175032,3.8864106058027383e-31,False,1e-24,True
UniGCN,random,2,230,restart,9449.768196670255,970.6062809788691,941.0231336095069,1313.9081249404435,1222.5252088886173,7.192107284593123,0.7387170096256651,0.769737201955107,0.012785871422766505,0.01442257253445705,0.013418647385648907,0.015914584846662354,0.01478504982571374,0.8034059038271419,0.9062487443699664,0.9075821552059686,False,1e-24,False
UniGCN,random,2,231,base,0.00012885392481512125,1.9380226393109968e-08,6.35780944837245e-35,0.00015601314521637873,0.00019435632756243464,0.8259171022826978,0.00012422175302107411,3.2712129973386536e-31,1.7434392894266798e-10,2.8797744911246115e-13,9.0660048712744e-40,1.889694103880557e-09,2.3505183909996117e-09,0.09226039737576905,0.0001523936855817504,3.8570235850904676e-31,False,1e-24,True
UniGCN,random,2,231,restart,9449.768196670253,970.6062809788689,941.0231336095067,1313.908124940443,1222.525208888617,7.192107284593124,0.7387170096256651,0.769737201955107,0.012785871422766503,0.014422572534457046,0.013418647385648904,0.015914584846662347,0.014785049825713738,0.803405903827142,0.9062487443699664,0.9075821552059686,False,1e-24,False
UniGCN,random,2,232,base,0.00012179049051732386,1.831785319803204e-08,5.979799802126566e-35,0.00014746091366883577,0.0001837022232961644,0.8259171022826975,0.00012422175302107406,3.2551591890567067e-31,1.6478685189535806e-10,2.72191280441451e-13,8.526976873961395e-40,1.7861060279655502e-09,2.2216691359659627e-09,0.09226039737576902,0.00015239368558175032,3.8380948521634566e-31,False,1e-24,True
UniGCN,random,2,232,restart,9449.768196670253,970.6062809788689,941.0231336095067,1313.9081249404428,1222.525208888617,7.192107284593126,0.7387170096256652,0.769737201955107,0.012785871422766503,0.014422572534457046,0.013418647385648904,0.015914584846662347,0.014785049825713738,0.8034059038271423,0.9062487443699665,0.9075821552059686,False,1e-24,False
UniGCN,random,2,233,base,0.00011511425516710133,1.731371651591979e-08,5.73878852906274e-35,0.00013937749303040783,0.00017363214909024864,0.8259171022826978,0.00012422175302107403,3.305141679770314e-31,1.5575366875271208e-10,2.5727046814496816e-13,8.18330357054271e-40,1.6881963787597854e-09,2.099883059244935e-09,0.09226039737576905,0.0001523936855817503,3.897028234269969e-31,False,1e-24,True
UniGCN,random,2,233,restart,9449.768196670253,970.6062809788689,941.0231336095067,1313.9081249404428,1222.525208888617,7.192107284593126,0.7387170096256652,0.769737201955107,0.012785871422766503,0.014422572534457046,0.013418647385648904,0.015914584846662347,0.014785049825713738,0.8034059038271423,0.9062487443699665,0.9075821552059686,False,1e-24,False
UniGCN,random,2,234,base,0.0001088039935333999,1.6364623973831096e-08,5.342832474267615e-35,0.00013173718431629976,0.00016411408994813077,0.8259171022826973,0.00012422175302107403,3.2555598827353878e-31,1.4721566102454874e-10,2.43167575655563e-13,7.61868464782521e-40,1.5956538798001431e-09,1.98477297592139e-09,0.09226039737576901,0.0001523936855817503,3.838567302282213e-31,False,1e-24,True
UniGCN,random,2,234,restart,9449.768196670253,970.6062809788689,941.0231336095067,1313.9081249404428,1222.5252088886166,7.192107284593126,0.7387170096256652,0.7697372019551072,0.012785871422766503,0.014422572534457046,0.013418647385648904,0.015914584846662347,0.014785049825713732,0.8034059038271423,0.9062487443699665,0.907582155205969,False,1e-24,False
UniGCN,random,2,235,base,0.00010283964389667893,1.5467558196337987e-08,5.035238412761651e-35,0.00012451569729267898,0.00015511778585142083,0.8259171022826974,0.00012422175302107406,3.2460741913790856e-31,1.3914568449301758e-10,2.298377667540325e-13,7.18006671146947e-40,1.5081843179830308e-09,1.875972925542022e-09,0.09226039737576901,0.00015239368558175032,3.8273829082021236e-31,False,1e-24,True
UniGCN,random,2,235,restart,9449.768196670253,970.6062809788689,941.0231336095067,1313.9081249404423,1222.5252088886166,7.192107284593128,0.7387170096256654,0.7697372019551072,0.012785871422766503,0.014422572534457046,0.013418647385648904,0.01591458484666234,0.014785049825713732,0.8034059038271425,0.9062487443699668,0.907582155205969,False,1e-24,False
UniGCN,random,2,236,base,9.72022442682601e-05,1.4619667212621763e-08,4.7412808540893607e-35,0.00011769007325264155,0.0001466146355565938,0.8259171022826974,0.00012422175302107414,3.233838720186436e-31,1.315180829151172e-10,2.1723866302514824e-13,6.760893931833374e-40,1.4255096081957556e-09,1.7731370086460096e-09,0.09226039737576901,0.00015239368558175043,3.8129563022296174e-31,False,1e-24,True
UniGCN,random,2,236,restart,9449.768196670253,970.6062809788689,941.0231336095067,1313.9081249404423,1222.5252088886166,7.192107284593128,0.7387170096256654,0.7697372019551072,0.012785871422766503,0.014422572534457046,0.013418647385648904,0.01591458484666234,0.014785049825713732,0.8034059038271425,0.9062487443699668,0.907582155205969,False,1e-24,False
UniGCN,random,2,237,base,9.18738721059654e-05,1.3818255389425984e-08,4.5154436159427877e-35,0.00011123861202539734,0.00013857760566530114,0.8259171022826974,0.000124221753021074,3.2584223073161547e-31,1.243086064558159e-10,2.0533020912728578e-13,6.438858249924707e-40,1.347366909222352e-09,1.675938287074012e-09,0.09226039737576901,0.00015239368558175027,3.8419423314006292e-31,False,1e-24,True
UniGCN,random,2,237,restart,9449.768196670253,970.6062809788689,941.0231336095067,1313.9081249404423,1222.5252088886164,7.192107284593128,0.7387170096256654,0.7697372019551074,0.012785871422766503,0.014422572534457046,0.013418647385648904,0.01591458484666234,0.01478504982571373,0.8034059038271425,0.9062487443699668,0.9075821552059692,False,1e-24,False
UniGCN,random,2,238,base,8.683758733438528e-05,1.3060774861041335e-08,4.248693908193054e-35,0.00010514080298662012,0.00013098114467920895,0.8259171022826975,0.00012422175302107411,3.2437446768377973e-31,1.174943345924542e-10,1.9407454544762296e-13,6.058482875433233e-40,1.2735077881131317e-09,1.5840677445593372e-09,0.09226039737576902,0.0001523936855817504,3.8246362229404574e-31,False,1e-24,True
UniGCN,random,2,238,restart,9449.768196670253,970.6062809788689,941.0231336095067,1313.9081249404423,1222.5252088886164,7.192107284593128,0.7387170096256654,0.7697372019551074,0.012785871422766503,0.014422572534457046,0.013418647385648904,0.01591458484666234,0.01478504982571373,0.8034059038271425,0.9062487443699668,0.9075821552059692,False,1e-24,False
UniGCN,random,2,239,base,8.207737848862653e-05,1.2344817429075986e-08,4.021315613373664e-35,9.937725985062945e-05,0.0001238011017661248,0.8259171022826975,0.000124221753021074,3.2482066443725305e-31,1.1105360324532621e-10,1.8343588773804172e-13,5.7342497027982204e-40,1.2036974303613067e-09,1.4972333042967775e-09,0.09226039737576902,0.00015239368558175027,3.8298972420276814e-31,False,1e-24,True
UniGCN,random,2,239,restart,9449.768196670253,970.6062809788689,941.0231336095067,1313.9081249404423,1222.5252088886164,7.192107284593128,0.7387170096256654,0.7697372019551074,0.012785871422766503,0.014422572534457046,0.013418647385648904,0.01591458484666234,0.01478504982571373,0.8034059038271425,0.9062487443699668,0.9075821552059692,False,1e-24,False
UniGCN,random,2,240,base,7.757811181031868e-05,1.1668106906259613e-08,3.828286790832382e-35,9.392965903709423e-05,0.0001170146499791527,0.8259171022826978,0.00012422175302107403,3.2716303398885775e-31,1.0496593590277147e-10,1.7338041334907886e-13,5.45899762743072e-40,1.1377138933756572e-09,1.4151589003657511e-09,0.09226039737576905,0.0001523936855817503,3.8575156655693076e-31,False,1e-24,True
UniGCN,random,2,240,restart,9449.768196670253,970.6062809788689,941.0231336095067,1313.9081249404423,1222.5252088886164,7.192107284593128,0.7387170096256654,0.7697372019551074,0.012785871422766503,0.014422572534457046,0.013418647385648904,0.01591458484666234,0.01478504982571373,0.8034059038271425,0.9062487443699668,0.9075821552059692,False,1e-24,False
UniGCN,random,2,241,base,7.332548313404368e-05,1.1028491879939766e-08,3.5919528924836384e-35,8.878068141631193e-05,0.0001106002136847721,0.8259171022826975,0.00012422175302107411,3.2476907347767575e-31,9.921197852180831e-11,1.6387615370023008e-13,5.121994090115604e-40,1.0753474008758716e-09,1.3375836000555844e-09,0.09226039737576902,0.0001523936855817504,3.8292889430632637e-31,False,1e-24,True
UniGCN,random,2,241,restart,9449.768196670253,970.6062809788689,941.0231336095067,1313.9081249404423,1222.5252088886164,7.192107284593128,0.7387170096256654,0.7697372019551074,0.012785871422766503,0.014422572534457046,0.013418647385648904,0.01591458484666234,0.01478504982571373,0.8034059038271425,0.9062487443699668,0.9075821552059692,False,1e-24,False
UniGCN,random,2,242,base,6.930597241122565e-05,1.0423938872264478e-08,3.3912083337815526e-35,8.391395724785875e-05,0.00010453739996911984,0.8259171022826975,0.0001242217530210741,3.2440144242953326e-31,9.377343799734427e-11,1.5489289264475085e-13,4.8357396558087e-40,1.0163996759672817e-09,1.264260774302626e-09,0.09226039737576902,0.00015239368558175038,3.8249542769181647e-31,False,1e-24,True
UniGCN,random,2,242,restart,9449.768196670253,970.6062809788689,941.0231336095067,1313.9081249404423,1222.5252088886164,7.192107284593129,0.7387170096256656,0.7697372019551074,0.012785871422766503,0.014422572534457046,0.013418647385648904,0.01591458484666234,0.01478504982571373,0.8034059038271426,0.9062487443699669,0.9075821552059692,False,1e-24,False
UniGCN,random,2,243,base,6.550680072690144e-05,9.852525875305803e-09,3.2047107499558936e-35,7.931401413755874e-05,9.880693380439973e-05,0.8259171022826978,0.00012422175302107411,3.243406739348886e-31,8.863302400434273e-11,1.4640207040583378e-13,4.569800889135352e-40,9.606833107746944e-10,1.1949573136018227e-09,0.09226039737576905,0.0001523936855817504,3.8242377674237796e-31,False,1e-24,True
UniGCN,random,2,243,restart,9449.768196670253,970.6062809788689,941.0231336095067,1313.9081249404423,1222.5252088886161,7.192107284593129,0.7387170096256656,0.7697372019551075,0.012785871422766503,0.014422572534457046,0.013418647385648904,0.01591458484666234,0.014785049825713726,0.8034059038271426,0.9062487443699669,0.9075821552059693,False,1e-24,False
UniGCN,random,2,244,base,6.191588967271929e-05,9.312436240570786e-09,3.0223932196198867e-35,7.49662278473155e-05,9.339059676929926e-05,0.8259171022826977,0.000124221753021074,3.236292864779565e-31,8.377439402804957e-11,1.3837669277875064e-13,4.30982272659887e-40,9.080211706312443e-10,1.129452886899964e-09,0.09226039737576903,0.00015239368558175027,3.8158499363600214e-31,False,1e-24,True
UniGCN,random,2,244,restart,9449.768196670253,970.6062809788689,941.0231336095067,1313.9081249404423,1222.5252088886161,7.192107284593129,0.7387170096256656,0.7697372019551075,0.012785871422766503,0.014422572534457046,0.013418647385648904,0.01591458484666234,0.014785049825713726,0.8034059038271426,0.9062487443699669,0.9075821552059693,False,1e-24,False
UniGCN,random,2,245,base,5.852182294700323e-05,8.801952903473558e-09,2.842624070580936e-35,7.085677580141957e-05,8.82711691285929e-05,0.8259171022826978,0.00012422175302107403,3.2203312798993505e-31,7.918210140751875e-11,1.307912453102969e-13,4.0534784630397925e-40,8.582458309280474e-10,1.0675392411144593e-09,0.09226039737576905,0.0001523936855817503,3.7970299422512622e-31,False,1e-24,True
UniGCN,random,2,245,restart,9449.768196670253,970.6062809788689,941.0231336095067,1313.9081249404423,1222.525208888616,7.192107284593129,0.7387170096256656,0.7697372019551076,0.012785871422766503,0.014422572534457046,0.013418647385648904,0.01591458484666234,0.014785049825713725,0.8034059038271426,0.9062487443699669,0.9075821552059694,False,1e-24,False
UniGCN,random,2,246,base,5.531381005980104e-05,8.319452924406588e-09,2.7320651999656943e-35,6.697259314151852e-05,8.343237508778917e-05,0.8259171022826977,0.000124221753021074,3.2745863905839458e-31,7.484154622725537e-11,1.236216121826921e-13,3.895825537500012e-40,8.111990448342847e-10,1.009019539050657e-09,0.09226039737576903,0.00015239368558175027,3.8610010874174215e-31,False,1e-24,True
UniGCN,random,2,246,restart,9449.768196670253,970.6062809788689,941.0231336095067,1313.9081249404423,1222.525208888616,7.192107284593129,0.7387170096256656,0.7697372019551076,0.012785871422766503,0.014422572534457046,0.013418647385648904,0.01591458484666234,0.014785049825713725,0.8034059038271426,0.9062487443699669,0.9075821552059694,False,1e-24,False
UniGCN,random,2,247,base,5.2281652027526667e-05,7.863402329056244e-09,2.56461667886322e-35,6.330133119053822e-05,7.885883104877494e-05,0.8259171022826975,0.00012422175302107395,3.252161672643841e-31,7.073892890085054e-11,1.168449995440543e-13,3.657050040950434e-40,7.667312401954729e-10,9.53707733612801e-10,0.09226039737576902,0.00015239368558175021,3.834560538894793e-31,False,1e-24,True
UniGCN,random,2,247,restart,9449.768196670253,970.6062809788689,941.0231336095067,1313.9081249404423,1222.525208888616,7.192107284593129,0.7387170096256656,0.7697372019551076,0.012785871422766503,0.014422572534457046,0.013418647385648904,0.01591458484666234,0.014785049825713725,0.8034059038271426,0.9062487443699669,0.9075821552059694,False,1e-24,False
UniGCN,random,2,248,base,4.9415708948131985e-05,7.432351231558613e-09,2.424165365669337e-35,5.983131819350292e-05,7.453599670194906e-05,0.8259171022826978,0.00012422175302107403,3.252341785088046e-31,6.686120629903901e-11,1.1043986304169505e-13,3.456771580274235e-40,7.247010440104523e-10,9.014279763191005e-10,0.09226039737576905,0.0001523936855817503,3.834772905972642e-31,False,1e-24,True
UniGCN,random,2,248,restart,9449.768196670253,970.6062809788689,941.0231336095067,1313.9081249404423,1222.525208888616,7.192107284593129,0.7387170096256656,0.7697372019551076,0.012785871422766503,0.014422572534457046,0.013418647385648904,0.01591458484666234,0.014785049825713725,0.8034059038271426,0.9062487443699669,0.9075821552059694,False,1e-24,False
UniGCN,random,2,249,base,4.6706869353722924e-05,7.024929224991164e-09,2.3517659616257113e-35,5.6551522210440846e-05,7.045012879935743e-05,0.8259171022826977,0.000124221753021074,3.3381996622370427e-31,6.319605028270232e-11,1.0438583932784996e-13,3.3535326651939944e-40,6.849748329753012e-10,8.520140582404544e-10,0.09226039737576903,0.00015239368558175027,3.9360062580652442e-31,False,1e-24,True
UniGCN,random,2,249,restart,9449.768196670253,970.6062809788689,941.0231336095067,1313.9081249404421,1222.525208888616,7.19210728459313,0.7387170096256657,0.7697372019551076,0.012785871422766503,0.014422572534457046,0.013418647385648904,0.015914584846662336,0.014785049825713725,0.8034059038271427,0.906248744369967,0.9075821552059694,False,1e-24,False
UniGCN,random,2,250,base,4.4146521243184723e-05,6.639841024545612e-09,2.1777166253183727e-35,5.345151604340323e-05,6.65882374618634e-05,0.8259171022826978,0.00012422175302107403,3.2704223873857615e-31,5.97318085089835e-11,9.86636813200857e-14,3.105344646408948e-40,6.474263086652525e-10,8.05308881585448e-10,0.09226039737576905,0.0001523936855817503,3.85609139228083e-31,False,1e-24,True
UniGCN,random,2,250,restart,9449.768196670253,970.6062809788689,941.0231336095067,1313.9081249404421,1222.525208888616,7.19210728459313,0.7387170096256657,0.7697372019551076,0.012785871422766503,0.014422572534457046,0.013418647385648904,0.015914584846662336,0.014785049825713725,0.8034059038271427,0.906248744369967,0.9075821552059694,False,1e-24,False
UniGCN,random,2,251,base,4.1726524702722657e-05,6.275862349530554e-09,2.0459283935165712e-35,5.052144408609227e-05,6.293804488144456e-05,0.8259171022826975,0.000124221753021074,3.2507021744486273e-31,5.645746738590807e-11,9.325519701056109e-14,2.917419424491888e-40,6.119360960040247e-10,7.611639602516745e-10,0.09226039737576902,0.00015239368558175027,3.832839672975663e-31,False,1e-24,True
UniGCN,random,2,251,restart,9449.768196670253,970.6062809788689,941.0231336095067,1313.9081249404421,1222.525208888616,7.19210728459313,0.7387170096256657,0.7697372019551076,0.012785871422766503,0.014422572534457046,0.013418647385648904,0.015914584846662336,0.014785049825713725,0.8034059038271427,0.906248744369967,0.9075821552059694,False,1e-24,False
UniGCN,random,2,252,base,3.943918602727306e-05,5.931836031111979e-09,1.9360961214851393e-35,4.775199099070562e-05,5.948794628732136e-05,0.8259171022826975,0.0001242217530210739,3.2546023897580386e-31,5.336261705773551e-11,8.814319162960463e-14,2.760802602086964e-40,5.78391363744012e-10,7.19438947755524e-10,0.09226039737576902,0.00015239368558175013,3.837438340946097e-31,False,1e-24,True
UniGCN,random,2,252,restart,9449.768196670253,970.6062809788689,941.0231336095067,1313.9081249404421,1222.525208888616,7.19210728459313,0.7387170096256657,0.7697372019551076,0.012785871422766503,0.014422572534457046,0.013418647385648904,0.015914584846662336,0.014785049825713725,0.8034059038271427,0.906248744369967,0.9075821552059694,False,1e-24,False
UniGCN,random,2,253,base,3.7277233260510614e-05,5.6066683334172194e-09,1.8244228786810282e-35,4.513435205238217e-05,5.622697305182015e-05,0.8259171022826978,0.00012422175302107392,3.2447467463695684e-31,5.043741830972187e-11,8.331141297973294e-14,2.601560622365119e-40,5.466854657507532e-10,6.800011910396238e-10,0.09226039737576905,0.00015239368558175016,3.825817743624401e-31,False,1e-24,True
UniGCN,random,2,253,restart,9449.768196670253,970.6062809788689,941.0231336095067,1313.9081249404421,1222.525208888616,7.19210728459313,0.7387170096256657,0.7697372019551076,0.012785871422766503,0.014422572534457046,0.013418647385648904,0.015914584846662336,0.014785049825713725,0.8034059038271427,0.906248744369967,0.9075821552059694,False,1e-24,False
UniGCN,random,2,254,base,3.5233793075688366e-05,5.2993254763063125e-09,1.7313373815504217e-35,4.266020521709505e-05,5.314475781867618e-05,0.8259171022826978,0.00012422175302107398,3.2577764065790765e-31,4.7672571287076624e-11,7.874449976631451e-14,2.468824091444534e-40,5.167176019512484e-10,6.427253087393846e-10,0.09226039737576905,0.00015239368558175024,3.8411807624112166e-31,False,1e-24,True
UniGCN,random,2,254,restart,9449.768196670253,970.6062809788689,941.0231336095067,1313.9081249404421,1222.525208888616,7.19210728459313,0.7387170096256657,0.7697372019551076,0.012785871422766503,0.014422572534457046,0.013418647385648904,0.015914584846662336,0.014785049825713725,0.8034059038271427,0.906248744369967,0.9075821552059694,False,1e-24,False
UniGCN,random,2,255,base,3.3302368923809464e-05,5.00883034875595e-09,1.6339515006638035e-35,4.0321684623998276e-05,5.023150154291141e-05,0.8259171022826978,0.00012422175302107398,3.2528422413731013e-31,4.505928592866423e-11,7.442793276061153e-14,2.3299553698068565e-40,4.883924978681963e-10,6.074927925678676e-10,0.09226039737576905,0.00015239368558175024,3.835362984239125e-31,False,1e-24,True
UniGCN,random,2,255,restart,9449.768196670253,970.6062809788689,941.0231336095067,1313.9081249404421,1222.525208888616,7.19210728459313,0.7387170096256657,0.7697372019551076,0.012785871422766503,0.014422572534457046,0.013418647385648904,0.015914584846662336,0.014785049825713725,0.8034059038271427,0.906248744369967,0.9075821552059694,False,1e-24,False
UniGCN,random,2,256,base,3.147682037965885e-05,4.7342594024071026e-09,1.5399989262364964e-35,3.8111355598112874e-05,4.747794233750004e-05,0.8259171022826974,0.00012422175302107398,3.2436092434025767e-31,4.258925402145269e-11,7.03479886399357e-14,2.195982418219768e-40,4.6162010172132856e-10,5.741916305516911e-10,0.09226039737576901,0.00015239368558175024,3.8244765360126174e-31,False,1e-24,True
UniGCN,random,2,256,restart,9449.768196670253,970.6062809788689,941.0231336095067,1313.9081249404421,1222.525208888616,7.19210728459313,0.7387170096256657,0.7697372019551076,0.012785871422766503,0.014422572534457046,0.013418647385648904,0.015914584846662336,0.014785049825713725,0.8034059038271427,0.906248744369967,0.9075821552059694,False,1e-24,False
UniGCN,random,3,0,base,736394.9232586302,67366.81183077263,70071.64343348048,82560.0,82587.5523811751,8.919512151872944,0.8159739805083893,0.8484528408115473,1.0,1.0,1.0,1.0,1.0,1.0,1.0,1.0,False,1e-24,False
UniGCN,random,3,0,restart,736394.9232586302,67366.81183077263,70071.64343348048,82560.0,82587.5523811751,8.919512151872944,0.8159739805083893,0.8484528408115473,1.0,1.0,1.0,1.0,1.0,1.0,1.0,1.0,False,1e-24,False
UniGCN,random,3,1,base,14290.121244942073,2551.2801082656924,1875.9349292388235,4021.4026686640555,2870.4015983438608,3.5535166264982303,0.6344254277608191,0.653544413548677,0.019405512984400655,0.037871468738561974,0.026771670212354333,0.048708850153392144,0.03475586230108614,0.3983980924059903,0.7775069339411325,0.7702778305551551,False,1e-24,False
UniGCN,random,3,1,restart,33631.13222310883,4675.677199776661,3879.025312747979,6760.444608408442,5341.146154538435,4.974692371753096,0.6916227364633963,0.7262533547133746,0.04566996751456038,0.06940624133322647,0.05535798966140085,0.08188523023750535,0.064672532367673,0.5577314417031761,0.8476039101546885,0.8559737439487048,False,1e-24,False
UniGCN,random,3,2,base,1326.8602782002679,294.5189035034843,190.0460501023289,607.753838515164,420.05482967414036,2.1832199060099584,0.4846022926371625,0.45243153197347613,0.00180183246284312,0.004371869404230146,0.0027121677299140417,0.007361359478139099,0.005086176034560471,0.2447689816254715,0.5938942959127606,0.5332429926697213,False,1e-24,False
UniGCN,random,3,2,restart,12719.508486796045,1608.6725540113707,1388.3505590772684,2380.246545644007,1949.716500761413,5.343777731795686,0.675842826851419,0.7120781706135649,0.01727267269919623,0.02387930362583289,0.019813300945270958,0.02883050564006791,0.02360787363890722,0.5991109873283355,0.8282651689828858,0.8392666467265999,False,1e-24,False
UniGCN,random,3,3,base,289.5482960184783,55.82969588373413,35.90628921973474,172.2424664066245,141.2991594104365,1.6810505681852117,0.32413432673411197,0.2541153773989307,0.00039319702903055684,0.0008287418443369406,0.0005124225358553327,0.0020862701841887657,0.0017109014050723222,0.18846889152252796,0.3972361061466217,0.2995044216669352,False,1e-24,False
UniGCN,random,3,3,restart,10216.404409350544,1140.3460416379112,1052.4580028977223,1627.4665099689507,1429.0865968785747,6.2774897958087355,0.7006878695523309,0.736455023227082,0.01387353998061503,0.016927415898832995,0.015019741957341536,0.0197125304017557,0.01730389817442173,0.7037929529016417,0.8587134961286021,0.8679975925623172,False,1e-24,False
UniGCN,random,3,4,base,110.19674170831499,13.974217514713416,9.572150154341937,81.7455613830475,82.19738936888407,1.3480455677825673,0.17094772215499648,0.11645321375578246,0.0001496435380361967,0.00020743474620436327,0.00013660518985014029,0.0009901351911706334,0.000995275764918056,0.15113445049788973,0.20950143783811365,0.1372536081609376,False,1e-24,False
UniGCN,random,3,4,restart,9682.339727960778,1026.9214478401539,976.4643228168509,1426.1872790916755,1296.2346331295353,6.788967949656207,0.7200467027683698,0.7533083115202269,0.013148297770869111,0.015243729366617649,0.013935227932020969,0.017274555221556145,0.01569527847425343,0.7611366893233775,0.8824383129468756,0.8878611459414594,False,1e-24,False
UniGCN,random,3,5,base,62.458429261098665,4.26133963084274,3.2098935904485253,55.852746362396566,63.38174142433528,1.1182696166065245,0.0762959730429967,0.05064382136424061,8.481648540529462e-05,6.3255771128777e-05,4.580873850198334e-05,0.0006765109782267026,0.0007674490839951619,0.12537340580579928,0.09350294845855354,0.05968961258447749,False,1e-24,False
UniGCN,random,3,5,restart,9524.827883852675,991.9385567827004,953.781159887481,1357.8647300887098,1251.3678023961527,7.014563139312423,0.7305135296635157,0.7621909066712083,0.012934401885477757,0.014724439673269364,0.013611514061218107,0.01644700496715976,0.015152014635578276,0.7864290131427744,0.8952657157135968,0.8983303137298365,False,1e-24,False
UniGCN,random,3,6,base,45.19633151459647,1.5274474717745696,1.263668648448008,45.915197734913164,54.94754096918203,0.9843436104867284,0.03326670791211956,0.022997728854813566,6.137512642618125e-05,2.267359001063553e-05,1.803395191733469e-05,0.0005561433834170683,0.000665324729755603,0.11035845836927675,0.040769324398546226,0.02710548865958912,False,1e-24,False
UniGCN,random,3,6,restart,9467.71586428395,979.420247564175,945.7356701306057,1330.7456834252002,1233.0683244568797,7.114594457984667,0.7359935559161459,0.7669775075498487,0.01285684564796868,0.014538616582071702,0.013496696006971771,0.0161185281422626,0.01493043792805202,0.797643899895436,0.901981648308918,0.9039718775839478,False,1e-24,False
UniGCN,random,3,7,base,37.25686116701955,0.6257581274933273,0.5552207674927627,40.81865134336798,49.93568254179664,0.9127411107636428,0.015330200947342113,0.01111871790333571,5.059358774793525e-05,9.288819085950656e-06,7.923615606644617e-06,0.0004944119591008719,0.00060463933246651,0.10233083325885518,0.018787610038485166,0.013104697596039196,False,1e-24,False
UniGCN,random,3,7,restart,9443.700689889993,974.4595852534342,942.5186304639568,1318.606080276416,1224.4129110780266,7.1618816499847595,0.7390073501323161,0.7697718816392767,0.012824233833797436,0.014464979991947737,0.013450785286043656,0.015971488375441083,0.014825635047602133,0.8029454445533647,0.9056751413468853,0.9072653712880352,False,1e-24,False
UniGCN,random,3,8,base,32.8001503584516,0.28386323688343296,0.26210146693772385,37.48973835285469,46.30529095665516,0.8749100900554568,0.007571758282538613,0.005660291977931167,4.454152157012063e-05,4.213695574558369e-06,3.740478374630084e-06,0.00045409082307236784,0.0005606812361133726,0.09808945547226379,0.009279411431503072,0.0066713100665878895,False,1e-24,False
UniGCN,random,3,8,restart,9432.33641821486,972.339114759787,941.1105117059584,1312.5714713413513,1219.7637248210144,7.186150715721185,0.7407894625091372,0.7715514837466206,0.012808801527956918,0.014433503506182405,0.013430689870994127,0.015898394759464043,0.014769341016323009,0.8056663406431054,0.9078591722343785,0.9093628386094267,False,1e-24,False
UniGCN,random,3,9,base,29.852087755630038,0.13840056196394562,0.12946448166522315,34.932643314251024,43.340923291287055,0.8545613765063025,0.0039619264055945095,0.0029871186821543725,4.053814986058187e-05,2.0544324156472155e-06,1.8476016163103798e-06,0.00042311825719780797,0.0005247875986353378,0.09580808478711017,0.004855456791803639,0.003520665543764561,False,1e-24,False
UniGCN,random,3,9,restart,9426.390830040546,971.3767422642836,940.4482098454404,1309.2611481100084,1216.9725704257182,7.1997789315355964,0.7419274173578894,0.7727768338414194,0.012800727615458982,0.014419217948214769,0.013421238089530677,0.015858298790092155,0.014735544707862215,0.8071942510918343,0.9092537692141047,0.9108070557018306,False,1e-24,False
UniGCN,random,3,10,base,27.638933194749853,0.07104293908421262,0.06579321276326826,32.77452151164521,40.75324333095146,0.8433054677832408,0.0021676270409918923,0.0016144288745062732,3.7532759015290966e-05,1.054568817397423e-06,9.389420532961559e-07,0.00039697821598407473,0.0004934550323377872,0.09454614259437509,0.00265649039402134,0.001902791524584994,False,1e-24,False
UniGCN,random,3,10,restart,9422.99450070006,970.9174262181334,940.1177267172494,1307.2668326404691,1215.1312016256686,7.208164596104014,0.7427079169881762,0.7736759005607861,0.012796115512315392,0.014412399812790695,0.013416521729074472,0.015834142837214984,0.014713248747430418,0.8081343994346624,0.9102102943594292,0.9118667100233445,False,1e-24,False
UniGCN,random,3,11,base,25.823237609366,0.03804276572770785,0.03405290740893585,30.85670363703638,38.41113762855441,0.8368760938667195,0.001232884956708281,0.000886537330350281,3.506710434001266e-05,5.647107929535447e-07,4.859727236348113e-07,0.00037374883281294065,0.00046509596810995684,0.09382532134237745,0.0015109366060179234,0.0010448869845285755,False,1e-24,False
UniGCN,random,3,11,restart,9420.898187228318,970.6882056123618,939.944437605568,1305.9579884524992,1213.8208661706065,7.213783498802787,0.7432767471812652,0.7743683304530175,0.01279326878781264,0.014408997238146858,0.013414048701424623,0.015818289588814188,0.01469738273109645,0.8087643557151292,0.91090741241304,0.912682818896961,False,1e-24,False
UniGCN,random,3,12,base,24.245890681574437,0.021284095204440485,0.017843758203159452,29.10409224530951,36.249419219027715,0.8330749668195533,0.000731309364505972,0.000492249492201328,3.292511927470066e-05,3.1594333509364736e-07,2.5465020269003196e-07,0.0003525204971573342,0.0004389210985660638,0.09339916271593643,0.0008962410346103594,0.0005801730732971442,False,1e-24,False
UniGCN,random,3,12,restart,9419.513689436642,970.5690291762454,939.8496882077759,1305.0339686020893,1212.8330987775312,7.2178302757333785,0.7437116983367782,0.7749208767101529,0.012791388685508907,0.01440722817066574,0.013412696522523866,0.015807097487912904,0.014685422485701158,0.8092180550724132,0.9114404577869157,0.9133340586955182,False,1e-24,False
UniGCN,random,3,13,base,22.827124639674675,0.012569948947379495,0.009433182123336345,27.47785970192592,34.232854124836905,0.8307460947576906,0.0004574573523460588,0.0002755593234772763,3.0998481818237e-05,1.865896367332266e-07,1.346219620536135e-07,0.00033282291305627325,0.000414503797943283,0.09313806412419633,0.0005606273769428798,0.0003247785972567469,False,1e-24,False
UniGCN,random,3,13,restart,9418.544643203377,970.5046617234142,939.7960238009694,1304.3426646286257,1212.0564590030217,7.2209128004603285,0.7440565183074324,0.7753731410944334,0.012790072752708912,0.0144062726934644,0.013411930671971816,0.015798724135521143,0.014676018649988423,0.8095636484943923,0.9118630447552395,0.9138671046852611,False,1e-24,False
UniGCN,random,3,14,base,21.52465848982459,0.007956527839318727,0.00502056929303934,25.956227928501182,32.34069714715349,0.8292675865351561,0.00030653636812081155,0.00015523998354751708,2.9229775776529744e-05,1.1810753133613855e-07,7.164908723463013e-08,0.0003143922956456054,0.00039159287585964573,0.0929723030155886,0.000375669292701987,0.00018296831135485345,False,1e-24,False
UniGCN,random,3,14,restart,9417.832561971201,970.4686555938569,939.7647241243602,1303.8024316359192,1211.4271965255336,7.223358641964159,0.7443372032802403,0.7757500630823526,0.012789105769898895,0.01440573821471175,0.01341148399090262,0.015792180615745145,0.014668399311972644,0.8098378609694902,0.9122070324062098,0.9143113509294704,False,1e-24,False
UniGCN,random,3,15,base,20.314718982013947,0.005470324334344969,0.002686532713789643,24.525900441349492,30.559551244847118,0.8282965606336845,0.0002230427521887133,8.791139281675938e-05,2.7586717860735695e-05,8.120206650251731e-08,3.8339798842308985e-08,0.0002970675925551053,0.0003700261160883225,0.09286343765558484,0.0002733454221784712,0.00010361376447590406,False,1e-24,False
UniGCN,random,3,15,restart,9417.288067647585,970.44786774648,939.7460235026034,1303.3667253861656,1210.906413351224,7.225355599635553,0.7445700805803162,0.7760682519649268,0.012788366364579251,0.014405429637731308,0.013411217112307508,0.015786903166014603,0.014662093480654313,0.8100617473925805,0.9124924303547213,0.9146863734024575,False,1e-24,False
UniGCN,random,3,16,base,19.182998579044078,0.004099615484306879,0.0014440737780805914,23.177982164224918,28.87990359347042,0.827638853249828,0.0001768754266553286,5.0002721560576405e-05,2.604987890758013e-05,6.085512098457667e-08,2.0608533028791612e-08,0.00028074106303567004,0.0003496883339050652,0.09278969961109791,0.00021676601323136196,5.8934002168875616e-05,False,1e-24,False
UniGCN,random,3,16,restart,9416.858270786252,970.4355290329594,939.7346303706732,1303.007353208174,1210.4689028760124,7.227018518046517,0.7447659651679023,0.7763393410090186,0.01278778271462763,0.01440524648057743,0.01341105451968984,0.015782550305331565,0.014656795945340608,0.8102481834198709,0.9127324926511491,0.9150058832573983,False,1e-24,False
UniGCN,random,3,17,base,18.120191443985668,0.0033180733430413474,0.0007792377939730728,21.905949853034198,27.294387249254434,0.8271812710954342,0.0001514690467796246,2.8549378553803522e-05,2.4606621897665707e-05,4.9253827706385204e-08,1.1120586813591848e-08,0.0002653336949253173,0.00033049032768618387,0.09273839835755371,0.00018562975094530885,3.364875120990339e-05,False,1e-24,False
UniGCN,random,3,17,restart,9416.510455391144,970.4280300493498,939.7275800298197,1302.7062011209273,1210.097415459123,7.228422223897153,0.7449323793917115,0.7765718429150414,0.012787310392801227,0.01440513516488049,0.013410953903513195,0.015778902629856192,0.014652297841132669,0.8104055581536833,0.9129364381540505,0.9152799136982658,False,1e-24,False
UniGCN,random,3,18,base,17.119728384056174,0.0028494706826073116,0.0004219165184353815,20.70461356336321,25.796886757519438,0.8268557310506636,0.00013762491504064808,1.635532699744858e-05,2.32480260840195e-05,4.22978408086947e-08,6.021216254702373e-09,0.0002507826255252327,0.00031235804929120945,0.09270190084073579,0.00016866336222498348,1.927664828348582e-05,False,1e-24,False
UniGCN,random,3,18,restart,9416.223526661306,970.4233812445183,939.7231626794132,1302.4509748466126,1209.7795691883657,7.2296183952491875,0.7450747859118486,0.7767722208351296,0.012786920753056607,0.014405066157535402,0.013410890863027913,0.015775811226339784,0.014648449243352577,0.8105396654155679,0.9131109615132982,0.9155160822988643,False,1e-24,False
UniGCN,random,3,19,base,16.176600388540884,0.0025481149460558168,0.00022913625896384124,19.56957469502592,24.38206809955044,0.8266199261168695,0.00013020798794894005,9.397736813312652e-06,2.1967289395420613e-05,3.782448473970766e-08,3.2700283272414175e-09,0.00023703457721688373,0.0002952269124893942,0.09267546386416364,0.00015957370095038385,1.1076321937143487e-05,False,1e-24,False
UniGCN,random,3,19,restart,9415.983337908398,970.4204515054565,939.7203677189655,1302.2329133625326,1209.5061085296225,7.230644565414276,0.7451973003813168,0.7769455326367625,0.012786594584657937,0.01440502266818238,0.013410850975845155,0.015773169977743855,0.014645138082640594,0.8106547132060318,0.9132611065821298,0.9157203503421736,False,1e-24,False
UniGCN,random,3,20,base,15.28673371003096,0.0023369866806215384,0.00012477710174141403,18.496938544914602,23.045126145370812,0.8264466940251456,0.00012634451236061712,5.414468159310928e-06,2.0758879817347798e-05,3.4690474687923725e-08,1.7807075105904407e-09,0.00022404237578627184,0.0002790387350264141,0.0926560421638762,0.00015483889851720354,6.381578207849449e-06,False,1e-24,False
UniGCN,random,3,20,restart,9415.7800415602,970.4185795956314,939.7185854797353,1302.0455080914548,1209.269879256532,7.231529146290669,0.7453031200254098,0.7770958341056846,0.012786318514927175,0.014404994881357172,0.013410825541316396,0.01577090004955735,0.014642277733032458,0.8107538868896739,0.9133907916537384,0.9158974980417185,False,1e-24,False
UniGCN,random,3,21,base,14.446649866628409,0.0021753622940498445,6.811340088537972e-05,17.483159171257036,21.781645216556768,0.8263180427013008,0.0001244261562078678,3.1271008322918157e-06,1.9618073686195936e-05,3.2291305391064334e-08,9.7205370885928e-10,0.00021176307135728,0.0002637400502684185,0.0926416185808759,0.00015248789689389924,3.685650730217057e-06,False,1e-24,False
UniGCN,random,3,21,restart,9415.606537760226,970.4173694688155,939.7174419577289,1301.8837542217523,1209.0651995506337,7.232294363630602,0.7453947914488858,0.7772264409785247,0.012786082902493556,0.014404976918108162,0.013410809221990196,0.015768940821484403,0.014639799397012114,0.8108396782790351,0.9135031376668047,0.9160514333773762,False,1e-24,False
UniGCN,random,3,22,base,13.653275493464646,0.002041741967537791,3.726356204684915e-05,16.5249536835991,20.5875191916561,0.8262217102015496,0.00012355507958634735,1.8100073981692596e-06,1.8540697473914363e-05,3.030783129037939e-08,5.317923231274534e-10,0.0002001569002373922,0.0002492811398094998,0.09263081838260148,0.00015142036699425986,2.1333034802947716e-06,False,1e-24,False
UniGCN,random,3,22,restart,9415.457538785711,970.4165789981919,939.7167045944849,1301.7436944050462,1208.8874586997072,7.232958054072992,0.7454743842194793,0.7773401054265668,0.012785880566804093,0.014404965184279557,0.013410798698999615,0.015767244360526237,0.014637647246405856,0.8109140871066806,0.9136006809371722,0.9161854001019539,False,1e-24,False
UniGCN,random,3,23,base,12.903832442502397,0.0019248059574618784,2.042675458153741e-05,15.619253202192208,19.458903333871245,0.8261491298887007,0.00012323290573148057,1.0497382216798144e-06,1.7522978547165277e-05,2.857202092770913e-08,2.915124232947194e-10,0.00018918669091802577,0.00023561545018383037,0.09262268113118985,0.00015102553350377767,1.237238148293236e-06,False,1e-24,False
UniGCN,random,3,23,restart,9415.328989492871,970.4160576278623,939.7162272066028,1301.6221292393986,1208.7328513170094,7.2335348162793665,0.745543607340883,0.7774391389980906,0.012785706001107372,0.014404957445003861,0.01341079188614553,0.015765771914236903,0.014635775204212569,0.8109787500833718,0.9136855158988955,0.916302122642984,False,1e-24,False
UniGCN,random,3,24,base,12.19577170269515,0.0018186120281802399,1.1217500330743175e-05,14.76317329559667,18.39218325479505,0.8260941911677427,0.00012318571297423347,6.099058592088924e-07,1.656145543308133e-05,2.6995667135749956e-08,1.6008616012256128e-10,0.00017881750600286665,0.00022269921706733302,0.09261652174488906,0.00015096769739824682,7.188447369986008e-07,False,1e-24,False
UniGCN,random,3,24,restart,9415.21769909688,970.4157104411473,939.7159171047049,1301.516426438172,1208.598195016295,7.234036780360334,0.7456038899922763,0.7775255010140364,0.012785554872422918,0.014404952291327955,0.013410787460647815,0.015764491599299563,0.014634144736946839,0.8110350271613579,0.9137593940528972,0.9164039102872604,False,1e-24,False
UniGCN,random,3,25,base,11.52673177818653,0.0017200438709008199,6.170225613168124e-06,13.953994834056475,17.383953304564894,0.8260524613391783,0.0001232653366549081,3.549379997211491e-07,1.565292129823417e-05,2.5532511100890744e-08,8.805595688683345e-11,0.00016901641029622668,0.00021049120361783927,0.09261184325711373,0.00015106527854982354,4.183355663959473e-07,False,1e-24,False
UniGCN,random,3,25,restart,9415.121101371986,970.4154769260356,939.7157151083761,1301.4243904678253,1208.4808011349414,7.23447414258735,0.7456564392320929,0.7776008640152535,0.01278542369590086,0.014404948825005216,0.013410784577936367,0.015763376822526955,0.01463272328930771,0.8110840614829182,0.9138237946846229,0.9164927343180045,False,1e-24,False
UniGCN,random,3,26,base,10.89451106464594,0.0016274576365422119,3.3989729813480345e-06,13.189150470949972,16.431000282401076,0.8260206818203996,0.0001233936666449292,2.0686342419387625e-07,1.4794386436609999e-05,2.415815135545426e-08,4.8507110933893026e-11,0.00015975230706092504,0.00019895250323638766,0.09260828033593177,0.00015122255070933665,2.438125187912753e-07,False,1e-24,False
UniGCN,random,3,26,restart,9415.037094563068,970.4153181509573,939.7155832200816,1301.3441704808056,1208.3783802069845,7.234855550230428,0.7457022824272687,0.7776666635322593,0.012785309617427116,0.01440494646813135,0.013410782695744255,0.01576240516570743,0.014631483139611977,0.8111268225259644,0.9138799768623281,0.9165702866742944,False,1e-24,False
UniGCN,random,3,27,base,10.29704847204118,0.0015399669195165619,1.8748898225977208e-06,12.466214222072896,15.53029026319961,0.8259964323257855,0.00012353124148868465,1.2072471221226543e-07,1.3983051955974362e-05,2.28594300021946e-08,2.675675538247604e-11,0.00015099581179836357,0.00018804638005883757,0.09260556163403404,0.00015139115270773585,1.4228806411537492e-07,False,1e-24,False
UniGCN,random,3,27,restart,9414.963931768325,970.4152088776517,939.7154969318489,1301.2741932655763,1208.2889708670061,7.235188387269301,0.7457422992785044,0.7777241368491158,0.0127852102647667,0.014404944846066973,0.013410781464315557,0.015761557573468706,0.014630400538936687,0.8111641381361913,0.9139290186849741,0.9166380256387859,False,1e-24,False
UniGCN,random,3,28,base,9.732409068041578,0.0014570677571240501,1.0354529331212885e-06,11.782892807006888,14.678957345546639,0.8259779009662247,0.00012365959539728486,7.05399510841571e-08,1.3216290282087464e-05,2.1628866166091493e-08,1.477706076787326e-11,0.00014271914737169197,0.00017773813271275177,0.09260348401372867,0.00015154845418016791,8.313950721961807e-08,False,1e-24,False
UniGCN,random,3,28,restart,9414.90014390302,970.4151326375719,939.7154403771027,1301.2131130261957,1208.2108850013035,7.235478992374311,0.7457772465731642,0.7777743538340072,0.012785123642951026,0.014404943714351255,0.013410780657216658,0.015760817744987835,0.014629455046989641,0.8111967189657324,0.9139718476176296,0.9166972121751211,False,1e-24,False
UniGCN,random,3,29,base,9.1987728924948,0.0013784442314181433,5.724819075956922e-07,11.13701804882398,13.874293665609883,0.825963723158925,0.00012377139242974476,4.1262057831073534e-08,1.2491629969132864e-05,2.0461770328108073e-08,8.169951203430149e-12,0.00013489605194796488,0.00016799497340197687,0.0926018944865148,0.0001516854647162027,4.863211700912719e-08,False,1e-24,False
UniGCN,random,3,29,restart,9414.844484110736,970.4150786210703,939.7154032516831,1301.1597728042534,1208.1426644757137,7.235732829197377,0.7458077777255874,0.7778182419039746,0.012785048058790237,0.014404942912524655,0.013410780127395782,0.015760171666718184,0.014628629008154212,0.8112251775651204,0.9140092644386955,0.9167489393517612,False,1e-24,False
UniGCN,random,3,30,base,8.694425856212403,0.001303869499189373,3.1682887069498306e-07,10.526539962006469,13.113740310760141,0.8259528665253035,0.000123864964546322,2.4160068995343554e-08,1.1806743340568662e-05,1.9354775203919858e-08,4.521499071100723e-12,0.00012750169527624115,0.00015878591788548113,0.092600677308553,0.00015180014008430565,2.8475441218670903e-08,False,1e-24,False
UniGCN,random,3,30,restart,9414.795886583299,970.4150396928678,939.7153788461388,1301.1131741732877,1208.0830463316104,7.23595462213758,0.7458344584893304,0.777856606546727,0.01278498206495201,0.014404942334670347,0.01341077977910162,0.015759607245315985,0.014627907130069872,0.8112500436044762,0.9140419624957173,0.916794156529319,False,1e-24,False
UniGCN,random,3,31,base,8.217752068189967,0.0012331568062255002,1.755004630005561e-07,9.949520333742324,12.394878923032255,0.8259445473286464,0.0001239413323317137,1.4159110717446366e-08,1.115943606974569e-05,1.8305108594469718e-08,2.5045860836296777e-12,0.00012051260094164637,0.00015008168380901827,0.09259974461217728,0.00015189373104089978,1.6688152878247355e-08,False,1e-24,False
UniGCN,random,3,31,restart,9414.753435271234,970.4150111161831,939.7153627817773,1301.072452964002,1208.0309343330846,7.23614846646186,0.7458577797919396,0.7778901484013439,0.012784924417471392,0.01440494191047505,0.01341077954984538,0.015759114013614364,0.014627276139115143,0.8112717762195542,0.9140705434347746,0.9168336894921466,False,1e-24,False
UniGCN,random,3,32,base,7.767227183952622,0.0011661363244461858,9.729377986733253e-08,9.404126695120873,11.715423867473172,0.825938169036204,0.00012400261738830146,8.304759688418959e-09,1.0547638147180278e-05,1.7310249553972568e-08,1.3884900524660054e-12,0.00011390657334206483,0.00014185459587664895,0.09259902951786116,0.0001519688376718117,9.7881217304611e-09,False,1e-24,False
UniGCN,random,3,32,restart,9414.716339539918,970.4149897273074,939.7153521953552,1301.0368594946995,1207.9853753900331,7.236317918922324,0.7458781683588888,0.7779194776194545,0.012784874042692665,0.014404941592976344,0.013410779398765406,0.015758682891166418,0.014626724494929817,0.8112907741711884,0.9140955302204273,0.9168682573746497,False,1e-24,False
UniGCN,random,3,33,base,7.341412514412007,0.0011026450455990412,5.3977331542859654e-08,8.888626625815819,11.073214886998402,0.8259332766987717,0.00012405122771121435,4.8745853931035926e-09,9.969395880576461e-06,1.6367778370882644e-08,7.70316334796696e-13,0.00010766262870416448,0.00013407849691308223,0.09259848101954096,0.0001520284110455639,5.745263800921498e-09,False,1e-24,False
UniGCN,random,3,33,restart,9414.683914821018,970.4149733988166,939.7153452113234,1301.0057422452262,1207.945539805013,7.236466073219258,0.7458959956042249,0.7779451260385569,0.012784830010994624,0.01440494135059452,0.013410779299095532,0.015758305986497412,0.014626242151236708,0.8113073843057353,0.914117378031463,0.9168984870089544,False,1e-24,False
UniGCN,random,3,34,base,6.938949723318492,0.0010425230533513098,2.996585501654742e-08,8.401382359676106,10.466210191226464,0.8259295228155771,0.00012408946631867158,2.8631046452389204e-09,9.4228646941411e-06,1.547532123043254e-08,4.2764595702674253e-13,0.00010176092974413887,0.00012672866418077936,0.09259806015760022,0.00015207527357840274,3.3745006292870133e-09,False,1e-24,False
UniGCN,random,3,34,restart,9414.655566945048,970.4149606889608,939.715340599202,1300.9785342189357,1207.9107045759965,7.236595623460685,0.7459115851373871,0.7779675575679769,0.01278479151551472,0.01440494116192809,0.013410779233275449,0.015757976431915403,0.01462582035366538,0.8113219086697612,0.9141364834607224,0.9169249251659632,False,1e-24,False
UniGCN,random,3,35,base,6.558555996383968,0.0009856127344812548,1.6645742047288833e-08,7.940845670432398,9.89247994136472,0.8259266416427962,0.00012411936654948058,1.6826662420295457e-09,8.906302568412098e-06,1.46305385054757e-08,2.3755318459300526e-13,9.618272372132265e-05,0.00011978173049259173,0.09259773713850099,0.0001521119171865609,1.9832171702319614e-09,False,1e-24,False
UniGCN,random,3,35,restart,9414.630779252859,970.4149506117616,939.7153375505792,1300.9547414430663,1207.880239181758,7.236708917951909,0.7459252191473948,0.7779871770956043,0.01278475785464688,0.014404941012341091,0.013410779189768223,0.015757688244223186,0.01462545146763643,0.8113346105405916,0.9141531923391101,0.916948049052977,False,1e-24,False
UniGCN,random,3,36,base,6.1990196001138695,0.0009317592006358947,9.251577614335366e-09,7.505553022373808,9.350200101692442,0.8259244297701709,0.00012414264450045866,9.894523661221727e-10,8.418064009298858e-06,1.3831131017102318e-08,1.320302644695062e-13,9.091028370123313e-05,0.0001132156097632906,0.09259748915715542,0.00015214044499692512,1.166184280997585e-09,False,1e-24,False
UniGCN,random,3,36,restart,9414.60910185387,970.4149424857303,939.7153355336559,1300.9339331988922,1207.8535934124793,7.236808005079936,0.745937143863684,0.778004338157187,0.012784728417454547,0.014404940891717432,0.013410779160984493,0.015757436206381932,0.014625128831010081,0.8113457195705857,0.9141678064280075,0.9169682753528456,False,1e-24,False
UniGCN,random,3,37,base,5.859195771172668,0.0008808110856277165,5.144484988237155e-09,7.094120973447842,8.83764663329583,0.8259227313859883,0.00012416070841256462,5.821102836195454e-10,7.956594465976312e-06,1.3074851869795164e-08,7.34175015192965e-14,8.592685287606398e-05,0.00010700942670520735,0.0925972987449273,0.00015216258285001536,6.860844299404495e-10,False,1e-24,False
UniGCN,random,3,37,restart,9414.590142578469,970.4149358339675,939.7153341981832,1300.9157336713074,1207.8302869049123,7.236894672654627,0.7459475742486138,0.7780193495612875,0.01278470267138433,0.014404940792977971,0.013410779141925818,0.01575721576636758,0.014624846627374122,0.8113554361978198,0.9141805891700788,0.916985968032248,False,1e-24,False
UniGCN,random,3,38,base,5.538002892311388,0.0008326213418620089,2.8619429967979634e-09,6.705241819385531,8.353190008957798,0.8259214270692613,0.00012417469261955872,3.4261677200313556e-10,7.520425137920701e-06,1.2359518273680188e-08,4.0843097957518676e-14,8.121659180457281e-05,0.0001011434504125323,0.09259715251308134,0.00015217972090506143,4.0381357162458407e-10,False,1e-24,False
UniGCN,random,3,38,restart,9414.573559292901,970.4149303179663,939.7153333132298,1300.8998147773698,1207.8099001117996,7.236970481776932,0.7459566980444523,0.7780324811265797,0.012784680151829885,0.014404940711097871,0.013410779129296552,0.01575702295030729,0.014624599776698385,0.8113639354431837,0.9141917706489697,0.9170014451037606,False,1e-24,False
UniGCN,random,3,39,base,5.234418921261224,0.0007870478885558395,1.592775222960306e-09,6.337679467962129,7.895290030311787,0.8259204252474358,0.00012418549920905253,2.0173739240044192e-10,7.108168125464979e-06,1.1683021166756807e-08,2.2730667427150315e-14,7.676452843946378e-05,9.559903160553562e-05,0.09259704019507466,0.00015219296469683906,2.3777089626746916e-10,False,1e-24,False
UniGCN,random,3,39,restart,9414.5590533282,970.4149256935737,939.7153327263812,1300.8858899839743,1207.792066487481,7.237036796089916,0.7459646792736974,0.7780439686603303,0.012784660453208611,0.014404940642452903,0.013410779120921573,0.015756854287596586,0.014624383840715243,0.8113713701898218,0.9142015518790526,0.9170149844935745,False,1e-24,False
UniGCN,random,3,40,base,4.94747804622835,0.0007439540738213364,8.867591887952147e-10,5.9902655327685554,7.4624909299814295,0.825919655675388,0.00012419383911308835,1.188288464422189e-10,6.718511888071152e-06,1.1043332074110476e-08,1.2655036264948197e-14,7.255651081357262e-05,9.035854332550022e-05,0.09259695391546265,0.00015220318549337796,1.400535665937058e-10,False,1e-24,False
UniGCN,random,3,40,restart,9414.546363832545,970.4149217815748,939.7153323369448,1300.873708962261,1207.7764657112195,7.237094807106803,0.7459716612734826,0.7780540182852276,0.012784643221292347,0.014404940584382783,0.013410779115363883,0.015756706746151417,0.014624194940865186,0.8113778740227555,0.914210108524181,0.9170268291411658,False,1e-24,False
UniGCN,random,3,41,base,4.676267546766794,0.0007032089609120875,4.938550222171039e-10,5.6618956360737585,7.0534167426925425,0.8259190644512747,0.0001242002689755913,7.00164246964063e-11,6.350216981499254e-06,1.0438507356984158e-08,7.047858420588124e-15,6.857916225864533e-05,8.540532488646907e-05,0.09259688763110727,0.00015221106547810362,8.252247070024e-11,False,1e-24,False
UniGCN,random,3,41,restart,9414.535262897853,970.4149184479433,939.7153320783412,1300.8630529545787,1207.7628178003679,7.237145556186823,0.7459777693308248,0.7780628102045676,0.012784628146589438,0.014404940534898008,0.013410779111673325,0.015756577676290923,0.014624029687016898,0.8113835636926787,0.9142175941272617,0.9170371914370026,False,1e-24,False
UniGCN,random,3,42,base,4.419924842533373,0.0006646874668043972,2.751200009447773e-10,5.351525910580277,6.6667669303969745,0.8259186102032928,0.00012420522256844009,4.1267379498505316e-11,6.002112050113965e-06,9.866690269893004e-09,3.926267281085689e-15,6.481983903319133e-05,8.072362890266002e-05,0.09259683670366031,0.00015221713625115167,4.8638389210922985e-11,False,1e-24,False
UniGCN,random,3,42,restart,9414.525551341452,970.4149155905066,939.7153319065087,1300.853730751532,1207.7508779895961,7.237189953633351,0.7459831129744897,0.7780705019819524,0.012784614958616389,0.014404940492481918,0.013410779109221083,0.015756464762009835,0.014623885115463106,0.8113885412571209,0.9142241429190033,0.9170462570880499,False,1e-24,False
UniGCN,random,3,43,base,4.177634715182775,0.0006282703848389882,1.533068046582452e-10,5.058169690139413,6.30131224736434,0.8259182611700066,0.00012420903673195509,2.4329345799737043e-11,5.6730900543098155e-06,9.326111296720134e-09,2.187857985716868e-15,6.126659023909173e-05,7.629857122149866e-05,0.09259679757222798,0.00015222181062019544,2.867495355011831e-11,False,1e-24,False
UniGCN,random,3,43,restart,9414.517055046112,970.41491312988,939.7153317922636,1300.8455751936224,1207.7404322717048,7.237228795312482,0.7459877879704823,0.7780772314003779,0.01278460342092775,0.01440494045595612,0.013410779107590679,0.01575636597860492,0.014623758634927113,0.8113928959436182,0.9142298722634483,0.9170541884875358,False,1e-24,False
UniGCN,random,3,44,base,3.9486266907345677,0.0005938443205471579,8.544883358847824e-11,4.780894379800005,5.9558908320210815,0.825917992963431,0.00012421197235735622,1.4346944226894417e-11,5.362104715851993e-06,8.815087198113397e-09,1.2194495433747809e-15,5.790811991036827e-05,7.211608360219014e-05,0.09259676750258168,0.00015222540831506226,1.690953643713601e-11,False,1e-24,False
UniGCN,random,3,44,restart,9414.509621778672,970.4149110032498,939.7153317162633,1300.8384401255164,1207.7312935112047,7.2372627771287865,0.745991878061057,0.7780831189562492,0.012784593326795914,0.0144049404243882,0.01341077910650607,0.015756279555783872,0.014623647979504637,0.8113967057726454,0.9142348847891814,0.9170611276544383,False,1e-24,False
UniGCN,random,3,45,base,3.7321725713365748,0.0005613015650473076,4.763720001250954e-11,4.51881849590772,5.6294045130704236,0.825917786854343,0.00012421423112161443,8.462209440075745e-12,5.068167166092471e-06,8.332019132170205e-09,6.79835632194525e-16,5.473375116167296e-05,6.816286898888145e-05,0.0925967443949179,0.00015222817649678395,9.973694509622504e-12,False,1e-24,False
UniGCN,random,3,45,restart,9414.503118420811,970.4149091600711,939.7153316656778,1300.8321977419214,1207.7232980547703,7.237292507644864,0.7459954564813105,0.7780882700360572,0.01278458449545059,0.014404940397027863,0.013410779105784159,0.01575620394551746,0.014623551167621929,0.8114000389724406,0.9142392702479569,0.9170671987989502,False,1e-24,False
UniGCN,random,3,46,base,3.527584106596174,0.0005305399253928484,2.6562724176829655e-11,4.271108867339501,5.320815318126565,0.8259176284573444,0.00012421596870307007,4.99222818095898e-12,4.790342783714774e-06,7.87539013610411e-09,3.7907950884648284e-16,5.1733392288511395e-05,6.442635923593958e-05,0.0925967266364356,0.00015223030595372394,5.883919460018427e-12,False,1e-24,False
UniGCN,random,3,46,restart,9414.497428555918,970.4149075590539,939.7153316319905,1300.8267362730041,1207.7163027734061,7.237318519089925,0.7459985872825674,0.7780927768168925,0.012784576768801868,0.014404940373262195,0.013410779105303404,0.01575613779400441,0.014623466466221263,0.811402955213219,0.9142431071365487,0.9170725105624549,False,1e-24,False
UniGCN,random,3,47,base,3.334210795648003,0.000501462526761401,1.4814162093544402e-11,4.036977989340223,5.029142173750518,0.825917506722132,0.0001242173051439789,2.94566380940005e-12,4.5277482100144665e-06,7.4437621899206006e-09,2.1141450903185386e-16,4.8897504715845726e-05,6.089467515079008e-05,0.09259671298824383,0.0001522319438011808,3.4718061720230854e-12,False,1e-24,False
UniGCN,random,3,47,restart,9414.492450364525,970.4149061660221,939.7153316095457,1300.8219579647098,1207.7101824801755,7.237341276968153,0.7460013264877164,0.778096719926406,0.012784570008582269,0.014404940352583885,0.013410779104983093,0.015756079917208208,0.014623392359493866,0.8114055066844027,0.9142464641126464,0.917077157973983,False,1e-24,False
UniGCN,random,3,48,base,3.151437811939289,0.0004739775976471372,8.26327594072519e-12,3.81568152181687,4.753457786389194,0.8259174131594464,0.0001242183329339941,1.7383715838154341e-12,4.279548530826126e-06,7.035773027789745e-09,1.1792610442438929e-16,4.621707269642526e-05,5.755658872719771e-05,0.09259670249857982,0.000152233203387932,2.0488723712123792e-12,False,1e-24,False
UniGCN,random,3,48,restart,9414.488094787592,970.4149049523734,939.7153315945848,1300.8177773155787,1207.7048276749897,7.237361188448483,0.746003723100219,0.7781001698930654,0.012784564093852556,0.014404940334568357,0.013410779104769583,0.015756029279500712,0.014623327521573,0.8114077390352299,0.914249401231427,0.9170812241595074,False,1e-24,False
UniGCN,random,3,49,base,2.9786840433900506,0.000447998246258904,4.609898978895891e-12,3.606515924333192,4.49288569429757,0.8259173412469484,0.00012421912329188848,1.0260441267728747e-12,4.044954615125589e-06,6.6501328188765785e-09,6.578836677738409e-17,4.368357466488847e-05,5.440148744887216e-05,0.09259669443619963,0.00015223417199466857,1.2093119115394334e-12,False,1e-24,False
UniGCN,random,3,49,restart,9414.48428392279,970.4149038939458,939.7153315846075,1300.8141195368835,1207.7001425744445,7.237378609692935,0.7460058199855898,0.7781031884134948,0.012784558918823937,0.014404940318856948,0.013410779104627197,0.0157559849750107,0.01462327079267851,0.8114096921963619,0.9142519710258332,0.9170847818356495,False,1e-24,False
UniGCN,random,3,50,base,2.815400241158376,0.00042344223404405893,2.5721038636458484e-12,3.408816220429639,4.2465974810692115,0.8259172859731141,0.0001242197310333994,6.056858167302077e-13,3.823220601114296e-06,6.2856208055052095e-09,3.670677234918238e-17,4.1288956158304736e-05,5.141934054988625e-05,0.09259668823924251,0.0001522349167996813,7.138709278772262e-13,False,1e-24,False
UniGCN,random,3,50,restart,9414.48094962363,970.4149029701757,939.7153315779511,1300.8109192073878,1207.6960433902493,7.23739385225954,0.7460076546416681,0.778105829460183,0.012784554390955731,0.014404940305144408,0.013410779104532202,0.015755946211329794,0.014623221158271424,0.8114114010977397,0.9142542194505651,0.9170878946152421,False,1e-24,False
UniGCN,random,3,51,base,2.6610672707349994,0.0004002317505314867,1.4352847467455246e-12,3.221953884265681,4.013810141915083,0.8259172434870172,0.00012422019833555252,3.5758660624159885e-13,3.613641521263452e-06,5.941081960905029e-09,2.0483103812286788e-17,3.9025604218334315e-05,4.860066712462573e-05,0.09259668347596665,0.00015223548949214977,4.2145725612700685e-13,False,1e-24,False
UniGCN,random,3,51,restart,9414.478032275414,970.414902163455,939.7153315735086,1300.8081190978228,1207.6924568245802,7.237407188698084,0.7460092598718462,0.7781081402498187,0.012784550429293147,0.014404940293169362,0.013410779104468803,0.015755912295274017,0.014623177730835137,0.8114128962959429,0.9142561867071399,0.9170906181486248,False,1e-24,False
UniGCN,random,3,52,base,2.5151944595243343,0.00037829319240024724,8.010048956798376e-13,3.0453348429421903,3.793783594316806,0.8259172108293775,0.00012422055764310197,2.1113615886782928e-13,3.4155510583836137e-06,5.615423709682605e-09,1.1431227475636952e-17,3.688632319455172e-05,4.593650598587731e-05,0.09259667981459604,0.00015223592983407,2.4884843177126616e-13,False,1e-24,False
UniGCN,random,3,52,restart,9414.475479725394,970.4149014586337,939.7153315705424,1300.8056691434595,1207.689318754799,7.237418857441278,0.7460106643735817,0.7781101620899041,0.01278454696301447,0.01440494028270692,0.013410779104426472,0.01575588262043919,0.01462313973394952,0.8114142045225584,0.9142579079651323,0.9170930011214764,False,1e-24,False
UniGCN,random,3,53,base,2.377318035453664,0.00035755694873179763,4.470698037809371e-13,2.8783975882085238,3.5858183251397953,0.825917185725991,0.0001242208339100007,1.246772042650844e-13,3.228319425307503e-06,5.307612740083218e-09,6.380181509590876e-18,3.486431187268076e-05,4.341838717522208e-05,0.09259667700016112,0.00015223626840724186,1.4694653405347826e-13,False,1e-24,False
UniGCN,random,3,53,restart,9414.473246347547,970.4149008426268,939.7153315685613,1300.8035255459622,1207.6865730835445,7.2374290670808135,0.746011893252928,0.7781119311190307,0.012784543930161069,0.01440494027356285,0.0134107791043982,0.015755856656322217,0.014623106488367404,0.8114153491635838,0.9142594139927456,0.9170950861273146,False,1e-24,False
UniGCN,random,3,54,base,2.246999651497953,0.00033795719371144733,2.4954825131811405e-13,2.7206113915916132,3.389253166725725,0.825917166429055,0.00012422104632655215,7.362927436878272e-14,3.0513513612434036e-06,5.0166719268295726e-09,3.5613300771946646e-18,3.295314185551857e-05,4.103830503515766e-05,0.09259667483670916,0.00015223652872994395,8.67806327318748e-14,False,1e-24,False
UniGCN,random,3,54,restart,9414.471292224911,970.4149003040995,939.7153315672373,1300.8016499881448,1207.6841707332871,7.237438000106097,0.7460129684744355,0.7781134789542342,0.012784541276527029,0.014404940265568895,0.013410779104379303,0.015755833938809895,0.014623077399840282,0.8114163506785917,0.9142607317081791,0.9170969104304805,False,1e-24,False
UniGCN,random,3,55,base,2.1238249913216545,0.00031943168754401154,1.3930576733047067e-13,2.5714746173020675,3.203463194893891,0.8259171515952676,0.00012422120964940807,4.34859896478645e-14,2.884084238282755e-06,4.741677375892942e-09,1.988047668137178e-18,3.1146737128174265e-05,3.878869275733717e-05,0.09259667317363755,0.00015223672888688502,5.125327838642162e-14,False,1e-24,False
UniGCN,random,3,55,restart,9414.469582434567,970.4148998332117,939.7153315663526,1300.8000089473549,1207.6820687671045,7.2374458161735635,0.7460139092545822,0.7781148332571394,0.012784538954688176,0.014404940258578986,0.013410779104366678,0.01575581406186234,0.014623051948472346,0.8114172269672647,0.9142618846617894,0.9170985066334042,False,1e-24,False
UniGCN,random,3,56,base,2.0074024515263984,0.000301921585989898,7.777065010530744e-14,2.430513127575133,3.027857742168716,0.8259171401921772,0.00012422133522525683,2.568504095228856e-14,2.7259862719360113e-06,4.4817555972269215e-09,1.1098733566758097e-18,2.9439354742915856e-05,3.666239832600829e-05,0.09259667189519427,0.0001522368827837638,3.02727973987579e-14,False,1e-24,False
UniGCN,random,3,56,restart,9414.468086422365,970.414899421403,939.7153315657611,1300.7985730950404,1207.6802296197752,7.237452654965754,0.7460147324058461,0.7781160182291135,0.012784536923152982,0.014404940252466055,0.013410779104358237,0.015755796670240314,0.014623029679410286,0.8114179936899367,0.9142628934577604,0.9170999032602019,False,1e-24,False
UniGCN,random,3,57,base,1.8973618962584167,0.00028537125867353873,4.342016176278218e-14,2.2972787753923747,2.8618785199169396,0.825917131426223,0.00012422143177847337,1.5171909450594834e-14,2.5765548299306266e-06,4.236080807718785e-09,6.196538233615322e-19,2.7825566562407638e-05,3.4652661780170065e-05,0.09259667091241024,0.00015223700111255718,1.7881853558393257e-14,False,1e-24,False
UniGCN,random,3,57,restart,9414.466777456035,970.4148990612186,939.7153315653653,1300.7973167716343,1207.678620425294,7.2374586386918445,0.7460154526376402,0.77811705504436,0.01278453514561991,0.014404940247119441,0.013410779104352588,0.015755781453144796,0.014623010194700607,0.8114186645479375,0.9142637761229081,0.9171011252671264,False,1e-24,False
UniGCN,random,3,58,base,1.7933534801751534,0.0002697281161381726,2.4243399175530595e-14,2.171347979803451,2.7049978434243602,0.8259171246874425,0.000124221506017008,8.962446766626604e-15,2.4353148338385644e-06,4.003872363972596e-09,3.459801709737981e-19,2.6300242003433276e-05,3.27530937221592e-05,0.09259667015690025,0.0001522370920940546,1.0563282171409788e-14,False,1e-24,False
UniGCN,random,3,58,restart,9414.465632146881,970.414898746158,939.7153315651009,1300.7962175272824,1207.677212428686,7.2374638742747015,0.7460160828195251,0.7781179622287454,0.012784533590327883,0.014404940242442647,0.013410779104348815,0.0157557681386541,0.014622993146167659,0.8114192515287911,0.9142645484292561,0.917102194489058,False,1e-24,False
UniGCN,random,3,59,base,1.6950465359991413,0.0002549424454986274,1.3536908820910487e-14,2.052320379326889,2.556716954269212,0.8259171195069823,0.0001242215630983708,5.29464507140946e-15,2.3018172484111786e-06,3.784392322721909e-09,1.9318668947391211e-19,2.485853172634313e-05,3.095765500433921e-05,0.0925966695760994,0.00015223716204893574,6.240352812473488e-15,False,1e-24,False
UniGCN,random,3,59,restart,9414.464630031378,970.4148984705489,939.7153315649238,1300.7952557201288,1207.6759804715236,7.237468455263907,0.746016634211447,0.7781187559911743,0.012784532229488105,0.014404940238351477,0.013410779104346288,0.015755756488858148,0.014622978229184083,0.8114197651206926,0.9142652241761978,0.9171031300300695,False,1e-24,False
UniGCN,random,3,60,base,1.6021285231007354,0.0002409672544616893,7.559049534377579e-15,1.939817559154718,2.4165644346586577,0.8259171155244457,0.00012422160698797447,3.1280148900500158e-15,2.1756376537892696e-06,3.576943125451832e-09,1.0787601323427556e-19,2.3495852218443775e-05,2.92606375293123e-05,0.09259666912960227,0.00015223721583692987,3.686728053215146e-15,False,1e-24,False
UniGCN,random,3,60,restart,9414.463753205178,970.4148982294382,939.7153315648052,1300.7944141649346,1207.6749025418908,7.23747246350911,0.7460171166651353,0.7781194505134706,0.012784531038787067,0.014404940234772404,0.013410779104344595,0.015755746295602405,0.01462296517722163,0.8114202145001131,0.9142658154373161,0.9171039486050838,False,1e-24,False
UniGCN,random,3,61,base,1.5143040337512634,0.00022775812343056627,4.2211867324844765e-15,1.833481848118835,2.2840947086871917,0.8259171124627984,0.0001242216407346752,1.848078679237714e-15,2.0563748960276615e-06,3.380865403022207e-09,6.024101227897815e-20,2.220787122236961e-05,2.765664610261322e-05,0.09259666878634949,0.00015223725719449953,2.1781748971103946e-15,False,1e-24,False
UniGCN,random,3,61,restart,9414.462986002954,970.414898018499,939.7153315647257,1300.7936778257022,1207.673959380708,7.23747597062386,0.7460175388002833,0.7781200582039619,0.01278452999695177,0.0144049402316412,0.01341077910434346,0.015755737376764802,0.014622953757084388,0.811420607695917,0.9142663327762977,0.917104664838753,False,1e-24,False
UniGCN,random,3,62,base,1.4312938538758184,0.00021527306537768586,2.35732684355651e-15,1.7329751815975594,2.158886625752133,0.8259171101090823,0.0001242216666826321,1.0919178503573538e-15,1.9436498116284975e-06,3.195535895604768e-09,3.3641666272524886e-20,2.0990493963148732e-05,2.6140581280190923e-05,0.09259666852246555,0.0001522372889944803,1.2869517288821046e-15,False,1e-24,False
UniGCN,random,3,62,restart,9414.462314718327,970.41489783395,939.7153315646726,1300.793033546793,1207.6731341373472,7.237479039266137,0.7460179081586708,0.7781205899193249,0.012784529085369402,0.014404940228901736,0.013410779104342704,0.015755729572998946,0.014622943764738845,0.8114209517329253,0.9142667854358141,0.9171052915269287,False,1e-24,False
UniGCN,random,3,63,base,1.3528340753113113,0.00020347239315259339,1.3165011788127393e-15,1.6379780267496113,2.040542121622565,0.8259171082995924,0.00012422168663419873,6.451722632247871e-16,1.8371040220169751e-06,3.020365482987705e-09,1.8787930670735636e-20,1.9839850130203627e-05,2.4707623156146272e-05,0.09259666831959684,0.00015223731344570927,7.604102811508985e-16,False,1e-24,False
UniGCN,random,3,63,restart,9414.461727358816,970.4148976724855,939.7153315646369,1300.792469817703,1207.6724120683548,7.237481724258587,0.7460182313389947,0.7781210551586638,0.012784528287754572,0.01440494022650494,0.013410779104342194,0.01575572274488497,0.014622935021665928,0.8114212527575111,0.9142671815027619,0.9171058398654062,False,1e-24,False
UniGCN,random,3,64,base,1.2786752567414208,0.00019231859388468234,7.352540416524889e-16,1.5481883666602705,1.9286849529049699,0.8259171069084833,0.0001242217019751603,3.812203960761218e-16,1.7363987941187037e-06,2.85479732019666e-09,1.049288992844118e-20,1.8752281572919944e-05,2.3353216039183547e-05,0.09259666816363438,0.00015223733224650678,4.493124163642183e-16,False,1e-24,False
UniGCN,random,3,64,restart,9414.461213431505,970.4148975312155,939.715331564613,1300.7919765672839,1207.6717802738854,7.237484073568576,0.7460185141148282,0.7781214622333039,0.012784527589858248,0.014404940224407914,0.013410779104341854,0.01575571677043706,0.014622927371669637,0.8114215161474756,0.914267528052824,0.9171063196500454,False,1e-24,False
UniGCN,random,3,65,base,1.208581630636491,0.00018177621014075956,4.1064538841169273e-16,1.46332074017131,1.8229595008821364,0.8259171058390131,0.00012422171377102133,2.2526303421056804e-16,1.6412139634102602e-06,2.698305073385195e-09,5.860364739433026e-21,1.7724330670679628e-05,2.207305396905865e-05,0.09259666804373205,0.00015223734670267978,2.654985915246667e-16,False,1e-24,False
UniGCN,random,3,65,restart,9414.460763755482,970.4148974076124,939.7153315645972,1300.7915449837135,1207.671227467116,7.237486129165573,0.7460187615378162,0.7781218184153395,0.01278452697921305,0.014404940222573137,0.013410779104341628,0.015755711542922886,0.01462292067808503,0.8114217466081736,0.9142678312769388,0.9171067394518522,False,1e-24,False
UniGCN,random,3,66,base,1.142330353673873,0.00017181172750271208,2.2935521074591617e-16,1.3831053343429922,1.7230296409224852,0.8259171050168114,0.0001242217228410349,1.331115874612132e-16,1.551246916014756e-06,2.5503912510259222e-09,3.2731530117977716e-21,1.675272934039477e-05,2.0863067026977667e-05,0.09259666795155193,0.00015223735781824693,1.5688743210982904e-16,False,1e-24,False
UniGCN,random,3,66,restart,9414.460370297771,970.4148972994659,939.7153315645866,1300.7911673569956,1207.6707437725124,7.237487927771284,0.7460189780279622,0.778122130067597,0.012784526444910465,0.014404940220967798,0.013410779104341476,0.015755706968955858,0.014622914821335561,0.8114219482566135,0.9142680965919503,0.9171071067701551,False,1e-24,False
UniGCN,random,3,67,base,1.0797107982533278,0.00016239346823917819,1.2810358673769084e-16,1.3072871266635107,1.6285776738654039,0.825917104384705,0.00012422172981511924,7.865979547272006e-17,1.4662116266031362e-06,2.4105856255616675e-09,1.8281801376515523e-21,1.58343886466026e-05,1.9719408396423425e-05,0.0925966678806841,0.00015223736636519144,9.270968483938573e-17,False,1e-24,False
UniGCN,random,3,67,restart,9414.460026029778,970.4148972048416,939.7153315645794,1300.7908369411646,1207.6703205493345,7.237489501515914,0.746019167452618,0.7781224027573435,0.012784525977405894,0.014404940219563185,0.013410779104341373,0.015755702966826123,0.014622909696796018,0.8114221246950335,0.9142683287374112,0.9171074281666232,False,1e-24,False
UniGCN,random,3,68,base,1.020523882853374,0.00015349149075593904,7.155236176726808e-17,1.2356250742792365,1.5393033159852467,0.8259171038987412,0.0001242217351776173,4.648360139565493e-17,1.3858377490402042e-06,2.2784437408365724e-09,1.0211314914455127e-21,1.4966388981095403e-05,1.863844213327375e-05,0.09259666782620088,0.00015223737293708982,5.4786311224078466e-17,False,1e-24,False
UniGCN,random,3,68,restart,9414.459724801693,970.4148971220491,939.7153315645745,1300.7905478337284,1207.6699502372219,7.23749087851235,0.7460193331955937,0.7781226413557668,0.012784525568348097,0.014404940218334205,0.013410779104341304,0.015755699465040313,0.01462290521292282,0.8114222790752745,0.9142685318602798,0.9171077093825163,False,1e-24,False
UniGCN,random,3,69,base,0.9645814390984212,0.0001450774945219015,3.996646574551918e-17,1.167891347668491,1.4549227443228496,0.8259171035251305,0.00012422173930094237,2.746981989350945e-17,1.3098697568826792e-06,2.1535455008074355e-09,5.703657540651182e-22,1.4145970780868349e-05,1.7616731606329608e-05,0.09259666778431398,0.00015223737799034538,3.2376366218816e-17,False,1e-24,False
UniGCN,random,3,69,restart,9414.459461232604,970.4148970496082,939.7153315645714,1300.7902948701924,1207.6696262210921,7.237492083358513,0.7460194782176224,0.778122850125018,0.012784525210429974,0.014404940217258884,0.013410779104341259,0.015755696401043996,0.014622901289618153,0.811422414155102,0.9142687095890214,0.9171079554412731,False,1e-24,False
UniGCN,random,3,70,base,0.9117056135235627,0.000137124730180426,2.2324193226818805e-17,1.1038706063227703,1.3751676943494744,0.8259171032378962,0.00012422174247144586,1.6233797026026928e-17,1.2380661309955303e-06,2.035493835226866e-09,3.1859097536382637e-22,1.3370525754878517e-05,1.6651028571503328e-05,0.09259666775211108,0.0001522373818758902,1.9133411128070785e-17,False,1e-24,False
UniGCN,random,3,70,restart,9414.459230614359,970.4148969862243,939.7153315645692,1300.7900735317753,1207.6693427129405,7.237493137576888,0.7460196051092631,0.7781230327943639,0.01278452489725801,0.014404940216318008,0.013410779104341228,0.015755693720103867,0.014622897856798758,0.8114225323474826,0.9142688650984417,0.9171081707382667,False,1e-24,False
UniGCN,random,3,71,base,0.8617283021344698,0.00012960791456895907,1.2469909495509917e-17,1.043359314132839,1.299784607094447,0.8259171030170684,0.00012422174490930702,9.593827644555117e-18,1.1701985917029756e-06,1.923913438185822e-09,1.779594267308386e-22,1.2637588591725278e-05,1.5738262844931073e-05,0.09259666772735324,0.00015223738486356043,1.1307437706706948e-17,False,1e-24,False
UniGCN,random,3,71,restart,9414.459028827448,970.4148969307647,939.7153315645678,1300.7898798646686,1207.6690946484198,7.237494059999075,0.7460197161371863,0.7781231926268184,0.012784524623238045,0.014404940215494759,0.013410779104341207,0.015755691374329802,0.014622894853143683,0.8114226357636977,0.9142690011664119,0.9171083591193373,False,1e-24,False
UniGCN,random,3,72,base,0.8144906159642502,0.00012250315038314378,6.965585784590743e-18,0.9861650923032695,1.228533823025023,0.8259171028472936,0.00012422174678382463,5.669836396884344e-18,1.1060513730323367e-06,1.8184495755992613e-09,9.940662789225465e-23,1.1944829121890378e-05,1.4875532542178272e-05,0.09259666770831915,0.00015223738716083662,6.682559270425839e-18,False,1e-24,False
UniGCN,random,3,72,restart,9414.458852267395,970.4148968822393,939.7153315645668,1300.7897104093934,1207.668877596358,7.237494867102241,0.7460198132846729,0.7781233324774393,0.01278452438347532,0.014404940214774443,0.013410779104341193,0.015755689321819203,0.014622892224998697,0.8114227262510644,0.9142691202235006,0.9171085239495013,False,1e-24,False
UniGCN,random,3,73,base,0.7698423759278272,0.00011578785023461643,3.890972693111413e-18,0.9321061077383076,1.161188820115645,0.8259171027167688,0.00012422174822517557,3.3508527000147173e-18,1.045420536742959e-06,1.7187669579121371e-09,5.552849201838889e-23,1.1290044909620973e-05,1.4060094852506186e-05,0.09259666769368552,0.00015223738892725442,3.949368236907096e-18,False,1e-24,False
UniGCN,random,3,73,restart,9414.458697780361,970.4148968397802,939.7153315645661,1300.789562138991,1207.6686876795877,7.237495573303511,0.7460198982870453,0.778123454844336,0.012784524173687027,0.014404940214144176,0.013410779104341183,0.01575568752590832,0.014622889925417649,0.8114228054259405,0.9142692243963962,0.9171086681730701,False,1e-24,False
UniGCN,random,3,74,base,0.7276416353676175,0.0001094406648644026,2.173523545242888e-18,0.8810104949546688,1.097535493684247,0.8259171026164194,0.00012422174933345568,1.9803674302566063e-18,9.881133239589995e-07,1.624548674491539e-09,3.101858952839075e-23,1.0671154250904418e-05,1.3289357318869008e-05,0.09259666768243496,0.00015223739028548413,2.3340925211145265e-18,False,1e-24,False
UniGCN,random,3,74,restart,9414.458562606813,970.4148968026294,939.7153315645656,1300.7894324049448,1207.6685215056773,7.23749619121754,0.746019972662672,0.7781235619132995,0.01278452399012581,0.014404940213592706,0.013410779104341177,0.01575568595451726,0.014622887913323748,0.8114228747026024,0.9142693155459041,0.9171087943662518,False,1e-24,False
UniGCN,random,3,75,base,0.6877542287723954,0.00010344141528612237,1.214159192952048e-18,0.8327158096834486,1.0373714757060415,0.8259171025392693,0.00012422175018563048,1.1704189110517846e-18,9.339475423445422e-07,1.5354951863533366e-09,1.7327397124696498e-23,1.0086189555274329e-05,1.2560869595918653e-05,0.09259666767378538,0.0001522373913298493,1.379474326389521e-18,False,1e-24,False
UniGCN,random,3,75,restart,9414.458444332216,970.4148967701235,939.7153315645655,1300.789318889862,1207.668376106326,7.237496731881868,0.7460200377400921,0.7781236555968498,0.012784523829512812,0.014404940213110184,0.013410779104341176,0.015755684579576816,0.014622886152775733,0.8114229353185105,0.9142693953001875,0.9171089047831729,False,1e-24,False
UniGCN,random,3,76,base,0.6500533452344923,9.777102864504475e-05,6.782527570438065e-19,0.7870685124240653,0.9805054914407426,0.8259171024799549,0.00012422175084088056,6.917378464114365e-19,8.827509868725511e-07,1.451323374047274e-09,9.679418432474426e-24,9.533291090407768e-06,1.1872315659814101e-05,0.09259666766713542,0.00015223739213287744,8.152932174165243e-19,False,1e-24,False
UniGCN,random,3,76,restart,9414.458340843901,970.4148967416809,939.715331564565,1300.7892195660736,1207.6682488843337,7.2374972049541135,0.7460200946817491,0.778123737568402,0.012784523688979095,0.014404940212687978,0.013410779104341167,0.015755683376527056,0.014622884612325767,0.8114229883564164,0.9142694650838551,0.9171090013961468,False,1e-24,False
UniGCN,random,3,77,base,0.6144191252891623,9.241147759035769e-05,3.7888876872872584e-19,0.7439234803083625,0.926756751327795,0.825917102434353,0.00012422175134471137,4.0883302785318733e-19,8.343608923460372e-07,1.3717656376926073e-09,5.407162586223737e-24,9.010701069626484e-06,1.1221506445068575e-05,0.09259666766202282,0.00015223739275033686,4.818571029382582e-19,False,1e-24,False
UniGCN,random,3,77,restart,9414.458250293323,970.4148967167944,939.7153315645648,1300.789132659413,1207.668137567205,7.237497618884489,0.7460201445047581,0.7781238092921625,0.0127845235660144,0.014404940212318562,0.013410779104341165,0.01575568232387855,0.014622883264457648,0.811423034763705,0.9142695261434111,0.9171090859309106,False,1e-24,False
UniGCN,random,3,78,base,0.5807382798543067,8.734572296884034e-05,2.1165851550027587e-19,0.7031435457230018,0.8759543762163166,0.8259171023992934,0.00012422175173211296,2.416318945908284e-19,7.886234159307816e-07,1.2965690463169805e-09,3.0206015604758126e-24,8.516758063505351e-06,1.0606372885025472e-05,0.09259666765809216,0.00015223739322510883,2.847911904681784e-19,False,1e-24,False
UniGCN,random,3,78,restart,9414.458171063043,970.4148966950191,939.715331564565,1300.7890566175197,1207.6680401665515,7.237497981066767,0.7460201880990741,0.7781238720492821,0.012784523458422294,0.014404940211995327,0.013410779104341167,0.015755681402828483,0.014622882085095256,0.8114230753693202,0.9142695795695216,0.917109159897449,False,1e-24,False
UniGCN,random,3,79,base,0.548903730059033,8.255765965842705e-05,1.1823968467464852e-19,0.6645990602233308,0.8279368541024231,0.8259171023723392,0.00012422175202999008,1.428124428678002e-19,7.453931480544059e-07,1.2254945338041865e-09,1.687411324766406e-24,8.049891717821352e-06,1.0024959333837117e-05,0.09259666765507021,0.00015223739359016597,1.6832101443752576e-19,False,1e-24,False
UniGCN,random,3,79,restart,9414.458101737828,970.4148966759661,939.715331564565,1300.788990082108,1207.6679549425721,7.237498297970351,0.7460202262433908,0.778123926960744,0.01278452336428094,0.014404940211712503,0.013410779104341167,0.015755680596924757,0.014622881053172443,0.811423110898571,0.9142696263164983,0.9171092246169704,False,1e-24,False
UniGCN,random,3,80,base,0.5188142668159499,7.803206536995041e-05,6.605321580460195e-20,0.6281674823523345,0.7825515266467923,0.8259171023516158,0.00012422175225903018,8.440749721317114e-20,7.045326501167859e-07,1.1583161389018854e-09,9.426525848120967e-25,7.6086177610505635e-06,9.475417349033413e-06,0.09259666765274684,0.0001522373938708613,9.948401744101082e-20,False,1e-24,False
UniGCN,random,3,80,restart,9414.458041079386,970.414896659295,939.7153315645645,1300.7889318647049,1207.6678803729742,7.237498575255854,0.7460202596190508,0.7781239750073873,0.012784523281908778,0.014404940211465034,0.01341077910434116,0.015755679891772102,0.01462288015025674,0.8114231419860899,0.9142696672193468,0.9171092812455077,False,1e-24,False
UniGCN,random,3,81,base,0.4903742290548701,7.375455225465094e-05,3.6900102478809207e-20,0.5937329880542463,0.7396541038399862,0.8259171023356835,0.0001242217524351407,4.988832251080435e-20,6.659120175420399e-07,1.0948202868784189e-09,5.2660535233255575e-25,7.191533285540775e-06,8.955999814913779e-06,0.09259666765096061,0.00015223739408668993,5.879916963102634e-20,False,1e-24,False
UniGCN,random,3,81,restart,9414.457988004218,970.414896644708,939.7153315645648,1300.7888809254182,1207.6678151257797,7.237498817876199,0.7460202888222164,0.7781240170474301,0.012784523209834453,0.014404940211248505,0.013410779104341165,0.01575567927477493,0.014622879360220074,0.8114231691871678,0.914269703008681,0.9171093307945701,False,1e-24,False
UniGCN,random,3,82,base,0.4634931995949451,6.971152116386376e-05,2.0614073785175834e-20,0.5611861024442598,0.6991082052725502,0.8259171023234345,0.00012422175257055285,2.9486242086286704e-20,6.294084667829263e-07,1.034805110548813e-09,2.9418567590390432e-25,6.797312287357798e-06,8.46505538807933e-06,0.09259666764958734,0.00015223739425264147,3.4752953455943455e-20,False,1e-24,False
UniGCN,random,3,82,restart,9414.457941564293,970.4148966319448,939.7153315645648,1300.7888363543614,1207.6677580355329,7.237499030165111,0.7460203143745185,0.7781240538317956,0.012784523146770567,0.014404940211059045,0.013410779104341165,0.015755678734912324,0.014622878668950685,0.8114231929876748,0.9142697343237753,0.9171093741492079,False,1e-24,False
UniGCN,random,3,83,base,0.43808571768831783,6.589011841565376e-05,1.1516022213666322e-20,0.5304233517636446,0.6607849265514799,0.8259171023140169,0.00012422175267467152,1.7427791934913548e-20,5.949059449646113e-07,9.78079808514193e-10,1.6434639819171027e-25,6.42470145062554e-06,8.001023247446408e-06,0.0925966676485315,0.00015223739438024195,2.0540672500128377e-20,False,1e-24,False
UniGCN,random,3,83,restart,9414.457900930098,970.4148966207772,939.7153315645648,1300.7887973553998,1207.6677080824793,7.237499215914521,0.7460203367323756,0.7781240860175304,0.012784523091590672,0.014404940210893271,0.013410779104341165,0.01575567826254118,0.014622878064101019,0.8114232138127387,0.9142697617239837,0.9171094120838262,False,1e-24,False
UniGCN,random,3,84,base,0.41407100732140484,6.227819493108813e-05,6.4334418040213954e-21,0.5013469344137679,0.6245624294846035,0.8259171023067767,0.00012422175275472844,1.0300718551595154e-20,5.622947609267785e-07,9.244640385763357e-10,9.181234360699287e-26,6.07251616295746e-06,7.562428132050629e-06,0.09259666764771977,0.00015223739447835403,1.2140590562160757e-20,False,1e-24,False
UniGCN,random,3,84,restart,9414.457865375818,970.4148966110055,939.7153315645646,1300.7887632319296,1207.6676643743529,7.237499378442299,0.7460203562951453,0.7781241141795378,0.012784523043309133,0.014404940210748219,0.013410779104341162,0.015755677849223954,0.014622877534867192,0.8114232320343383,0.9142697856987306,0.9171094452760157,False,1e-24,False
UniGCN,random,3,85,base,0.3913727204100026,5.8864267610331496e-05,3.59406792723602e-21,0.4738644100231622,0.5903255547299782,0.8259171023012101,0.000124221752816284,6.088281116137669e-21,5.314712364910588e-07,8.737873444003887e-10,5.129133200148067e-26,5.739636749311558e-06,7.1478756508654705e-06,0.09259666764709566,0.00015223739455379217,7.175744865576986e-21,False,1e-24,False
UniGCN,random,3,85,restart,9414.457834266386,970.4148966024559,939.7153315645648,1300.7887333744352,1207.6676261304358,7.23749952065153,0.7460203734122591,0.7781241388208494,0.012784523001063551,0.014404940210621308,0.013410779104341165,0.015755677487577946,0.01462287707179599,0.8114232479779491,0.9142698066762547,0.9171094743186572,False,1e-24,False
UniGCN,random,3,86,base,0.36991869407177913,5.563748282584277e-05,2.007849033453772e-21,0.447888405559118,0.5579654556788342,0.8259171022969304,0.00012422175286361375,3.5985185337521925e-21,5.023373768450866e-07,8.258886136040657e-10,2.8654230656939535e-26,5.4250049122955185e-06,6.756047849724337e-06,0.09259666764661585,0.00015223739461179617,4.241271123932122e-21,False,1e-24,False
UniGCN,random,3,86,restart,9414.457807046123,970.4148965949747,939.715331564565,1300.7887072496003,1207.6675926676132,7.23749964508236,0.7460203883894634,0.7781241603816086,0.012784522964099331,0.014404940210510257,0.013410779104341167,0.015755677171143415,0.014622876666616014,0.8114232619283567,0.914269825031257,0.9171094997305105,False,1e-24,False
UniGCN,random,3,87,base,0.3496407212044574,5.2587581916663026e-05,1.1217021258657157e-21,0.423336337549466,0.5273792524080936,0.8259171022936405,0.00012422175290000535,2.1269363949071825e-21,4.748005589952439e-07,7.806155655512473e-10,1.600793232330216e-26,5.127620367604966e-06,6.385699021252308e-06,0.09259666764624701,0.00015223739465639516,2.5068410318159374e-21,False,1e-24,False
UniGCN,random,3,87,restart,9414.457783228821,970.4148965884286,939.7153315645648,1300.7886843907816,1207.667563388171,7.237499753957376,0.7460204014942812,0.7781241792469337,0.012784522931756222,0.014404940210413086,0.013410779104341165,0.015755676894268187,0.01462287631208992,0.8114232741347436,0.9142698410915948,0.9171095219654825,False,1e-24,False
UniGCN,random,3,88,base,0.3304743336403092,4.970486857413185e-05,6.266508604929458e-22,0.40013014953143217,0.4984697046023063,0.8259171022911106,0.0001242217529279865,1.2571493406864238e-21,4.4877323729762176e-07,7.378242672221437e-10,8.943002187294636e-27,4.846537663898161e-06,6.035651744486459e-06,0.09259666764596337,0.00015223739469068687,1.481696188893607e-21,False,1e-24,False
UniGCN,random,3,88,restart,9414.457762389055,970.4148965827013,939.7153315645645,1300.7886643896754,1207.6675377691201,7.237499849221303,0.7460204129607909,0.7781241957537967,0.012784522903456507,0.014404940210328069,0.01341077910434116,0.015755676652006726,0.014622876001885174,0.8114232848151401,0.9142698551441382,0.9171095414207334,False,1e-24,False
UniGCN,random,3,89,base,0.3123585971875549,4.698017801537183e-05,3.5008642091745573e-22,0.378196063892855,0.4711449024051467,0.8259171022891655,0.00012422175294950075,7.43054671992205e-22,4.241726651310047e-07,6.973786756212747e-10,4.9961211663287916e-27,4.58086317699679e-06,5.7047931415938036e-06,0.0925966676457453,0.0001522373947170532,8.757760434645623e-22,False,1e-24,False
UniGCN,random,3,89,restart,9414.457744154588,970.4148965776897,939.7153315645646,1300.7886468890217,1207.667515352853,7.237499932575743,0.7460204229938069,0.7781242101970436,0.012784522878694703,0.014404940210253675,0.013410779104341162,0.015755676440031754,0.01462287573046089,0.8114232941603194,0.9142698674398929,0.9171095584437737,False,1e-24,False
UniGCN,random,3,90,base,0.29523591790705894,4.440484784655746e-05,1.9558082305151634e-22,0.35746434731681714,0.4453179742176215,0.8259171022876702,0.00012422175296604302,4.39193642239867e-22,4.0092063182701865e-07,6.59150205268786e-10,2.7911550731243038e-27,4.329752268856796e-06,5.392071339786147e-06,0.09259666764557767,0.00015223739473732624,5.176406054811215e-22,False,1e-24,False
UniGCN,random,3,90,restart,9414.457728199712,970.4148965733048,939.7153315645648,1300.7886315762241,1207.6674957389705,7.237500005509572,0.746020431772539,0.7781242228346587,0.012784522857028508,0.014404940210188587,0.013410779104341165,0.01575567625455698,0.014622875492968897,0.8114233023372048,0.914269878198486,0.9171095733386677,False,1e-24,False
UniGCN,random,3,91,base,0.2790518590084326,4.1970690523350325e-05,1.0926440587111363e-22,0.33786908908398666,0.42090681051401285,0.8259171022865207,0.000124221752978762,2.5959286745130013e-22,3.7894321402108095e-07,6.230173194002695e-10,1.5593241505008959e-27,4.0924066022769705e-06,5.096492127183488e-06,0.09259666764544879,0.00015223739475291376,3.0596027847935414e-22,False,1e-24,False
UniGCN,random,3,91,restart,9414.457714239445,970.4148965694682,939.7153315645646,1300.7886181777662,1207.6674785771302,7.237500069325532,0.7460204394537922,0.7781242338923742,0.012784522838070926,0.014404940210131636,0.013410779104341162,0.015755676092269456,0.014622875285167118,0.8114233094918517,0.9142698876120867,0.9171095863714669,False,1e-24,False
UniGCN,random,3,92,base,0.26375496778341223,3.966996732095824e-05,6.104251629313539e-23,0.3193479915278406,0.39783380279750835,0.8259171022856369,0.00012422175298854144,1.5343722897323821e-22,3.581705406336411e-07,5.888651435755983e-10,8.711443502974707e-28,3.868071602808147e-06,4.817115791994219e-06,0.0925966676453497,0.00015223739476489872,1.8084355616804243e-22,False,1e-24,False
UniGCN,random,3,92,restart,9414.45770202443,970.414896566111,939.715331564565,1300.7886064543245,1207.6674635607878,7.237500125163501,0.7460204461747688,0.7781242435677033,0.01278452282148334,0.0144049402100818,0.013410779104341167,0.015755675950270404,0.014622875103343804,0.8114233157520561,0.9142698958488403,0.9171095977749635,False,1e-24,False
UniGCN,random,3,93,base,0.24929661202629946,3.74953637310699e-05,3.4102604906799353e-23,0.30184217197658575,0.3760255968655979,0.8259171022849574,0.00012422175299606068,9.069224327031275e-23,3.3853657073453735e-07,5.565851004684523e-10,4.86681962000409e-28,3.6560340597939166e-06,4.553054134963184e-06,0.09259666764527352,0.00015223739477411376,1.068913190078607e-22,False,1e-24,False
UniGCN,random,3,93,restart,9414.457691336482,970.4148965631734,939.7153315645646,1300.7885961964962,1207.6674504217233,7.237500174020853,0.7460204520555185,0.7781242520334647,0.012784522806969458,0.014404940210038197,0.013410779104341162,0.01575567582602345,0.014622874944251253,0.8114233212296372,0.9142699030558713,0.9171096077528444,False,1e-24,False
UniGCN,random,3,94,base,0.2356308254214027,3.543996620745272e-05,1.905215465511622e-23,0.28529597555210146,0.35541285960081487,0.8259171022844352,0.00012422175300184207,5.360569866975217e-23,3.199788835842456e-07,5.260745646755399e-10,2.7189535911488315e-28,3.4556198589159575e-06,4.303467645589497e-06,0.09259666764521497,0.00015223739478119905,6.318052824064822e-23,False,1e-24,False
UniGCN,random,3,94,restart,9414.457681984692,970.4148965606034,939.7153315645648,1300.7885872210566,1207.6674389252462,7.237500216770271,0.7460204572010829,0.7781242594408746,0.012784522794270036,0.014404940210000047,0.013410779104341165,0.01575567571730931,0.014622874805047743,0.811423326022435,0.9142699093619111,0.9171096164833354,False,1e-24,False
UniGCN,random,3,95,base,0.22271416140593545,3.349724018628707e-05,1.0643934295383257e-23,0.2696567982307551,0.33593005854539804,0.8259171022840331,0.00012422175300628717,3.168497139396301e-23,3.0243848018451876e-07,4.972365364481417e-10,1.5190073721458554e-28,3.266191839035309e-06,4.0675628331366976e-06,0.0925966676451699,0.00015223739478664662,3.7344410755530334e-23,False,1e-24,False
UniGCN,random,3,95,restart,9414.457673802022,970.4148965583546,939.7153315645647,1300.7885793676865,1207.6674288660079,7.23750025417535,0.7460204617033718,0.7781242659222427,0.012784522783158241,0.014404940209966664,0.013410779104341164,0.015755675622186126,0.014622874683246842,0.811423330216059,0.9142699148795979,0.917109624122379,False,1e-24,False
UniGCN,random,3,96,base,0.2105055550437682,3.166100931136162e-05,5.9465075470984646e-24,0.2548749196035584,0.31751525355909166,0.8259171022837244,0.00012422175300970487,1.872825787247346e-23,2.858595957075009e-07,4.699793333087365e-10,8.486325217623199e-29,3.087147766515969e-06,3.844589703949934e-06,0.09259666764513529,0.00015223739479083511,2.207342231839289e-23,False,1e-24,False
UniGCN,random,3,96,restart,9414.457666642316,970.4148965563868,939.7153315645647,1300.78857249611,1207.6674200643308,7.237500286904212,0.7460204656428043,0.7781242715933393,0.012784522773435596,0.014404940209937454,0.013410779104341164,0.015755675538954822,0.014622874576672948,0.8114233338854145,0.9142699197074878,0.9171096308064235,False,1e-24,False
UniGCN,random,3,97,base,0.19896619247089817,2.9925435798084105e-05,3.322182781405883e-24,0.24090334480397424,0.3001098998977189,0.8259171022834871,0.00012422175301233268,1.1069887339731621e-23,2.701895222069843e-07,4.442162985723246e-10,4.741122968750769e-29,2.9179184205907732e-06,3.6338393770599935e-06,0.09259666764510868,0.00015223739479405557,1.3047145117863295e-23,False,1e-24,False
UniGCN,random,3,97,restart,9414.457660377682,970.4148965546649,939.7153315645647,1300.7885664835874,1207.6674123630005,7.237500315541456,0.7460204690897466,0.7781242765554605,0.012784522764928431,0.014404940209911895,0.013410779104341164,0.015755675466128723,0.01462287448342245,0.8114233370960435,0.9142699239318165,0.9171096366548583,False,1e-24,False
UniGCN,random,3,98,base,0.18805938749757747,2.8285001873882174e-05,1.8560394322757667e-24,0.22769765510082596,0.283658662086472,0.8259171022833046,0.00012422175301435317,6.54321436413587e-24,2.553784410481723e-07,4.198655258457965e-10,2.6487739423975666e-29,2.757965783682485e-06,3.434641830493681e-06,0.09259666764508823,0.00015223739479653176,7.711936420505433e-24,False,1e-24,False
UniGCN,random,3,98,restart,9414.457654896225,970.4148965531584,939.7153315645646,1300.7885612227237,1207.667405624456,7.2375003405986,0.7460204721057676,0.7781242808972395,0.012784522757484791,0.014404940209889533,0.013410779104341162,0.01575567540240702,0.014622874401829713,0.811423339905294,0.9142699276280385,0.9171096417721482,False,1e-24,False
UniGCN,random,3,99,base,0.17775046497478886,2.6734492235990207e-05,1.0369398065052323e-24,0.2152158666813118,0.2681092379961802,0.8259171022831643,0.00012422175301590664,3.867601930672772e-24,2.4137926452320324e-07,3.9684959862948576e-10,1.4798280098705073e-29,2.6067813309267417e-06,3.2463637711255463e-06,0.09259666764507249,0.0001522373947984356,4.5584170912474065e-24,False,1e-24,False
UniGCN,random,3,99,restart,9414.457650100036,970.4148965518405,939.7153315645648,1300.7885566195496,1207.6673997283342,7.237500362523212,0.7460204747447392,0.7781242846962289,0.012784522750971725,0.014404940209869968,0.013410779104341165,0.01575567534665152,0.014622874330437335,0.8114233423633446,0.9142699308621755,0.9171096462496973,False,1e-24,False
UniGCN,random,3,100,base,0.16800665055426514,2.526897747085248e-05,5.793261334666138e-25,0.20341829717516408,0.2534121925632551,0.8259171022830565,0.000124221753017101,2.2861020521812745e-24,2.281474861488953e-07,3.750953441930558e-10,8.26762589087228e-30,2.4638844134588673e-06,3.0684066212987505e-06,0.0925966676450604,0.0001522373947998993,2.694436204603443e-24,False,1e-24,False
UniGCN,random,3,100,restart,9414.457645903443,970.414896550687,939.7153315645647,1300.7885525918437,1207.6673945693192,7.237500381706907,0.7460204770537983,0.7781242880202854,0.012784522745272892,0.014404940209852845,0.013410779104341164,0.015755675297866322,0.014622874267970112,0.8114233445141007,0.9142699336919949,0.9171096501674832,False,1e-24,False
UniGCN,random,3,101,base,0.15879696649157632,2.3883798382429925e-05,3.236653734304884e-25,0.19226743949560415,0.23952080062467387,0.8259171022829735,0.00012422175301801937,1.3513038224085932e-24,2.15641039170778e-07,3.545336009432466e-10,4.6190635408422566e-30,2.3288207303246627e-06,2.900204615814113e-06,0.0925966676450511,0.0001522373948010248,1.5926681571554027e-24,False,1e-24,False
UniGCN,random,3,101,restart,9414.457642231491,970.4148965496779,939.715331564565,1300.7885490676638,1207.6673900552614,7.237500398492341,0.7460204790741891,0.7781242909287835,0.012784522740286502,0.014404940209837867,0.013410779104341167,0.015755675255180037,0.014622874213312265,0.8114233463959787,0.9142699361680431,0.9171096535954854,False,1e-24,False
UniGCN,random,3,102,base,0.15009213316101744,2.2574551179586782e-05,1.808319885544175e-25,0.18172784259600527,0.22639089836833473,0.8259171022829098,0.00012422175301872543,7.98759976031397e-25,2.0382016282356062e-07,3.350989985438929e-10,2.5806728612849307e-30,2.2011608841570405e-06,2.741223003237204e-06,0.09259666764504396,0.0001522373948018901,9.414311999561237e-25,False,1e-24,True
UniGCN,random,3,102,restart,9414.45763901859,970.4148965487949,939.7153315645648,1300.7885459840609,1207.6673861055308,7.237500413179338,0.7460204808419999,0.7781242934736741,0.012784522735923488,0.01440494020982476,0.013410779104341165,0.015755675217830195,0.014622874165487496,0.8114233480425931,0.914269938334547,0.9171096565949337,False,1e-24,False
UniGCN,random,3,103,base,0.1418644759691926,2.1337073475465525e-05,1.0103228628799255e-25,0.17176599876316254,0.21398074292651617,0.8259171022828605,0.00012422175301926832,4.7215597490793075e-25,1.926472759228518e-07,3.167297500891814e-10,1.4418426818246846e-30,2.080499016026678e-06,2.590956345805093e-06,0.09259666764503843,0.00015223739480255542,5.56490534531433e-25,False,1e-24,True
UniGCN,random,3,103,restart,9414.457636207351,970.414896548022,939.7153315645647,1300.788543285956,1207.6673826495773,7.237500426030232,0.7460204823888067,0.778124295700414,0.012784522732105919,0.014404940209813286,0.013410779104341164,0.01575567518514966,0.01462287412364156,0.8114233494833551,0.9142699402302039,0.9171096592194048,False,1e-24,False
UniGCN,random,3,104,base,0.13408783737135227,2.0167431054338557e-05,5.644845903392563e-26,0.16235023708885002,0.20225087966605346,0.8259171022828228,0.00012422175301968577,2.791011793230788e-25,1.820868573862494e-07,2.993674556694137e-10,8.055820624146279e-31,1.966451515126575e-06,2.4489269125277318e-06,0.0925966676450342,0.000152237394803067,3.2895308483629785e-25,False,1e-24,True
UniGCN,random,3,104,restart,9414.45763374756,970.4148965473463,939.7153315645648,1300.7885409251562,1207.6673796256719,7.237500437274563,0.746020483742239,0.778124297648777,0.012784522728765601,0.014404940209803256,0.013410779104341165,0.015755675156554703,0.014622874087027017,0.8114233507439993,0.9142699418888748,0.9171096615157763,False,1e-24,False
UniGCN,random,3,105,base,0.12673749371076393,1.9061905363866152e-05,3.153959408906337e-26,0.1534506227809883,0.19116401675332015,0.8259171022827938,0.00012422175302000674,1.6498708608829014e-25,1.7210533330395095e-07,2.8295691670477456e-10,4.501049574926002e-31,1.8586557991883273e-06,2.3146831603753135e-06,0.09259666764503095,0.00015223739480346038,1.944564012897636e-25,False,1e-24,True
UniGCN,random,3,105,restart,9414.457631595282,970.4148965467546,939.7153315645647,1300.7885388594927,1207.6673769798015,7.237500447113182,0.7460204849264711,0.7781242993535642,0.01278452272584288,0.014404940209794471,0.013410779104341164,0.015755675131534554,0.014622874054989861,0.8114233518470437,0.914269943340186,0.9171096635250656,False,1e-24,False
UniGCN,random,3,106,base,0.11979007661673087,1.8016981692995725e-05,1.7622713642158434e-26,0.1450388619943094,0.18068490659522848,0.8259171022827719,0.00012422175302025345,9.753284861605486e-26,1.6267097019985736e-07,2.67445960456833e-10,2.5149565185934027e-31,1.7567691617527786e-06,2.187798298722963e-06,0.0925966676450285,0.00015223739480376273,1.1495376516479626e-25,False,1e-24,True
UniGCN,random,3,106,restart,9414.45762971207,970.4148965462372,939.7153315645647,1300.7885370520696,1207.6673746647061,7.237500455721817,0.7460204859626559,0.7781243008452265,0.01278452272328554,0.014404940209786792,0.013410779104341164,0.015755675109642316,0.014622874026957847,0.8114233528121902,0.9142699446100607,0.9171096652831626,False,1e-24,False
UniGCN,random,3,107,base,0.11322349871136506,1.7029337997917526e-05,9.847111199756834e-27,0.1370882118779552,0.17078023377932305,0.8259171022827545,0.0001242217530204431,5.765954865995186e-26,1.5375377414382266e-07,2.5278527415985954e-10,1.4052918865967185e-31,1.6604676826302712e-06,2.0678689324887957e-06,0.09259666764502654,0.00015223739480399516,6.795846025431462e-26,False,1e-24,True
UniGCN,random,3,107,restart,9414.45762806429,970.4148965457842,939.7153315645648,1300.7885354706023,1207.6673726390331,7.237500463254241,0.7460204868693014,0.7781243021504085,0.01278452272104791,0.014404940209780068,0.013410779104341165,0.015755675090486945,0.014622874002430265,0.8114233536566785,0.9142699457211814,0.9171096668214708,False,1e-24,False
UniGCN,random,3,108,base,0.10701688338892049,1.6095834340551872e-05,5.502622000353539e-27,0.12957339555403072,0.16141850915670478,0.8259171022827414,0.0001242217530205889,3.4089163808418053e-26,1.4532539539430658e-07,2.3892824824462635e-10,7.852851354310275e-32,1.5694451980866123e-06,1.954513779651597e-06,0.09259666764502508,0.00015223739480417384,4.0178030137552117e-26,False,1e-24,True
UniGCN,random,3,108,restart,9414.457626622509,970.4148965453878,939.7153315645647,1300.7885340868427,1207.6673708666008,7.2375004698449965,0.7460204876626022,0.778124303292422,0.012784522719090018,0.014404940209774184,0.013410779104341164,0.015755675073726293,0.014622873980969012,0.8114233543955929,0.9142699466933947,0.9171096681674661,False,1e-24,False
UniGCN,random,3,109,base,0.10115049844443871,1.5213502905990843e-05,3.075108578195416e-27,0.12247052175681002,0.1525699697310513,0.8259171022827312,0.000124221753020701,2.0155398756493062e-26,1.3735903826826562e-07,2.2583082815626783e-10,4.388520701836598e-32,1.4834123274807414e-06,1.8473724590708162e-06,0.09259666764502393,0.00015223739480431123,2.3755473241405347e-26,False,1e-24,True
UniGCN,random,3,109,restart,9414.457625360972,970.4148965450412,939.7153315645647,1300.7885328760744,1207.66736931575,7.237500475611806,0.7460204883567284,0.7781243042916662,0.012784522717376894,0.014404940209769039,0.013410779104341164,0.01575567505906098,0.014622873962190749,0.8114233550421315,0.9142699475440667,0.9171096693451912,False,1e-24,False
UniGCN,random,3,110,base,0.09560569334069847,1.4379538567157472e-05,1.7186806465655495e-27,0.11575700887711038,0.14420648403545883,0.8259171022827233,0.00012422175302078715,1.1918192569919008e-26,1.2982937595174141e-07,2.1345137429509485e-10,2.4527477341060304e-32,1.4020955532595734e-06,1.746104344755095e-06,0.09259666764502304,0.00015223739480441678,1.4046971141636142e-26,False,1e-24,True
UniGCN,random,3,110,restart,9414.457624257144,970.4148965447378,939.7153315645648,1300.7885318166714,1207.6673679587798,7.237500480657671,0.7460204889640777,0.7781243051659895,0.012784522715877931,0.014404940209764535,0.013410779104341165,0.015755675046229062,0.014622873945760062,0.8114233556078424,0.914269948288391,0.9171096703756825,False,1e-24,False
UniGCN,random,3,111,base,0.09036483991402655,1.359128996668563e-05,9.606889917914724e-28,0.10941151317035445,0.13630146269627724,0.8259171022827176,0.0001242217530208535,7.048266194561618e-27,1.2271246998030892e-07,2.0175052963508714e-10,1.3710096477235637e-32,1.3252363513851072e-06,1.6503874829367823e-06,0.09259666764502242,0.0001522373948044981,8.307198533061583e-27,False,1e-24,True
UniGCN,random,3,111,restart,9414.457623291317,970.4148965444725,939.7153315645648,1300.7885308897098,1207.6673667714513,7.237500485072728,0.746020489495499,0.778124305931009,0.012784522714566371,0.014404940209760598,0.013410779104341165,0.01575567503500133,0.014622873931383458,0.811423356102831,0.9142699489396634,0.9171096712773467,False,1e-24,False
UniGCN,random,3,112,base,0.0854112763304604,1.284625108766772e-05,5.370860697727993e-28,0.10341386090007854,0.12882977389960157,0.8259171022827129,0.00012422175302090444,4.168959189444485e-27,1.1598569413339506e-07,1.906910945991904e-10,7.664813374652174e-33,1.2525903694292458e-06,1.559917568509596e-06,0.09259666764502188,0.00015223739480456052,4.9136015449684455e-27,False,1e-24,True
UniGCN,random,3,112,restart,9414.45762244623,970.41489654424,939.7153315645647,1300.788530078633,1207.6673657325578,7.237500488935834,0.7460204899604844,0.7781243066003889,0.012784522713418772,0.014404940209757147,0.013410779104341164,0.01575567502517724,0.01462287391880416,0.8114233565359383,0.9142699495095167,0.9171096720662884,False,1e-24,False
UniGCN,random,3,113,base,0.08072925411408735,1.2142053286471943e-05,3.003294437250134e-28,0.09774498420115524,0.1217676634916682,0.8259171022827093,0.00012422175302094363,2.466413784358793e-27,1.0962766250051173e-07,1.8023790879362277e-10,4.286033964796592e-33,1.183926649723295e-06,1.4744069775752764e-06,0.09259666764502147,0.00015223739480460855,2.906954477280861e-27,False,1e-24,True
UniGCN,random,3,113,restart,9414.457621706793,970.4148965440368,939.7153315645647,1300.788529368953,1207.6673648235421,7.237500492315991,0.7460204903673395,0.7781243071860859,0.012784522712414639,0.014404940209754129,0.013410779104341164,0.01575567501658131,0.014622873907797469,0.8114233569149004,0.9142699500081295,0.9171096727566003,False,1e-24,False
UniGCN,random,3,114,base,0.07630388807915106,1.1476457762299563e-05,1.67981048784481e-28,0.09238686045882688,0.11509267945913866,0.8259171022827065,0.00012422175302097377,1.4595285258270427e-27,1.0361816149070908e-07,1.7035773922519528e-10,2.397275710308502e-33,1.1190268950923798e-06,1.3935838530235063e-06,0.09259666764502117,0.0001522373948046455,1.7202235122826626e-27,False,1e-24,True
UniGCN,random,3,114,restart,9414.457621059795,970.4148965438591,939.7153315645648,1300.788528747994,1207.667364028167,7.2375004952735775,0.7460204907233317,0.7781243076985621,0.012784522711536038,0.014404940209751492,0.013410779104341165,0.015755675009060003,0.014622873898166779,0.8114233572464865,0.9142699504444083,0.9171096733606128,False,1e-24,False
UniGCN,random,3,115,base,0.0721211090067488,1.0847348439541276e-05,9.399073089436748e-29,0.0873224550108206,0.10878360054917535,0.8259171022827047,0.00012422175302099697,8.640156275382631e-28,9.793808556909219e-08,1.610191746462654e-10,1.3413518834276174e-33,1.0576847748403658e-06,1.3171912402379337e-06,0.09259666764502096,0.00015223739480467392,1.018342547727025e-27,False,1e-24,True
UniGCN,random,3,115,restart,9414.457620493684,970.4148965437033,939.7153315645648,1300.7885282046648,1207.6673633322262,7.237500497861419,0.7460204910348188,0.7781243081469708,0.012784522710767276,0.01440494020974918,0.013410779104341165,0.015755675002478983,0.014622873889740075,0.8114233575366191,0.9142699508261449,0.9171096738891144,False,1e-24,False
UniGCN,random,3,116,base,0.06816761891566786,1.0252725240304165e-05,5.261756580036888e-29,0.08253566699038373,0.10282036880237826,0.8259171022827029,0.00012422175302101473,5.117426285593311e-28,9.256937651609342e-08,1.5219252569142365e-10,7.509109708596905e-34,9.997052687788726e-07,1.2449862701805289e-06,0.09259666764502075,0.0001522373948046957,6.031479935524148e-28,False,1e-24,True
UniGCN,random,3,116,restart,9414.457619998344,970.4148965435674,939.7153315645648,1300.78852772926,1207.667362723289,7.237500500125739,0.7460204913073656,0.7781243085393212,0.012784522710094622,0.01440494020974716,0.013410779104341165,0.01575567499672069,0.014622873882366843,0.8114233577904806,0.914269951160159,0.9171096743515449,False,1e-24,False
UniGCN,random,3,117,base,0.06443084878515792,9.690697725721075e-06,2.9478406798515903e-29,0.07801127813806186,0.09718402578408887,0.8259171022827018,0.00012422175302102844,3.0332563979194775e-28,8.749496601639265e-08,1.4384973048842488e-10,4.206895308014285e-34,9.449040472148965e-07,1.1767393872571149e-06,0.09259666764502063,0.0001522373948047125,3.5750441886883895e-28,False,1e-24,True
UniGCN,random,3,117,restart,9414.457619564932,970.4148965434482,939.7153315645647,1300.7885273132883,1207.6673621904781,7.237500502106987,0.7460204915458397,0.7781243088826217,0.012784522709506061,0.014404940209745393,0.013410779104341164,0.015755674991682272,0.014622873875915376,0.8114233580126057,0.914269951452416,0.9171096747561643,False,1e-24,False
UniGCN,random,3,118,base,0.060898918595229536,9.159479085826667e-06,1.6532088842721758e-29,0.07373490441948086,0.09185665231132677,0.8259171022827008,0.00012422175302103899,1.7997704495794258e-28,8.269872139496154e-08,1.3596426544328003e-10,2.3593122742177143e-34,8.931068849258825e-07,1.1122336195092815e-06,0.09259666764502052,0.00015223739480472542,2.1212380500228404e-28,False,1e-24,True
UniGCN,random,3,118,restart,9414.4576191857,970.4148965433442,939.7153315645648,1300.7885269493192,1207.667361724277,7.237500503840546,0.746020491754501,0.7781243091830047,0.012784522708991077,0.014404940209743849,0.013410779104341165,0.015755674987273732,0.014622873870270444,0.8114233582069615,0.9142699517081365,0.9171096751102004,False,1e-24,False
UniGCN,random,3,119,base,0.05756059955743924,8.657380458892791e-06,9.285703743284928e-30,0.0696929502953155,0.08682131148373769,0.8259171022827003,0.00012422175302104706,1.0695189446688114e-28,7.816539432771633e-08,1.285110609158762e-10,1.3251728214566444e-34,8.441491072591509e-07,1.0512638888124698e-06,0.09259666764502048,0.00015223739480473532,1.260552022721515e-28,False,1e-24,True
UniGCN,random,3,119,restart,9414.457618853881,970.4148965432529,939.7153315645647,1300.7885266308522,1207.6673613163584,7.237500505357384,0.7460204919370762,0.7781243094458347,0.01278452270854048,0.014404940209742494,0.013410779104341164,0.01575567498341633,0.014622873865331218,0.81142335837702,0.9142699519318878,0.917109675419976,False,1e-24,False
UniGCN,random,3,120,base,0.05440527841608359,8.18280556216295e-06,5.225601319595673e-30,0.06587256549805826,0.08206199483743545,0.8259171022826993,0.00012422175302105332,6.367870205870052e-29,7.388057236371773e-08,1.2146642151803762e-10,7.457512145489173e-35,7.978750665946979e-07,9.936363588871845e-07,0.09259666764502036,0.000152237394804743,7.505273009374532e-29,False,1e-24,True
UniGCN,random,3,120,restart,9414.457618563541,970.414896543173,939.7153315645648,1300.7885263521982,1207.6673609594357,7.2375005066845945,0.7460204920968267,0.7781243096758073,0.012784522708146208,0.014404940209741307,0.013410779104341165,0.01575567498004116,0.014622873861009468,0.8114233585258185,0.9142699521276667,0.9171096756910253,False,1e-24,False
UniGCN,random,3,121,base,0.051422923706308486,7.734245616915803e-06,2.949049574637443e-30,0.06226160417817236,0.07756357145054929,0.8259171022826988,0.00012422175302105807,3.802106477932894e-29,6.983063310479692e-08,1.1480795078063736e-10,4.2086205348344615e-35,7.541376475069326e-07,9.391678190505259e-07,0.0925966676450203,0.0001522373948047488,4.4812231099328625e-29,False,1e-24,True
UniGCN,random,3,121,restart,9414.4576183095,970.4148965431033,939.7153315645647,1300.7885261083802,1207.6673606471336,7.2375005078458825,0.7460204922366062,0.7781243098770296,0.012784522707801227,0.014404940209740272,0.013410779104341164,0.01575567497708794,0.014622873857228002,0.8114233586560149,0.9142699522989705,0.9171096759281893,False,1e-24,False
UniGCN,random,3,122,base,0.04860405386186014,7.310274551723433e-06,1.6711486065369277e-30,0.05884858628974572,0.0733117398386714,0.8259171022826988,0.00012422175302106173,2.279510226076246e-29,6.600270089693414e-08,1.0851447995026176e-10,2.384914245836636e-35,7.127977990521526e-07,8.876851017488439e-07,0.0925966676450203,0.0001522373948047533,2.686666973612686e-29,False,1e-24,True
UniGCN,random,3,122,restart,9414.457618087219,970.4148965430421,939.7153315645647,1300.788525895044,1207.6673603738748,7.2375005088619915,0.7460204923589107,0.7781243100530958,0.012784522707499376,0.014404940209739365,0.013410779104341164,0.015755674974503923,0.014622873853919284,0.8114233587699347,0.9142699524488582,0.9171096761357036,False,1e-24,False
UniGCN,random,3,123,base,0.045939707071085745,6.909544468654368e-06,9.5348450687819e-31,0.05562266109288206,0.06929298248727017,0.8259171022826984,0.0001242217530210645,1.3760188588409434e-29,6.238460589570252e-08,1.0256600068905358e-10,1.3607280494046636e-35,6.737240926947924e-07,8.390245320197275e-07,0.09259666764502025,0.00015223739480475668,1.6217976918136992e-29,False,1e-24,True
UniGCN,random,3,123,restart,9414.457617892724,970.4148965429888,939.7153315645648,1300.7885257083772,1207.667360134777,7.2375005097510705,0.7460204924659255,0.7781243102071513,0.01278452270723526,0.014404940209738573,0.013410779104341165,0.01575567497224294,0.014622873851024202,0.8114233588696127,0.914269952580008,0.9171096763172759,False,1e-24,False
UniGCN,random,3,124,base,0.04342141278534898,6.530781358007493e-06,5.489040415175118e-31,0.05257357265679495,0.06549452287651707,0.8259171022826982,0.0001242217530210668,8.380915188166373e-30,5.896484537563669e-08,9.694360146377424e-11,7.833468927250014e-36,6.367923044669931e-07,7.930314071330415e-07,0.09259666764502024,0.0001522373948047595,9.877879812565666e-30,False,1e-24,True
UniGCN,random,3,124,restart,9414.457617722544,970.414896542942,939.7153315645648,1300.788525545047,1207.6673599255703,7.237500510529002,0.7460204925595618,0.7781243103419474,0.012784522707004161,0.014404940209737878,0.013410779104341165,0.01575567497026462,0.014622873848491051,0.8114233589568295,0.9142699526947621,0.9171096764761487,False,1e-24,False
UniGCN,random,3,125,base,0.041041164789279716,6.172781047952975e-06,3.2029347972608573e-31,0.049691627253932294,0.06190428486189992,0.8259171022826982,0.0001242217530210685,5.174011466906e-30,5.5732547160520815e-08,9.162940742185008e-11,4.5709428811976226e-36,6.018850200330946e-07,7.495595047566794e-07,0.09259666764502024,0.00015223739480476158,6.098172129351403e-30,False,1e-24,True
UniGCN,random,3,125,restart,9414.457617573642,970.4148965429008,939.7153315645647,1300.7885254021355,1207.6673597425176,7.23750051120968,0.7460204926414917,0.7781243104598918,0.012784522706801957,0.014404940209737267,0.013410779104341164,0.01575567496853362,0.014622873846274583,0.8114233590331428,0.9142699527951695,0.9171096766151599,False,1e-24,False
UniGCN,random,3,126,base,0.0387913957472417,5.834405376203311e-06,1.907113425169484e-31,0.04696766254146901,0.05851085428148465,0.825917102282698,0.00012422175302106972,3.259418185888591e-30,5.267743505833177e-08,8.660652356325702e-11,2.7216621898984295e-36,5.688912614034521e-07,7.0847061808338e-07,0.09259666764502021,0.00015223739480476307,3.8416020656739735e-30,False,1e-24,True
UniGCN,random,3,126,restart,9414.457617443353,970.4148965428651,939.715331564565,1300.7885252770902,1207.6673595823497,7.237500511805262,0.7460204927131796,0.7781243105630915,0.012784522706625029,0.014404940209736736,0.013410779104341167,0.015755674967019018,0.014622873844335213,0.8114233590999158,0.9142699528830251,0.9171096767367927,False,1e-24,False
UniGCN,random,3,127,base,0.03666495314509642,5.514578571543297e-06,1.1701677588965334e-31,0.044393018432189596,0.0553034426677659,0.8259171022826978,0.00012422175302107075,2.115904006060324e-30,4.978979619094858e-08,8.185898102757301e-11,1.6699590612676042e-36,5.377061341108236e-07,6.696341164406719e-07,0.09259666764502018,0.00015223739480476435,2.4938380830176213e-30,False,1e-24,True
UniGCN,random,3,127,restart,9414.457617329354,970.4148965428338,939.715331564565,1300.7885251676778,1207.6673594422048,7.237500512326387,0.7460204927759051,0.7781243106533897,0.01278452270647022,0.014404940209736273,0.013410779104341167,0.015755674965693772,0.014622873842638287,0.8114233591583411,0.9142699529598971,0.9171096768432195,False,1e-24,False
UniGCN,random,3,128,base,0.034655076550776216,5.212283833715006e-06,7.418631863847811e-32,0.04195950956215258,0.05227185294873913,0.825917102282698,0.0001242217530210715,1.4192402689690302e-30,4.706045011476126e-08,7.737168632543297e-11,1.0587209747535567e-36,5.082304937276234e-07,6.329265299870288e-07,0.09259666764502021,0.00015223739480476527,1.672739132573972e-30,False,1e-24,True
UniGCN,random,3,128,restart,9414.457617229604,970.4148965428064,939.7153315645645,1300.788525071943,1207.6673593195803,7.237500512782365,0.7460204928307893,0.7781243107323987,0.012784522706334765,0.014404940209735866,0.01341077910434116,0.015755674964534193,0.014622873841153506,0.8114233592094624,0.9142699530271593,0.9171096769363408,False,1e-24,False
UniGCN,random,3,129,base,0.03275537612137322,4.926560100784567e-06,4.980817795449496e-32,0.03965939926760543,0.04940644702914998,0.8259171022826979,0.00012422175302107205,1.0081311437980545e-30,4.4480719634006986e-08,7.313037335298318e-11,7.108178931435827e-37,4.803706306638254e-07,5.982311571738942e-07,0.0925966676450202,0.00015223739480476595,1.1881993851700402e-30,False,1e-24,True
UniGCN,random,3,129,restart,9414.457617142325,970.4148965427825,939.7153315645647,1300.7885249881772,1207.667359212286,7.2375005131813355,0.7460204928788118,0.7781243108015308,0.012784522706216241,0.01440494020973551,0.013410779104341164,0.015755674963519588,0.014622873839854347,0.8114233592541925,0.9142699530860122,0.917109677017821,False,1e-24,False
UniGCN,random,3,130,base,0.03095981228841336,4.6564989937133714e-06,3.5144530886164143e-32,0.03748537498841661,0.04669811514885435,0.8259171022826977,0.00012422175302107238,7.525899230437429e-31,4.20424032140427e-08,6.91215580367768e-11,5.015514003111273e-37,4.540379722434182e-07,5.654376937256063e-07,0.09259666764502017,0.00015223739480476635,8.870144418679637e-31,False,1e-24,True
UniGCN,random,3,130,restart,9414.457617065957,970.4148965427614,939.7153315645647,1300.788524914883,1207.6673591184049,7.237500513530431,0.7460204929208308,0.7781243108620203,0.012784522706112536,0.014404940209735198,0.013410779104341164,0.01575567496263182,0.0146228738387176,0.811423359293331,0.9142699531375078,0.9171096770891148,False,1e-24,False
UniGCN,random,3,131,base,0.02926267655673027,4.401241928419913e-06,2.6279612306031025e-32,0.03543052501982716,0.044138246920873134,0.8259171022826978,0.0001242217530210729,5.9539320519781e-31,3.973774890684966e-08,6.533249546491765e-11,3.7503918872658453e-37,4.291488011122476e-07,5.344418819576731e-07,0.09259666764502018,0.00015223739480476698,7.017398923767112e-31,False,1e-24,True
UniGCN,random,3,131,restart,9414.457616999138,970.4148965427431,939.7153315645647,1300.7885248507516,1207.6673590362605,7.237500513835885,0.7460204929575969,0.7781243109149476,0.012784522706021798,0.014404940209734925,0.013410779104341164,0.015755674961855034,0.014622873837722965,0.8114233593275765,0.9142699531825657,0.9171096771514958,False,1e-24,False
UniGCN,random,3,132,base,0.02765857335589472,4.159977386150761e-06,2.0783517408273976e-32,0.033488316538610244,0.04171870395706456,0.8259171022826978,0.00012422175302107314,4.981822405044905e-31,3.7559429705873616e-08,6.175113936816164e-11,2.9660382417038527e-37,4.056239890820039e-07,5.051451793184982e-07,0.09259666764502018,0.00015223739480476727,5.871655047179498e-31,False,1e-24,True
UniGCN,random,3,132,restart,9414.45761694067,970.4148965427271,939.715331564565,1300.788524794638,1207.6673589643851,7.237500514103149,0.7460204929897666,0.7781243109612584,0.012784522705942401,0.014404940209734688,0.013410779104341167,0.015755674961175366,0.014622873836852674,0.8114233593575405,0.9142699532219906,0.9171096772060785,False,1e-24,False
UniGCN,random,3,133,base,0.026142402886500948,3.931938333482727e-06,1.7318294951873397e-32,0.03165257483377895,0.039431793994385615,0.8259171022826975,0.00012422175302107325,4.391962220724529e-31,3.550052025184785e-08,5.836610382215904e-11,2.4715125981473205e-37,3.83388745564183e-07,4.774544451007806e-07,0.09259666764502016,0.0001522373948047674,5.1764364611280055e-31,False,1e-24,True
UniGCN,random,3,133,restart,9414.457616889513,970.4148965427128,939.7153315645645,1300.7885247455392,1207.6673589014956,7.237500514337004,0.7460204930179144,0.778124311001779,0.01278452270587293,0.014404940209734476,0.01341077910434116,0.01575567496058066,0.014622873836091184,0.8114233593837589,0.9142699532564866,0.9171096772538367,False,1e-24,False
UniGCN,random,3,134,base,0.024709344906774754,3.7163997837536915e-06,1.490509347409943e-32,0.029917463675812297,0.037270246439483824,0.8259171022826975,0.00012422175302107344,3.999193699537518e-31,3.3554474815542085e-08,5.516662704907863e-11,2.127122005957937e-37,3.623723797942381e-07,4.5128164432657475e-07,0.09259666764502016,0.00015223739480476763,4.713513241009694e-31,False,1e-24,True
UniGCN,random,3,134,restart,9414.457616844751,970.4148965427007,939.7153315645646,1300.7885247025788,1207.6673588464682,7.237500514541622,0.7460204930425436,0.7781243110372345,0.012784522705812146,0.014404940209734297,0.013410779104341162,0.015755674960060306,0.014622873835424892,0.8114233594066993,0.9142699532866704,0.9171096772956251,False,1e-24,False
UniGCN,random,3,135,base,0.02335484340795711,3.5126764921693953e-06,1.3461152229808335e-32,0.028277466761988827,0.03522718925387051,0.8259171022826977,0.00012422175302107365,3.8212393650819928e-31,3.171510648743925e-08,5.214253720353191e-11,1.9210555897104233e-37,3.4250807608998097e-07,4.265435678645944e-07,0.09259666764502017,0.0001522373948047679,4.5037734347462e-31,False,1e-24,True
UniGCN,random,3,135,restart,9414.457616805585,970.4148965426898,939.7153315645647,1300.788524664989,1207.66735879832,7.237500514720659,0.7460204930640935,0.7781243110682574,0.01278452270575896,0.014404940209734134,0.013410779104341164,0.015755674959605,0.014622873834841897,0.8114233594267719,0.9142699533130804,0.9171096773321892,False,1e-24,False
UniGCN,random,3,136,base,0.022074592129743092,3.320120777258459e-06,1.2049810336647508e-32,0.02672737017883828,0.033296127106188164,0.8259171022826974,0.00012422175302107368,3.618982561610904e-31,2.9976567508179636e-08,4.928422003402355e-11,1.719641462111058e-37,3.237326814297272e-07,4.0316156788995283e-07,0.09259666764502014,0.00015223739480476792,4.265390352337483e-31,False,1e-24,True
UniGCN,random,3,136,restart,9414.457616771315,970.4148965426803,939.7153315645646,1300.7885246320982,1207.667358756191,7.237500514877316,0.7460204930829495,0.7781243110954018,0.012784522705712422,0.014404940209733992,0.013410779104341162,0.015755674959206614,0.014622873834331784,0.8114233594443353,0.914269953336189,0.917109677364182,False,1e-24,False
UniGCN,random,3,137,base,0.020864520869726514,3.138120461749521e-06,1.0986719093060763e-32,0.025262245825955713,0.03147092072211323,0.8259171022826975,0.0001242217530210737,3.491070118371491e-31,2.8333330677238604e-08,4.65825883171163e-11,1.5679265612616229e-37,3.059865046748512e-07,3.8106130784530513e-07,0.09259666764502016,0.00015223739480476798,4.11463071422128e-31,False,1e-24,True
UniGCN,random,3,137,restart,9414.45761674133,970.4148965426723,939.715331564565,1300.78852460332,1207.667358719329,7.2375005150143865,0.7460204930994482,0.778124311119153,0.012784522705671705,0.014404940209733874,0.013410779104341167,0.015755674958858042,0.014622873833885445,0.8114233594597028,0.9142699533564086,0.9171096773921756,False,1e-24,False
UniGCN,random,3,138,base,0.01972078254332483,2.9660969263240802e-06,1.0280180078399331e-32,0.023877435748478705,0.029745767366243153,0.8259171022826977,0.0001242217530210738,3.4560144143619387e-31,2.6780171780731665e-08,4.402905296713464e-11,1.4670956145274914e-37,2.8921312679843395e-07,3.6017252610846673e-07,0.09259666764502017,0.00015223739480476806,4.073313504444457e-31,False,1e-24,True
UniGCN,random,3,138,restart,9414.457616715094,970.4148965426651,939.715331564565,1300.7885245781388,1207.6673586870754,7.237500515134322,0.7460204931138843,0.7781243111399347,0.012784522705636075,0.014404940209733768,0.013410779104341167,0.015755674958553036,0.014622873833494907,0.8114233594731491,0.9142699533741006,0.9171096774166693,False,1e-24,False
UniGCN,random,3,139,base,0.01863974095304509,2.803503270057507e-06,9.51740859250236e-33,0.022568537328417033,0.02811518239391511,0.8259171022826975,0.00012422175302107387,3.385149155056588e-31,2.5312152982481388e-08,4.1615495729558765e-11,1.3582396710214604e-37,2.733592215166792e-07,3.4042881261515203e-07,0.09259666764502016,0.00015223739480476817,3.98979058378623e-31,False,1e-24,True
UniGCN,random,3,139,restart,9414.457616692138,970.4148965426588,939.7153315645648,1300.7885245561058,1207.6673586588538,7.2375005152392635,0.7460204931265156,0.7781243111581183,0.012784522705604902,0.014404940209733675,0.013410779104341165,0.015755674958286166,0.014622873833153189,0.8114233594849146,0.9142699533895806,0.9171096774381007,False,1e-24,False
UniGCN,random,3,140,base,0.017617959228206654,2.6498225716998625e-06,8.885024768752179e-33,0.021331389287754837,0.02657398181430573,0.8259171022826977,0.0001242217530210739,3.3435052491715976e-31,2.3924607125542374e-08,3.933424337129525e-11,1.2679914917632547e-37,2.5837438575284445e-07,3.217673977266696e-07,0.09259666764502017,0.0001522373948047682,3.9407084145932336e-31,False,1e-24,True
UniGCN,random,3,140,restart,9414.457616672049,970.4148965426532,939.7153315645647,1300.7885245368275,1207.66735863416,7.237500515331084,0.7460204931375678,0.7781243111740288,0.012784522705577622,0.014404940209733591,0.013410779104341164,0.01575567495805266,0.01462287383285419,0.8114233594952089,0.9142699534031253,0.917109677456853,False,1e-24,False
UniGCN,random,3,141,base,0.01665218889836795,2.5045662462687422e-06,8.438509086052885e-33,0.020162058458826036,0.025117265809375906,0.8259171022826977,0.00012422175302107392,3.359644775866851e-31,2.261312289427546e-08,3.717804328576933e-11,1.2042687558860558e-37,2.442109793946952e-07,3.0412895267133626e-07,0.09259666764502017,0.00015223739480476822,3.95973071721151e-31,False,1e-24,True
UniGCN,random,3,141,restart,9414.457616654476,970.4148965426485,939.7153315645647,1300.7885245199589,1207.6673586125537,7.237500515411429,0.7460204931472385,0.7781243111879503,0.012784522705553759,0.014404940209733522,0.013410779104341164,0.01575567495784834,0.014622873832592571,0.8114233595042167,0.9142699534149771,0.9171096774732612,False,1e-24,False
UniGCN,random,3,142,base,0.015739359565719403,2.3672724917293826e-06,7.901314103439806e-33,0.019056827279903068,0.023740403156263926,0.8259171022826977,0.00012422175302107392,3.328213952994744e-31,2.1373530789798182e-08,3.514004043528198e-11,1.1276050790703347e-37,2.3082397383603521e-07,2.8745740092516994e-07,0.09259666764502017,0.00015223739480476822,3.9226858499422305e-31,False,1e-24,True
UniGCN,random,3,142,restart,9414.457616639094,970.4148965426441,939.7153315645647,1300.7885245051993,1207.6673585936487,7.2375005154817265,0.7460204931556998,0.7781243112001313,0.012784522705532871,0.014404940209733456,0.013410779104341164,0.015755674957669566,0.014622873832363662,0.811423359512098,0.9142699534253467,0.9171096774876178,False,1e-24,False
UniGCN,random,3,143,base,0.014876569143608636,2.237504820823705e-06,7.470781456065607e-33,0.018012181976244674,0.022439016503602076,0.8259171022826977,0.00012422175302107392,3.329371166898666e-31,2.020188987422421e-08,3.321375555732668e-11,1.0661632994461839e-37,2.1817080882079305e-07,2.7169973993219823e-07,0.09259666764502017,0.00015223739480476822,3.9240497606373907e-31,False,1e-24,True
UniGCN,random,3,143,restart,9414.457616625641,970.4148965426405,939.7153315645647,1300.788524492285,1207.6673585771068,7.237500515543239,0.7460204931631037,0.7781243112107895,0.012784522705514603,0.014404940209733402,0.013410779104341164,0.015755674957513142,0.014622873832163368,0.8114233595189944,0.9142699534344203,0.9171096775001798,False,1e-24,False
UniGCN,random,3,144,base,0.014061074630164152,2.1148506733806286e-06,7.083867720741978e-33,0.01702480138902764,0.02120896845494703,0.8259171022826974,0.00012422175302107398,3.340034068978802e-31,1.909447524154881e-08,3.139306456557859e-11,1.010946421924119e-37,2.062112571345402e-07,2.568058725975922e-07,0.09259666764502014,0.0001522373948047683,3.9366172264613447e-31,False,1e-24,True
UniGCN,random,3,144,restart,9414.457616613869,970.4148965426372,939.7153315645647,1300.788524480985,1207.667358562633,7.23750051559706,0.7460204931695819,0.7781243112201153,0.012784522705498616,0.014404940209733354,0.013410779104341164,0.015755674957376273,0.014622873831988112,0.8114233595250285,0.9142699534423595,0.9171096775111713,False,1e-24,False
UniGCN,random,3,145,base,0.013290283387684785,1.998920104695897e-06,6.643273632227033e-33,0.016091546416647205,0.020046348415080028,0.8259171022826975,0.00012422175302107398,3.3139569834222654e-31,1.804776617534758e-08,2.9672179080067526e-11,9.480687631557466e-38,1.9490729671326556e-07,2.427284480179045e-07,0.09259666764502016,0.0001522373948047683,3.9058823590624757e-31,False,1e-24,True
UniGCN,random,3,145,restart,9414.457616603566,970.4148965426344,939.7153315645646,1300.788524471098,1207.6673585499686,7.23750051564415,0.7460204931752501,0.778124311228275,0.012784522705484625,0.014404940209733312,0.013410779104341162,0.015755674957256518,0.014622873831834768,0.811423359530308,0.9142699534493061,0.9171096775207884,False,1e-24,False
UniGCN,random,3,146,base,0.012561744900070141,1.8893445458114937e-06,6.335389405317024e-33,0.015209450034817738,0.018947460157358476,0.8259171022826975,0.00012422175302107395,3.343661552895045e-31,1.7058434955639034e-08,2.8045628024635955e-11,9.041302722307712e-38,1.8422298976281175e-07,2.294227109420588e-07,0.09259666764502016,0.00015223739480476828,3.9408926366453373e-31,False,1e-24,True
UniGCN,random,3,146,restart,9414.457616594551,970.4148965426318,939.7153315645647,1300.7885244624467,1207.6673585388874,7.237500515685355,0.7460204931802097,0.778124311235415,0.012784522705472383,0.014404940209733274,0.013410779104341164,0.01575567495715173,0.014622873831700592,0.8114233595349275,0.9142699534553842,0.9171096775292038,False,1e-24,False
UniGCN,random,3,147,base,0.011873142982087087,1.7857756317532778e-06,5.962868297959992e-33,0.014375707863745276,0.01790881007259265,0.8259171022826975,0.00012422175302107406,3.3295725811987184e-31,1.612333627932563e-08,2.650824023317591e-11,8.509673822079807e-38,1.7412436850466661e-07,2.168463594844925e-07,0.09259666764502016,0.0001522373948047684,3.9242871507318827e-31,False,1e-24,True
UniGCN,random,3,147,restart,9414.457616586664,970.4148965426298,939.7153315645647,1300.7885244548772,1207.6673585291917,7.2375005157214085,0.7460204931845493,0.7781243112416621,0.012784522705461673,0.014404940209733244,0.013410779104341164,0.015755674957060043,0.014622873831583193,0.8114233595389697,0.9142699534607026,0.9171096775365668,False,1e-24,False
UniGCN,random,3,148,base,0.011222288415703835,1.6878840940015563e-06,5.547406265471802e-33,0.01358766925238295,0.01692709606208821,0.8259171022826977,0.00012422175302107403,3.277234467816594e-31,1.5239497260578534e-08,2.505512800934635e-11,7.916763463294528e-38,1.64579327184871e-07,2.0495941063809208e-07,0.09259666764502017,0.00015223739480476836,3.8626006186530193e-31,False,1e-24,True
UniGCN,random,3,148,restart,9414.457616579764,970.4148965426278,939.7153315645648,1300.7885244482538,1207.667358520708,7.237500515752956,0.7460204931883465,0.7781243112471284,0.012784522705452304,0.014404940209733215,0.013410779104341165,0.01575567495697982,0.01462287383148047,0.8114233595425066,0.9142699534653561,0.9171096775430094,False,1e-24,False
UniGCN,random,3,149,base,0.010607111990080867,1.595358713673537e-06,5.198938412146739e-33,0.012842828851424161,0.015999197039543,0.8259171022826974,0.00012422175302107411,3.24949958382114e-31,1.4404107979374987e-08,2.3681671587504007e-11,7.419461221973663e-38,1.5555752000271514e-07,1.9372407315935707e-07,0.09259666764502014,0.00015223739480476847,3.8299118436718124e-31,False,1e-24,True
UniGCN,random,3,149,restart,9414.457616573723,970.414896542626,939.7153315645647,1300.7885244424585,1207.6673585132846,7.2375005157805585,0.7460204931916689,0.7781243112519114,0.0127845227054441,0.014404940209733187,0.013410779104341164,0.015755674956909625,0.014622873831390585,0.8114233595456012,0.9142699534694277,0.9171096775486467,False,1e-24,False
UniGCN,random,3,150,base,0.010025657923091338,1.5079053320895456e-06,4.980173134885892e-33,0.012138818648242164,0.015122163008422326,0.8259171022826974,0.00012422175302107403,3.2932941749881764e-31,1.361451254814017e-08,2.238350444544485e-11,7.107258929375057e-38,1.4703026463471614e-07,1.831046274216652e-07,0.09259666764502014,0.00015223739480476836,3.8815288447123734e-31,False,1e-24,True
UniGCN,random,3,150,restart,9414.457616568441,970.4148965426247,939.7153315645648,1300.7885244373879,1207.6673585067897,7.237500515804709,0.7460204931945759,0.7781243112560963,0.012784522705436927,0.014404940209733168,0.013410779104341165,0.015755674956848206,0.014622873831311943,0.8114233595483088,0.9142699534729903,0.9171096775535791,False,1e-24,False
UniGCN,random,3,151,base,0.009476077643456449,1.4252459155774386e-06,4.6969230080315014e-33,0.011473400438453381,0.014293205683266499,0.8259171022826975,0.00012422175302107406,3.2861228699243697e-31,1.2868200668092253e-08,2.115649942226296e-11,6.703029610673146e-38,1.389704510471582e-07,1.7306731185466724e-07,0.09259666764502016,0.0001522373948047684,3.873076630612946e-31,False,1e-24,True
UniGCN,random,3,151,restart,9414.457616563817,970.4148965426235,939.7153315645646,1300.7885244329511,1207.6673585011067,7.237500515825841,0.7460204931971195,0.7781243112597577,0.012784522705430647,0.01440494020973315,0.013410779104341162,0.015755674956794467,0.01462287383124313,0.811423359550678,0.9142699534761076,0.9171096775578945,False,1e-24,False
UniGCN,random,3,152,base,0.008956623913727865,1.3471176715419573e-06,4.414141826385353e-33,0.010844458710169877,0.013509689625113728,0.8259171022826974,0.000124221753021074,3.2673895173577637e-31,1.2162799648446513e-08,1.9996755597191622e-11,6.29946952874843e-38,1.313524553072902e-07,1.635802156087763e-07,0.09259666764502014,0.00015223739480476833,3.8509972036070946e-31,False,1e-24,True
UniGCN,random,3,152,restart,9414.457616559772,970.4148965426223,939.7153315645647,1300.788524429069,1207.667358496134,7.237500515844331,0.746020493199345,0.7781243112629618,0.012784522705425154,0.014404940209733132,0.013410779104341164,0.015755674956747442,0.01462287383118292,0.8114233595527509,0.9142699534788351,0.9171096775616708,False,1e-24,False
UniGCN,random,3,153,base,0.00846564527543284,1.2732722129888652e-06,4.209724665785027e-33,0.010249993918318441,0.012769123862855877,0.8259171022826975,0.00012422175302107411,3.2967999300489994e-31,1.149606686310575e-08,1.8900585887712212e-11,6.007743588576382e-38,1.2415205811916717e-07,1.5461317710350808e-07,0.09259666764502016,0.00015223739480476847,3.8856607833331103e-31,False,1e-24,True
UniGCN,random,3,153,restart,9414.457616556234,970.4148965426216,939.7153315645648,1300.788524425672,1207.667358491783,7.237500515860511,0.7460204932012927,0.7781243112657654,0.01278452270542035,0.014404940209733121,0.013410779104341165,0.0157556749567063,0.014622873831130236,0.8114233595545649,0.9142699534812221,0.9171096775649753,False,1e-24,False
UniGCN,random,3,154,base,0.008001580798721913,1.2034747688476637e-06,3.994828041567942e-33,0.00968811612764389,0.012069153973889527,0.8259171022826977,0.00012422175302107406,3.3099486925184446e-31,1.086588262085515e-08,1.786450532750202e-11,5.701062292566695e-38,1.1734636782514402e-07,1.461376881371357e-07,0.09259666764502017,0.0001522373948047684,3.901158123711944e-31,False,1e-24,True
UniGCN,random,3,154,restart,9414.457616553136,970.4148965426203,939.7153315645647,1300.7885244226995,1207.6673584879761,7.237500515874669,0.7460204932029965,0.7781243112682181,0.012784522705416143,0.014404940209733104,0.013410779104341164,0.015755674956670296,0.01462287383108414,0.8114233595561523,0.9142699534833101,0.9171096775678661,False,1e-24,False
UniGCN,random,3,155,base,0.007562955119827132,1.137503437582364e-06,3.759127909264042e-33,0.009157039004186233,0.011407554598884966,0.8259171022826975,0.00012422175302107403,3.2952968812715376e-31,1.0270243426394369e-08,1.688521998695449e-11,5.364692085226471e-38,1.1091374762822473e-07,1.3812680325280096e-07,0.09259666764502016,0.00015223739480476836,3.883889266160719e-31,False,1e-24,True
UniGCN,random,3,155,restart,9414.457616550428,970.4148965426197,939.7153315645647,1300.7885244200988,1207.667358484645,7.237500515887055,0.7460204932044874,0.7781243112703644,0.012784522705412466,0.014404940209733093,0.013410779104341164,0.015755674956638793,0.014622873831043806,0.8114233595575409,0.9142699534851373,0.9171096775703957,False,1e-24,False
UniGCN,random,3,156,base,0.007148373750553854,1.0751484817173426e-06,3.589384535822893e-33,0.008655074136129324,0.010782222366875961,0.8259171022826978,0.00012422175302107406,3.3289839642426894e-31,9.707255610782184e-09,1.595961650104723e-11,5.122449481622794e-38,1.04833746803892e-07,1.3055505407293857e-07,0.09259666764502018,0.0001522373948047684,3.9235933974344503e-31,False,1e-24,True
UniGCN,random,3,156,restart,9414.457616548056,970.4148965426191,939.7153315645651,1300.7885244178235,1207.6673584817304,7.237500515897892,0.746020493205792,0.7781243112722427,0.012784522705409244,0.014404940209733085,0.013410779104341169,0.015755674956611235,0.014622873831008515,0.8114233595587559,0.9142699534867361,0.9171096775726095,False,1e-24,False
UniGCN,random,3,157,base,0.006756518644893841,1.0162116610354483e-06,3.3197296725418487e-33,0.008180625665965682,0.010191169208177512,0.8259171022826978,0.00012422175302107406,3.257457122660724e-31,9.175129311043438e-09,1.5084752171265004e-11,4.737622110566441e-38,9.908703568272387e-08,1.2339836832966214e-07,0.09259666764502018,0.0001522373948047684,3.839290725392537e-31,False,1e-24,True
UniGCN,random,3,157,restart,9414.457616545982,970.4148965426184,939.7153315645648,1300.7885244158326,1207.6673584791802,7.237500515907376,0.7460204932069333,0.7781243112738857,0.012784522705406427,0.014404940209733074,0.013410779104341165,0.01575567495658712,0.014622873830977635,0.8114233595598191,0.9142699534881348,0.917109677574546,False,1e-24,False
UniGCN,random,3,158,base,0.006386144008665064,9.605056023284412e-07,3.172775525807084e-33,0.007732185216911993,0.009632516033871951,0.8259171022826975,0.00012422175302107403,3.2938180581794827e-31,8.672172779798182e-09,1.4257845610109307e-11,4.5279022588060506e-38,9.365534419709294e-08,1.1663399333369243e-07,0.09259666764502016,0.00015223739480476836,3.8821463017660917e-31,False,1e-24,True
UniGCN,random,3,158,restart,9414.457616544169,970.4148965426181,939.7153315645648,1300.7885244140903,1207.6673584769485,7.2375005159156744,0.7460204932079322,0.7781243112753234,0.012784522705403966,0.01440494020973307,0.013410779104341165,0.015755674956566015,0.014622873830950614,0.8114233595607495,0.9142699534893589,0.9171096775762405,False,1e-24,False
UniGCN,random,3,159,base,0.006036072338856025,9.07853203696056e-07,3.011976142400014e-33,0.007308327097445159,0.00910448676176902,0.8259171022826978,0.00012422175302107411,3.308232766121109e-31,8.196787006822e-09,1.3476267898451383e-11,4.29842372008772e-38,8.85214037965741e-08,1.1024042363851776e-07,0.09259666764502018,0.00015223739480476847,3.8991357055941685e-31,False,1e-24,True
UniGCN,random,3,159,restart,9414.457616542579,970.4148965426176,939.7153315645647,1300.788524412566,1207.667358474996,7.237500515922934,0.7460204932088063,0.7781243112765814,0.012784522705401806,0.014404940209733062,0.013410779104341164,0.015755674956547554,0.014622873830926973,0.8114233595615635,0.9142699534904302,0.9171096775777232,False,1e-24,False
UniGCN,random,3,160,base,0.005705190680082845,8.580870714998293e-07,2.8290737519690074e-33,0.006907703768713163,0.008605402669847167,0.8259171022826975,0.0001242217530210741,3.287555342275752e-31,7.7474606354383e-09,1.2737534227615948e-11,4.0374017410547356e-38,8.36688925473978e-08,1.0419733266981612e-07,0.09259666764502016,0.00015223739480476844,3.8747649652881087e-31,False,1e-24,True
UniGCN,random,3,160,restart,9414.457616541187,970.414896542617,939.7153315645647,1300.7885244112322,1207.6673584732875,7.237500515929286,0.7460204932095706,0.7781243112776822,0.012784522705399917,0.014404940209733055,0.013410779104341164,0.015755674956531397,0.014622873830906286,0.8114233595622755,0.914269953491367,0.9171096775790206,False,1e-24,False
UniGCN,random,3,161,base,0.005392447086257584,8.110489881816469e-07,2.688721194296025e-33,0.00652904156041055,0.008133677059224381,0.8259171022826978,0.000124221753021074,3.3056650451184974e-31,7.322765157580664e-09,1.203929599962405e-11,3.837103088424703e-38,7.908238324140686e-08,9.848550810277265e-08,0.09259666764502018,0.00015223739480476833,3.8961093488196945e-31,False,1e-24,True
UniGCN,random,3,161,restart,9414.457616539974,970.4148965426169,939.715331564565,1300.788524410065,1207.6673584717928,7.237500515934847,0.7460204932102399,0.7781243112786456,0.012784522705398269,0.014404940209733054,0.013410779104341167,0.015755674956517262,0.014622873830888186,0.811423359562899,0.9142699534921871,0.917109677580156,False,1e-24,False
UniGCN,random,3,162,base,0.005096847276218584,7.665894092550773e-07,2.5544790136049522e-33,0.006171136621498387,0.007687810209690968,0.8259171022826975,0.00012422175302107392,3.3227654480659144e-31,6.921350372249258e-09,1.1379333360479816e-11,3.645524620854565e-38,7.474729434954442e-08,9.308679078184326e-08,0.09259666764502016,0.00015223739480476822,3.9162641554569858e-31,False,1e-24,True
UniGCN,random,3,162,restart,9414.45761653891,970.4148965426166,939.7153315645648,1300.7885244090442,1207.6673584704847,7.237500515939709,0.7460204932108251,0.7781243112794882,0.012784522705396824,0.014404940209733048,0.013410779104341165,0.015755674956504897,0.014622873830872348,0.8114233595634441,0.9142699534929043,0.9171096775811493,False,1e-24,False
UniGCN,random,3,163,base,0.004817451472690427,7.245669878703228e-07,2.419800082218878e-33,0.005832851092895147,0.007266384611766802,0.8259171022826978,0.00012422175302107403,3.3301293717654036e-31,6.541940092922781e-09,1.0755548142762878e-11,3.453322861645184e-38,7.064984366394316e-08,8.798401698877677e-08,0.09259666764502018,0.00015223739480476836,3.924943392941117e-31,False,1e-24,True
UniGCN,random,3,163,restart,9414.457616537979,970.4148965426164,939.7153315645646,1300.7885244081506,1207.6673584693406,7.237500515943965,0.7460204932113375,0.7781243112802254,0.01278452270539556,0.014404940209733045,0.013410779104341162,0.015755674956494072,0.014622873830858495,0.8114233595639213,0.9142699534935322,0.9171096775820181,False,1e-24,False
UniGCN,random,3,164,base,0.004553371414523795,6.848481254412728e-07,2.2802516249259498e-33,0.0055131094899706435,0.006868060460124682,0.8259171022826978,0.00012422175302107406,3.3200808847925517e-31,6.183328090278807e-09,1.0165957195089342e-11,3.2541717493619356e-38,6.677700448123357e-08,8.316096387535246e-08,0.09259666764502018,0.0001522373948047684,3.913100086525594e-31,False,1e-24,True
UniGCN,random,3,164,restart,9414.457616537164,970.4148965426161,939.7153315645645,1300.7885244073689,1207.6673584683392,7.237500515947687,0.7460204932117855,0.7781243112808705,0.012784522705394452,0.014404940209733041,0.01341077910434116,0.015755674956484604,0.014622873830846369,0.8114233595643386,0.9142699534940814,0.9171096775827783,False,1e-24,False
UniGCN,random,3,165,base,0.004303767532716515,6.473065469060065e-07,2.1558258690609718e-33,0.005210895283342138,0.006491571394052417,0.8259171022826975,0.000124221753021074,3.320961502535644e-31,5.8443742573235844e-09,9.60868607723428e-12,3.076602407802113e-38,6.311646418776814e-08,7.860229788735206e-08,0.09259666764502016,0.00015223739480476833,3.914137996590519e-31,False,1e-24,True
UniGCN,random,3,165,restart,9414.45761653645,970.4148965426161,939.7153315645647,1300.788524406685,1207.667358467463,7.237500515950946,0.7460204932121779,0.7781243112814352,0.012784522705393484,0.014404940209733041,0.013410779104341164,0.01575567495647632,0.01462287383083576,0.8114233595647039,0.9142699534945622,0.917109677583444,False,1e-24,False
UniGCN,random,3,166,base,0.004067846281237731,6.118228992704001e-07,2.0034772472492865e-33,0.004925247667102279,0.006135720471411609,0.8259171022826975,0.00012422175302107398,3.265268123905192e-31,5.52400098473935e-09,9.081963100871047e-12,2.859184042331192e-38,5.965658511509543e-08,7.429352601579432e-08,0.09259666764502016,0.0001522373948047683,3.8484968955751918e-31,False,1e-24,True
UniGCN,random,3,166,restart,9414.457616535827,970.4148965426157,939.7153315645648,1300.7885244060863,1207.6673584666962,7.237500515953797,0.746020493212521,0.7781243112819294,0.012784522705392638,0.014404940209733035,0.013410779104341165,0.015755674956469068,0.014622873830826475,0.8114233595650235,0.9142699534949826,0.9171096775840264,False,1e-24,False
UniGCN,random,3,167,base,0.0038448576141692807,5.782843721585179e-07,1.8963398038731938e-33,0.004655258504204275,0.00579937636329345,0.8259171022826975,0.00012422175302107398,3.2699029776302834e-31,5.221189734925594e-09,8.584113696981607e-12,2.706287038455724e-38,5.638636754123396e-08,7.022094972044907e-08,0.09259666764502016,0.0001522373948047683,3.853959607822885e-31,False,1e-24,True
UniGCN,random,3,167,restart,9414.457616535283,970.4148965426156,939.7153315645647,1300.7885244055626,1207.6673584660255,7.237500515956291,0.7460204932128212,0.7781243112823614,0.012784522705391899,0.014404940209733033,0.013410779104341164,0.015755674956462726,0.014622873830818353,0.8114233595653032,0.9142699534953506,0.9171096775845355,False,1e-24,False
UniGCN,random,3,168,base,0.0036340926011435883,5.465843391634394e-07,1.8173175903875873e-33,0.004400069439293072,0.005481469757273521,0.8259171022826975,0.00012422175302107395,3.3153837763605936e-31,4.934977803842428e-09,8.113555092030702e-12,2.5935135831554746e-38,5.3295414720119574e-08,6.637162137914332e-08,0.09259666764502016,0.00015223739480476828,3.9075639998911676e-31,False,1e-24,True
UniGCN,random,3,168,restart,9414.457616534806,970.4148965426155,939.7153315645647,1300.7885244051042,1207.6673584654384,7.237500515958475,0.7460204932130838,0.7781243112827396,0.012784522705391252,0.014404940209733031,0.013410779104341164,0.015755674956457175,0.014622873830811246,0.811423359565548,0.9142699534956724,0.9171096775849814,False,1e-24,False
UniGCN,random,3,169,base,0.003434881173496977,5.166220188582927e-07,1.712438353559249e-33,0.004158869169803528,0.005180989957830724,0.8259171022826974,0.00012422175302107392,3.3052338790408414e-31,4.664455260361169e-09,7.668791275978179e-12,2.4438392902613725e-38,5.037389982804661e-08,6.273330312440246e-08,0.09259666764502014,0.00015223739480476822,3.895601169629389e-31,False,1e-24,True
UniGCN,random,3,169,restart,9414.457616534386,970.4148965426153,939.7153315645648,1300.7885244047036,1207.667358464925,7.237500515960383,0.7460204932133135,0.7781243112830705,0.012784522705390681,0.01440494020973303,0.013410779104341165,0.01575567495645232,0.014622873830805029,0.811423359565762,0.914269953495954,0.9171096775853713,False,1e-24,False
UniGCN,random,3,170,base,0.0032465899939729684,4.883021543897736e-07,1.6210366696323182e-33,0.003930890866649853,0.004896981673122342,0.8259171022826975,0.000124221753021074,3.3102771826359246e-31,4.408762053391736e-09,7.2484082461316806e-12,2.3133989588401478e-38,4.761253472201857e-08,5.929442793655855e-08,0.09259666764502016,0.00015223739480476833,3.901545287384077e-31,False,1e-24,True
UniGCN,random,3,170,restart,9414.45761653402,970.4148965426153,939.7153315645647,1300.7885244043525,1207.667358464476,7.237500515962053,0.7460204932135148,0.7781243112833598,0.012784522705390185,0.01440494020973303,0.013410779104341164,0.015755674956448067,0.014622873830799592,0.8114233595659492,0.9142699534962007,0.9171096775857123,False,1e-24,False
UniGCN,random,3,171,base,0.003068620443202845,4.615347106355085e-07,1.5209257051260275e-33,0.0037154097363060867,0.00462854197789966,0.8259171022826977,0.00012422175302107403,3.285971505472212e-31,4.1670852775897136e-09,6.851069511718872e-12,2.1705295189342225e-38,4.500254041068419e-08,5.604406286963268e-08,0.09259666764502017,0.00015223739480476836,3.8728982300644687e-31,False,1e-24,True
UniGCN,random,3,171,restart,9414.4576165337,970.4148965426151,939.7153315645648,1300.7885244040456,1207.6673584640823,7.237500515963515,0.7460204932136908,0.7781243112836135,0.01278452270538975,0.014404940209733026,0.013410779104341165,0.01575567495644435,0.014622873830794825,0.8114233595661131,0.9142699534964163,0.9171096775860113,False,1e-24,False
UniGCN,random,3,172,base,0.0029004067165620748,4.362345879624562e-07,1.4449256987731326e-33,0.003511740716526916,0.004374817442908586,0.8259171022826977,0.00012422175302107406,3.3028251295726696e-31,3.938656588950192e-09,6.475511844887214e-12,2.0620690881109575e-38,4.253561914397912e-08,5.2971874293077806e-08,0.09259666764502017,0.0001522373948047684,3.8927621792314456e-31,False,1e-24,True
UniGCN,random,3,172,restart,9414.45761653342,970.4148965426151,939.7153315645648,1300.788524403777,1207.6673584637385,7.237500515964795,0.7460204932138448,0.7781243112838351,0.01278452270538937,0.014404940209733026,0.013410779104341165,0.015755674956441097,0.014622873830790663,0.8114233595662567,0.914269953496605,0.9171096775862725,False,1e-24,False
UniGCN,random,3,173,base,0.0027414140253520796,4.123213516763238e-07,1.3738587467242099e-33,0.0033192362983830545,0.004135001421649012,0.8259171022826975,0.00012422175302107403,3.322510941668126e-31,3.72274976207198e-09,6.120541264622807e-12,1.9606486724239942e-38,4.020392803274049e-08,5.006809503887826e-08,0.09259666764502016,0.00015223739480476836,3.9159641901724745e-31,False,1e-24,True
UniGCN,random,3,173,restart,9414.457616533178,970.414896542615,939.7153315645647,1300.7885244035422,1207.6673584634375,7.237500515965915,0.7460204932139793,0.7781243112840289,0.01278452270538904,0.014404940209733024,0.013410779104341164,0.015755674956438252,0.014622873830787017,0.8114233595663822,0.9142699534967699,0.917109677586501,False,1e-24,False
UniGCN,random,3,174,base,0.0025911368965884996,3.8971897630185683e-07,1.2881786756449117e-33,0.0031372844676869236,0.0039083314858669,0.8259171022826975,0.00012422175302107406,3.295981111896866e-31,3.5186783813261884e-09,5.785029240820274e-12,1.8383737165630902e-38,3.8000054114424946e-08,4.732349334955905e-08,0.09259666764502016,0.0001522373948047684,3.8846957112480783e-31,False,1e-24,True
UniGCN,random,3,174,restart,9414.457616532964,970.4148965426152,939.7153315645648,1300.7885244033364,1207.667358463174,7.237500515966895,0.7460204932140976,0.7781243112841988,0.012784522705388749,0.014404940209733028,0.013410779104341165,0.01575567495643576,0.014622873830783827,0.811423359566492,0.9142699534969149,0.9171096775867011,False,1e-24,False
UniGCN,random,3,175,base,0.002449097565990604,3.6835560388101176e-07,1.2114025279015648e-33,0.0029653067592639803,0.0036940870016259823,0.8259171022826978,0.0001242217530210741,3.279301563196417e-31,3.325793658588889e-09,5.46790910643555e-12,1.7288056459694112e-38,3.5916990785658674e-08,4.4729343528383914e-08,0.09259666764502018,0.00015223739480476844,3.86503693011359e-31,False,1e-24,True
UniGCN,random,3,175,restart,9414.457616532776,970.4148965426149,939.7153315645646,1300.7885244031565,1207.6673584629436,7.237500515967751,0.7460204932142004,0.778124311284347,0.012784522705388495,0.014404940209733022,0.013410779104341162,0.015755674956433582,0.014622873830781037,0.8114233595665881,0.9142699534970408,0.9171096775868759,False,1e-24,False
UniGCN,random,3,176,base,0.0023148444590628116,3.4816331552059007e-07,1.1441023615649227e-33,0.0028027564178837875,0.0034915868382528414,0.8259171022826977,0.00012422175302107406,3.276740389299386e-31,3.143482370599956e-09,5.168172666315075e-12,1.63276085090116e-38,3.394811552669316e-08,4.227739819843249e-08,0.09259666764502017,0.0001522373948047684,3.862018289861786e-31,False,1e-24,True
UniGCN,random,3,176,restart,9414.45761653261,970.414896542615,939.7153315645647,1300.788524402999,1207.667358462742,7.2375005159685015,0.7460204932142909,0.7781243112844769,0.01278452270538827,0.014404940209733024,0.013410779104341164,0.015755674956431674,0.014622873830778597,0.8114233595666722,0.9142699534971517,0.917109677587029,False,1e-24,False
UniGCN,random,3,177,base,0.002187950755439345,3.2907791546303277e-07,1.0826277941580577e-33,0.002649116660004028,0.003300187202871624,0.8259171022826975,0.00012422175302107398,3.2805041884170087e-31,2.97116490939049e-09,4.884866991920086e-12,1.545029831055417e-38,3.2087168846948014e-08,3.995986208236224e-08,0.09259666764502016,0.0001522373948047683,3.866454363308158e-31,False,1e-24,True
UniGCN,random,3,177,restart,9414.457616532465,970.4148965426149,939.7153315645647,1300.7885244028614,1207.6673584625655,7.237500515969156,0.7460204932143697,0.7781243112845907,0.012784522705388072,0.014404940209733022,0.013410779104341164,0.01575567495643001,0.01462287383077646,0.8114233595667456,0.9142699534972483,0.9171096775871631,False,1e-24,False
UniGCN,random,3,178,base,0.0020680130319277335,3.110387269938859e-07,1.029546442812213e-33,0.002503899030801141,0.0031192795936438767,0.8259171022826975,0.00012422175302107398,3.300590446942008e-31,2.8082934395806852e-09,4.617091391755693e-12,1.4692768606027755e-38,3.0328234384703744e-08,3.776936721949494e-08,0.09259666764502016,0.0001522373948047683,3.8901283467740943e-31,False,1e-24,True
UniGCN,random,3,178,restart,9414.457616532341,970.4148965426148,939.7153315645647,1300.7885244027407,1207.6673584624111,7.237500515969732,0.7460204932144389,0.7781243112846902,0.012784522705387904,0.01440494020973302,0.013410779104341164,0.015755674956428545,0.01462287383077459,0.8114233595668101,0.9142699534973331,0.9171096775872803,False,1e-24,False
UniGCN,random,3,179,base,0.001954649979937127,2.939883995370847e-07,9.775930641396527e-34,0.002366641851264248,0.002948288865206414,0.8259171022826975,0.00012422175302107398,3.3157981081043422e-31,2.6543501566898113e-09,4.3639945478730986e-12,1.3951336321484865e-38,2.866572009767742e-08,3.5698949541437715e-08,0.09259666764502016,0.0001522373948047683,3.908052337868034e-31,False,1e-24,True
UniGCN,random,3,179,restart,9414.457616532232,970.4148965426148,939.715331564565,1300.7885244026354,1207.667358462276,7.237500515970233,0.7460204932144993,0.7781243112847774,0.012784522705387756,0.01440494020973302,0.013410779104341167,0.01575567495642727,0.014622873830772955,0.8114233595668663,0.9142699534974071,0.9171096775873832,False,1e-24,False
UniGCN,random,3,180,base,0.0018475011932138166,2.77872726324769e-07,9.10141774515641e-34,0.0022369087504153025,0.0027866714001568028,0.8259171022826975,0.000124221753021074,3.2660534516715116e-31,2.508845640921065e-09,4.124771809341272e-12,1.2988731674027957e-38,2.7094340484681474e-08,3.374202673176682e-08,0.09259666764502016,0.00015223739480476833,3.8494224953593455e-31,False,1e-24,True
UniGCN,random,3,180,restart,9414.457616532134,970.4148965426147,939.7153315645645,1300.788524402543,1207.667358462158,7.2375005159706705,0.7460204932145521,0.7781243112848532,0.012784522705387623,0.014404940209733019,0.01341077910434116,0.01575567495642615,0.014622873830771526,0.8114233595669154,0.9142699534974719,0.9171096775874724,False,1e-24,False
UniGCN,random,3,181,base,0.001746226022029922,2.6264047206195987e-07,8.61852731670139e-34,0.0021142872779890912,0.0026339133807732227,0.8259171022826974,0.00012422175302107406,3.272137717061636e-31,2.3713173011876233e-09,3.898662634083387e-12,1.229959352228269e-38,2.5609099781844613e-08,3.189237729938578e-08,0.09259666764502014,0.0001522373948047684,3.8565935072264337e-31,False,1e-24,True
UniGCN,random,3,181,restart,9414.45761653205,970.4148965426148,939.7153315645647,1300.7885244024621,1207.6673584620544,7.237500515971058,0.7460204932145986,0.77812431128492,0.01278452270538751,0.01440494020973302,0.013410779104341164,0.015755674956425172,0.01462287383077027,0.8114233595669588,0.9142699534975288,0.9171096775875511,False,1e-24,False
UniGCN,random,3,182,base,0.0016505024901824468,2.482432100382077e-07,8.129555565500664e-34,0.0019983875931624765,0.002489529155474113,0.8259171022826975,0.00012422175302107403,3.2654992401374175e-31,2.2413279044331106e-09,3.684948170945091e-12,1.1601776649092168e-38,2.4205276079971857e-08,3.014412079902701e-08,0.09259666764502016,0.00015223739480476836,3.8487692928389034e-31,False,1e-24,True
UniGCN,random,3,182,restart,9414.457616531978,970.4148965426147,939.715331564565,1300.7885244023917,1207.6673584619639,7.237500515971393,0.7460204932146389,0.7781243112849785,0.012784522705387411,0.014404940209733019,0.013410779104341167,0.01575567495642432,0.014622873830769175,0.8114233595669964,0.9142699534975782,0.9171096775876202,False,1e-24,False
UniGCN,random,3,183,base,0.0015600262713596068,2.3463516816835384e-07,7.74307256858572e-34,0.0018888412251640678,0.0023530596948242127,0.8259171022826974,0.00012422175302107411,3.2906400911193942e-31,2.1184641855708556e-09,3.4829489743074697e-12,1.1050222585311953e-38,2.287840631254927e-08,2.8491699136013697e-08,0.09259666764502014,0.00015223739480476847,3.878400699291535e-31,False,1e-24,True
UniGCN,random,3,183,restart,9414.457616531912,970.4148965426147,939.7153315645646,1300.7885244023298,1207.6673584618848,7.237500515971687,0.7460204932146745,0.7781243112850293,0.012784522705387321,0.014404940209733019,0.013410779104341162,0.01575567495642357,0.014622873830768216,0.8114233595670294,0.9142699534976217,0.91710967758768,False,1e-24,False
UniGCN,random,3,184,base,0.0014745097216200735,2.2177308347293038e-07,7.307487048583608e-34,0.0017852999018240132,0.0022240711321783076,0.8259171022826975,0.0001242217530210741,3.285635491984684e-31,2.0023355336226417e-09,3.2920228439788832e-12,1.0428593779908499e-38,2.1624272066666826e-08,2.6929858895845657e-08,0.09259666764502016,0.00015223739480476844,3.8725021992288524e-31,False,1e-24,True
UniGCN,random,3,184,restart,9414.457616531856,970.4148965426145,939.7153315645647,1300.7885244022757,1207.6673584618156,7.237500515971945,0.7460204932147054,0.7781243112850739,0.012784522705387245,0.014404940209733017,0.013410779104341164,0.015755674956422914,0.01462287383076738,0.8114233595670582,0.9142699534976597,0.9171096775877325,False,1e-24,False
UniGCN,random,3,185,base,0.001393680964909167,2.096160645355674e-07,6.8284638329603665e-34,0.00168743444233963,0.0021021533843230576,0.8259171022826975,0.0001242217530210741,3.2483185498660894e-31,1.892572749879877e-09,3.1115627834983346e-12,9.74497456941006e-39,2.0438886171749395e-08,2.5453634642430928e-08,0.09259666764502016,0.00015223739480476844,3.8285198582858944e-31,False,1e-24,True
UniGCN,random,3,185,restart,9414.457616531807,970.4148965426147,939.7153315645648,1300.7885244022284,1207.667358461755,7.237500515972171,0.7460204932147326,0.7781243112851131,0.012784522705387179,0.014404940209733019,0.013410779104341165,0.01575567495642234,0.014622873830766644,0.8114233595670836,0.9142699534976931,0.9171096775877787,False,1e-24,False
UniGCN,random,3,186,base,0.0013172830287046537,1.9812546150012074e-07,6.501738713130274e-34,0.0015949337107367104,0.0019869188477316213,0.8259171022826974,0.00012422175302107403,3.2722719000592434e-31,1.7888268741391214e-09,2.940995070359239e-12,9.27870161815517e-39,1.9318480023458216e-08,2.4058333131864517e-08,0.09259666764502014,0.00015223739480476836,3.8567516574395662e-31,False,1e-24,True
UniGCN,random,3,186,restart,9414.457616531763,970.4148965426145,939.7153315645648,1300.788524402187,1207.6673584617017,7.237500515972368,0.7460204932147563,0.7781243112851474,0.01278452270538712,0.014404940209733017,0.013410779104341165,0.01575567495642184,0.014622873830766001,0.8114233595671057,0.9142699534977221,0.9171096775878191,False,1e-24,False
UniGCN,random,3,187,base,0.0012450730270441768,1.8726474319421888e-07,6.098278092912656e-34,0.0015075036266993405,0.0018780011662861847,0.8259171022826975,0.00012422175302107406,3.2472174151905463e-31,1.6907680752802978e-09,2.7797774320185037e-12,8.702918604587597e-39,1.8259491602462943e-08,2.27395183915664e-08,0.09259666764502016,0.0001522373948047684,3.827222043460394e-31,False,1e-24,True
UniGCN,random,3,187,restart,9414.457616531727,970.4148965426147,939.7153315645648,1300.7885244021509,1207.6673584616553,7.237500515972541,0.746020493214777,0.7781243112851772,0.01278452270538707,0.014404940209733019,0.013410779104341165,0.0157556749564214,0.014622873830765439,0.8114233595671251,0.9142699534977475,0.9171096775878543,False,1e-24,False
UniGCN,random,3,188,base,0.0011768213883369778,1.7699938098857328e-07,5.7640310300309565e-34,0.0014248662306234356,0.0017750540665507123,0.8259171022826975,0.00012422175302107414,3.2472425142697933e-31,1.5980846026605004e-09,2.6273973218919847e-12,8.225911007072059e-39,1.7258554149993163e-08,2.1492997617342098e-08,0.09259666764502016,0.0001522373948047685,3.827251625634016e-31,False,1e-24,True
UniGCN,random,3,188,restart,9414.457616531696,970.4148965426147,939.7153315645647,1300.788524402119,1207.6673584616149,7.237500515972693,0.7460204932147952,0.7781243112852032,0.012784522705387028,0.014404940209733019,0.013410779104341164,0.015755674956421016,0.014622873830764948,0.8114233595671421,0.9142699534977698,0.917109677587885,False,1e-24,False
UniGCN,random,3,189,base,0.0011123111255049568,1.67296739022817e-07,5.506528940994974e-34,0.0013467587999215825,0.0016777502568909876,0.8259171022826977,0.00012422175302107411,3.2820909538699966e-31,1.5104817949896439e-09,2.4833702898553555e-12,7.858426991543822e-39,1.6312485464166455e-08,2.0314807843529356e-08,0.09259666764502017,0.00015223739480476847,3.8683245502845727e-31,False,1e-24,True
UniGCN,random,3,189,restart,9414.457616531665,970.4148965426145,939.7153315645648,1300.7885244020913,1207.6673584615792,7.237500515972825,0.7460204932148112,0.7781243112852264,0.012784522705386986,0.014404940209733017,0.013410779104341165,0.01575567495642068,0.014622873830764516,0.8114233595671569,0.9142699534977894,0.9171096775879123,False,1e-24,False
UniGCN,random,3,190,base,0.0010513371461326863,1.5812597044887642e-07,5.195968463061998e-34,0.0012729330137697416,0.0015857803869420092,0.8259171022826975,0.00012422175302107414,3.2766002820111876e-31,1.4276811435369508e-09,2.3472384420698642e-12,7.415222775521982e-39,1.541827778306373e-08,1.9201203343852455e-08,0.09259666764502016,0.0001522373948047685,3.8618531571856264e-31,False,1e-24,True
UniGCN,random,3,190,restart,9414.45761653164,970.4148965426144,939.7153315645647,1300.7885244020672,1207.6673584615482,7.237500515972939,0.7460204932148249,0.7781243112852462,0.012784522705386952,0.014404940209733015,0.013410779104341164,0.015755674956420388,0.014622873830764141,0.8114233595671697,0.9142699534978062,0.9171096775879356,False,1e-24,False
UniGCN,random,3,191,base,0.0009937056004331907,1.4945791936200704e-07,4.920275808989234e-34,0.001203154163640338,0.0014988520641146539,0.8259171022826978,0.00012422175302107411,3.2826960890870546e-31,1.3494194066900024e-09,2.218568985236375e-12,7.021778807942599e-39,1.4573088222387815e-08,1.814864372292864e-08,0.09259666764502018,0.00015223739480476847,3.869037772266927e-31,False,1e-24,True
UniGCN,random,3,191,restart,9414.457616531618,970.4148965426144,939.7153315645647,1300.7885244020458,1207.667358461521,7.237500515973042,0.7460204932148372,0.7781243112852637,0.012784522705386922,0.014404940209733015,0.013410779104341164,0.015755674956420128,0.014622873830763812,0.8114233595671813,0.9142699534978213,0.9171096775879563,False,1e-24,False
UniGCN,random,3,192,base,0.0009392332649565344,1.4126502810771473e-07,4.621471325044592e-34,0.0011372004071118634,0.0014166889240148704,0.8259171022826977,0.00012422175302107403,3.2621638008910436e-31,1.2754477730513429e-09,2.096952850649613e-12,6.595351698054276e-39,1.3774229737304547e-08,1.7153782660567e-08,0.09259666764502017,0.00015223739480476836,3.8448380911433757e-31,False,1e-24,True
UniGCN,random,3,192,restart,9414.457616531596,970.4148965426147,939.7153315645648,1300.7885244020274,1207.667358461497,7.237500515973128,0.7460204932148479,0.7781243112852791,0.012784522705386893,0.014404940209733019,0.013410779104341165,0.015755674956419906,0.014622873830763522,0.8114233595671909,0.9142699534978344,0.9171096775879745,False,1e-24,False
UniGCN,random,3,193,base,0.0008877469600818871,1.3352124966986732e-07,4.340150687675645e-34,0.0010748620625826756,0.0013390297518200468,0.8259171022826975,0.000124221753021074,3.2412653130196622e-31,1.2055310704119294e-09,1.9820033936781298e-12,6.193875974659823e-39,1.301916257973202e-08,1.621345727307525e-08,0.09259666764502016,0.00015223739480476833,3.8202068012635607e-31,False,1e-24,True
UniGCN,random,3,193,restart,9414.45761653158,970.4148965426145,939.7153315645647,1300.788524402011,1207.6673584614764,7.237500515973206,0.7460204932148572,0.7781243112852925,0.01278452270538687,0.014404940209733017,0.013410779104341164,0.015755674956419708,0.014622873830763272,0.8114233595671997,0.9142699534978458,0.9171096775879902,False,1e-24,False
UniGCN,random,3,194,base,0.0008390829994411484,1.2620196486146057e-07,4.132552324048309e-34,0.001015940942646741,0.0012656276518192334,0.8259171022826975,0.00012422175302107403,3.2652196861439553e-31,1.1394470180865885e-09,1.8733551645353733e-12,5.897610105250879e-39,1.2305486223918858e-08,1.5324678057751944e-08,0.09259666764502016,0.00015223739480476836,3.8484398060601275e-31,False,1e-24,True
UniGCN,random,3,194,restart,9414.457616531567,970.4148965426148,939.7153315645645,1300.7885244019967,1207.6673584614584,7.2375005159732755,0.7460204932148655,0.7781243112853039,0.012784522705386853,0.01440494020973302,0.01341077910434116,0.015755674956419535,0.014622873830763055,0.8114233595672075,0.914269953497856,0.9171096775880037,False,1e-24,False
UniGCN,random,3,195,base,0.0007930866695237239,1.1928390405476904e-07,3.9327738401757765e-34,0.0009602497240119671,0.0011962492624769815,0.8259171022826975,0.00012422175302107398,3.287587264239966e-31,1.0769855202344775e-09,1.7706627464338618e-12,5.612504070793184e-39,1.1630931734641073e-08,1.448461938859509e-08,0.09259666764502016,0.0001522373948047683,3.874802589022368e-31,False,1e-24,True
UniGCN,random,3,195,restart,9414.457616531552,970.4148965426147,939.7153315645648,1300.7885244019842,1207.6673584614423,7.237500515973333,0.7460204932148726,0.7781243112853146,0.012784522705386832,0.014404940209733019,0.013410779104341165,0.015755674956419382,0.01462287383076286,0.8114233595672139,0.9142699534978647,0.9171096775880162,False,1e-24,False
UniGCN,random,3,196,base,0.0007496117378080051,1.1274507320204554e-07,3.736831065100853e-34,0.0009076113519579664,0.0011306740145253322,0.8259171022826975,0.00012422175302107398,3.3049588272970175e-31,1.0179479979178685e-09,1.6735996574287116e-12,5.33287201783451e-39,1.0993354553754438e-08,1.3690610533011226e-08,0.09259666764502016,0.0001522373948047683,3.8952769892735773e-31,False,1e-24,True
UniGCN,random,3,196,restart,9414.457616531543,970.4148965426147,939.7153315645648,1300.7885244019735,1207.6673584614282,7.237500515973386,0.7460204932148787,0.7781243112853236,0.01278452270538682,0.014404940209733019,0.013410779104341165,0.015755674956419254,0.01462287383076269,0.8114233595672198,0.9142699534978721,0.9171096775880269,False,1e-24,False
UniGCN,random,3,197,base,0.0007085199878557895,1.0656468391157088e-07,3.5368190252021712e-34,0.0008578584774398761,0.0010686934297252546,0.8259171022826978,0.000124221753021074,3.3094795259585675e-31,9.621467577757176e-10,1.5818573124592037e-12,5.04743267304655e-39,1.0390727682169043e-08,1.2940127160964892e-08,0.09259666764502018,0.00015223739480476833,3.9006051565494697e-31,False,1e-24,True
UniGCN,random,3,197,restart,9414.457616531532,970.4148965426145,939.7153315645648,1300.788524401964,1207.667358461416,7.23750051597343,0.7460204932148842,0.7781243112853314,0.012784522705386806,0.014404940209733017,0.013410779104341165,0.015755674956419136,0.01462287383076254,0.8114233595672248,0.9142699534978788,0.9171096775880361,False,1e-24,False
UniGCN,random,3,198,base,0.0006696807798916075,1.0072308735675182e-07,3.335862884055949e-34,0.0008108329250486777,0.0010101104580681412,0.8259171022826975,0.00012422175302107398,3.3024733655721783e-31,9.094043953048928e-10,1.495144042288525e-12,4.7606459911600445e-39,9.821135235570223e-09,1.223078331957425e-08,0.09259666764502016,0.0001522373948047683,3.8923475845909767e-31,False,1e-24,True
UniGCN,random,3,198,restart,9414.457616531521,970.4148965426145,939.7153315645646,1300.7885244019556,1207.6673584614052,7.23750051597347,0.746020493214889,0.7781243112853382,0.01278452270538679,0.014404940209733017,0.013410779104341162,0.015755674956419035,0.01462287383076241,0.8114233595672292,0.9142699534978846,0.9171096775880441,False,1e-24,False
UniGCN,random,3,199,base,0.0006329706354699377,9.520171180814895e-08,3.1956836581204772e-34,0.0007663851901365306,0.0009547388513101834,0.8259171022826977,0.000124221753021074,3.3471809110261475e-31,8.595532308519613e-10,1.4131841662226557e-12,4.560594702126778e-39,9.2827663533979e-09,1.1560323847638392e-08,0.09259666764502017,0.00015223739480476833,3.945040608060857e-31,False,1e-24,True
UniGCN,random,3,199,restart,9414.457616531516,970.4148965426144,939.7153315645646,1300.7885244019483,1207.6673584613961,7.237500515973506,0.746020493214893,0.7781243112853442,0.012784522705386783,0.014404940209733015,0.013410779104341162,0.01575567495641895,0.0146228738307623,0.8114233595672333,0.9142699534978896,0.9171096775880512,False,1e-24,False
UniGCN,random,3,200,base,0.0005982728449098765,8.998300358983489e-08,2.9714471491943085e-34,0.0007243739635083833,0.0009024025708479476,0.8259171022826977,0.00012422175302107406,3.2928176904484786e-31,8.12434776522429e-10,1.3357171156603758e-12,4.2405843556603964e-39,8.773909441719758e-09,1.0926617205980305e-08,0.09259666764502017,0.0001522373948047684,3.8809672524626005e-31,False,1e-24,True
UniGCN,random,3,200,restart,9414.457616531508,970.4148965426148,939.7153315645647,1300.7885244019421,1207.667358461388,7.237500515973535,0.7460204932148968,0.7781243112853494,0.012784522705386773,0.01440494020973302,0.013410779104341164,0.015755674956418872,0.014622873830762202,0.8114233595672364,0.9142699534978943,0.9171096775880573,False,1e-24,False
UniGCN,random,3,201,base,0.0005654770962492092,8.505037127236994e-08,2.7778456645945414e-34,0.0006846656821687364,0.0008529352280526593,0.8259171022826977,0.00012422175302107403,3.2568072852808003e-31,7.678992323126151e-10,1.2624966056879598e-12,3.964293583654236e-39,8.292946731694967e-09,1.0327648700811676e-08,0.09259666764502017,0.00015223739480476836,3.8385248167307164e-31,False,1e-24,True
UniGCN,random,3,201,restart,9414.457616531503,970.4148965426147,939.7153315645647,1300.7885244019365,1207.6673584613807,7.237500515973562,0.7460204932149,0.7781243112853541,0.012784522705386766,0.014404940209733019,0.013410779104341164,0.015755674956418803,0.014622873830762113,0.8114233595672395,0.9142699534978983,0.9171096775880628,False,1e-24,False
UniGCN,random,3,202,base,0.0005344791245382474,8.0388132924973e-08,2.643405844574214e-34,0.0006471341046952968,0.0008061795552838949,0.8259171022826975,0.000124221753021074,3.278929398852521e-31,7.258050098622587e-10,1.1932898520848857e-12,3.7724330628603254e-39,7.838349136328691e-09,9.761514078575047e-09,0.09259666764502016,0.00015223739480476833,3.864598291304225e-31,False,1e-24,True
UniGCN,random,3,202,restart,9414.457616531497,970.4148965426144,939.7153315645648,1300.7885244019315,1207.6673584613745,7.2375005159735855,0.7460204932149027,0.7781243112853583,0.012784522705386759,0.014404940209733015,0.013410779104341165,0.015755674956418744,0.014622873830762039,0.8114233595672422,0.9142699534979015,0.9171096775880678,False,1e-24,False
UniGCN,random,3,203,base,0.0005051803803584569,7.598146625918963e-08,2.493689172125678e-34,0.0006116599098895304,0.0007619869059009164,0.8259171022826975,0.000124221753021074,3.2726142048035933e-31,6.860182823137577e-10,1.1278768312512289e-12,3.5587707807837496e-39,7.408671389165824e-09,9.226413471899946e-09,0.09259666764502016,0.00015223739480476833,3.8571551032504407e-31,False,1e-24,True
UniGCN,random,3,203,restart,9414.457616531494,970.4148965426145,939.7153315645647,1300.7885244019271,1207.667358461369,7.237500515973607,0.7460204932149053,0.7781243112853616,0.012784522705386754,0.014404940209733017,0.013410779104341164,0.01575567495641869,0.014622873830761973,0.8114233595672445,0.9142699534979046,0.9171096775880717,False,1e-24,False
UniGCN,random,3,204,base,0.00047748771651202746,7.181636150555382e-08,2.367758429063104e-34,0.0005781303174281423,0.0007202167816820738,0.8259171022826975,0.00012422175302107403,3.2875635354305127e-31,6.484125588469441e-10,1.0660495807039021e-12,3.379053655721425e-39,7.0025474494687776e-09,8.720645677425828e-09,0.09259666764502016,0.00015223739480476836,3.874774621870498e-31,False,1e-24,True
UniGCN,random,3,204,restart,9414.45761653149,970.4148965426144,939.7153315645647,1300.7885244019235,1207.667358461364,7.2375005159736245,0.7460204932149073,0.7781243112853647,0.012784522705386749,0.014404940209733015,0.013410779104341164,0.015755674956418646,0.014622873830761912,0.8114233595672465,0.9142699534979071,0.9171096775880754,False,1e-24,False
UniGCN,random,3,205,base,0.00045131309188629605,6.787957687342741e-08,2.253071331715938e-34,0.000546438729309445,0.0006807363861498344,0.8259171022826974,0.00012422175302107406,3.309755990066943e-31,6.128682825367467e-10,1.0076115379178529e-12,3.215382459032511e-39,6.618686159271378e-09,8.242602747299731e-09,0.09259666764502014,0.0001522373948047684,3.9009310015405843e-31,False,1e-24,True
UniGCN,random,3,205,restart,9414.457616531485,970.4148965426145,939.7153315645648,1300.78852440192,1207.66735846136,7.23750051597364,0.7460204932149094,0.7781243112853675,0.012784522705386742,0.014404940209733017,0.013410779104341165,0.015755674956418605,0.014622873830761862,0.8114233595672482,0.9142699534979097,0.9171096775880786,False,1e-24,False
UniGCN,random,3,206,base,0.00042657329155154877,6.415859645241442e-08,2.1395565524482586e-34,0.0005164843909546988,0.0006434202023813667,0.8259171022826977,0.000124221753021074,3.325286561611731e-31,5.792724502552436e-10,9.523769154102567e-13,3.05338429015063e-39,6.255867138501681e-09,7.790764877153896e-09,0.09259666764502017,0.00015223739480476833,3.9192355799422936e-31,False,1e-24,True
UniGCN,random,3,206,restart,9414.457616531485,970.4148965426144,939.7153315645647,1300.7885244019174,1207.6673584613563,7.237500515973653,0.7460204932149108,0.7781243112853697,0.012784522705386742,0.014404940209733015,0.013410779104341164,0.015755674956418574,0.014622873830761818,0.8114233595672498,0.9142699534979115,0.9171096775880813,False,1e-24,False
UniGCN,random,3,207,base,0.00040318966220232507,6.064159042150967e-08,2.0238405374158364e-34,0.0004881720708869883,0.0006081495939624375,0.8259171022826977,0.00012422175302107392,3.32786629722035e-31,5.475182534096861e-10,9.001701100809564e-13,2.8882447139078206e-39,5.912936905123405e-09,7.363695574311006e-09,0.09259666764502017,0.00015223739480476822,3.9222760973223187e-31,False,1e-24,True
UniGCN,random,3,207,restart,9414.457616531481,970.4148965426144,939.7153315645647,1300.7885244019149,1207.6673584613532,7.237500515973666,0.7460204932149123,0.7781243112853719,0.012784522705386736,0.014404940209733015,0.013410779104341164,0.015755674956418542,0.01462287383076178,0.8114233595672512,0.9142699534979132,0.9171096775880837,False,1e-24,False
UniGCN,random,3,208,base,0.0003810878621011377,5.7317377439477136e-08,1.8861339425302177e-34,0.0004614117579692612,0.0005748124278159723,0.8259171022826978,0.000124221753021074,3.2813033456786505e-31,5.175047383743239e-10,8.508251449313059e-13,2.69172214338135e-39,5.5888052079610124e-09,6.9600370908557675e-09,0.09259666764502018,0.00015223739480476833,3.867396262755247e-31,False,1e-24,True
UniGCN,random,3,208,restart,9414.457616531477,970.4148965426144,939.7153315645648,1300.7885244019126,1207.6673584613502,7.237500515973675,0.7460204932149136,0.7781243112853738,0.012784522705386731,0.014404940209733015,0.013410779104341165,0.015755674956418515,0.014622873830761744,0.8114233595672522,0.9142699534979148,0.9171096775880861,False,1e-24,False
UniGCN,random,3,209,base,0.0003601976247296209,5.4175389096889275e-08,1.79001374659182e-34,0.0004361183752389853,0.000543302717706164,0.8259171022826974,0.00012422175302107392,3.294689476521114e-31,4.891364855364646e-10,8.041851413865245e-13,2.5545479724492163e-39,5.282441560549726e-09,6.578506107053533e-09,0.09259666764502014,0.00015223739480476822,3.883173369270277e-31,False,1e-24,True
UniGCN,random,3,209,restart,9414.457616531476,970.4148965426145,939.7153315645647,1300.7885244019105,1207.6673584613477,7.237500515973685,0.7460204932149148,0.7781243112853754,0.01278452270538673,0.014404940209733017,0.013410779104341164,0.01575567495641849,0.014622873830761714,0.8114233595672533,0.9142699534979164,0.9171096775880879,False,1e-24,False
UniGCN,random,3,210,base,0.0003404525353957042,5.12056363168127e-08,1.7008579463667748e-34,0.00041221150942963883,0.0005135202872847516,0.8259171022826977,0.00012422175302107398,3.312153362742675e-31,4.623233059363901e-10,7.601018205439607e-13,2.4273127659427762e-39,4.99287196499078e-09,6.217889651392584e-09,0.09259666764502017,0.0001522373948047683,3.9037565830701827e-31,False,1e-24,True
UniGCN,random,3,210,restart,9414.457616531476,970.4148965426144,939.7153315645647,1300.788524401909,1207.6673584613457,7.237500515973693,0.7460204932149156,0.7781243112853767,0.01278452270538673,0.014404940209733015,0.013410779104341164,0.01575567495641847,0.014622873830761688,0.8114233595672542,0.9142699534979173,0.9171096775880895,False,1e-24,False
UniGCN,random,3,211,base,0.00032178982008659396,4.8398677597319596e-08,1.6043772756941456e-34,0.00038961515531912405,0.0004853704516082195,0.8259171022826974,0.00012422175302107395,3.3054696065205967e-31,4.3697995453667425e-10,7.184350317616109e-13,2.2896241576197546e-39,4.719175815396367e-09,5.877041244279013e-09,0.09259666764502014,0.00015223739480476828,3.8958790017827115e-31,False,1e-24,True
UniGCN,random,3,211,restart,9414.457616531474,970.4148965426144,939.7153315645647,1300.7885244019074,1207.6673584613436,7.237500515973701,0.7460204932149165,0.778124311285378,0.012784522705386726,0.014404940209733015,0.013410779104341164,0.015755674956418452,0.014622873830761664,0.8114233595672551,0.9142699534979184,0.9171096775880909,False,1e-24,False
UniGCN,random,3,212,base,0.00030415014589628203,4.574558899486187e-08,1.5229128807603171e-34,0.00036825747409232907,0.00045876371611338745,0.8259171022826977,0.00012422175302107403,3.3196018500816136e-31,4.1302585920932683e-10,6.790523070881862e-13,2.1733654387684362e-39,4.460482971079567e-09,5.5548772531241335e-09,0.09259666764502017,0.00015223739480476836,3.9125354886034754e-31,False,1e-24,True
UniGCN,random,3,212,restart,9414.457616531472,970.4148965426145,939.7153315645648,1300.7885244019062,1207.6673584613422,7.237500515973706,0.7460204932149174,0.7781243112853791,0.012784522705386724,0.014404940209733017,0.013410779104341165,0.015755674956418438,0.014622873830761648,0.8114233595672558,0.9142699534979195,0.9171096775880923,False,1e-24,False
UniGCN,random,3,213,base,0.0002874774323930938,4.323793575307769e-08,1.4374529245191042e-34,0.0003480705649496226,0.00043361549209437023,0.8259171022826975,0.00012422175302107392,3.3150405156794147e-31,3.9038486457914985e-10,6.418284401181495e-13,2.0514046111729758e-39,4.215970990184382e-09,5.250373447236438e-09,0.09259666764502016,0.00015223739480476822,3.9071594273979567e-31,False,1e-24,True
UniGCN,random,3,213,restart,9414.45761653147,970.4148965426145,939.7153315645648,1300.788524401905,1207.6673584613407,7.237500515973711,0.7460204932149179,0.77812431128538,0.01278452270538672,0.014404940209733017,0.013410779104341165,0.015755674956418424,0.014622873830761628,0.8114233595672562,0.9142699534979202,0.9171096775880933,False,1e-24,False
UniGCN,random,3,214,base,0.00027171867332757393,4.086774548683283e-08,1.3619032668908672e-34,0.00032899024923516986,0.0004098458277763437,0.8259171022826975,0.00012422175302107392,3.322964818941793e-31,3.6898498990893134e-10,6.066450879328205e-13,1.943586877884107e-39,3.9848625149608756e-09,4.962561741565348e-09,0.09259666764502016,0.00015223739480476822,3.916499137139277e-31,False,1e-24,True
UniGCN,random,3,214,restart,9414.45761653147,970.4148965426145,939.7153315645648,1300.7885244019042,1207.6673584613395,7.237500515973716,0.7460204932149185,0.7781243112853807,0.01278452270538672,0.014404940209733017,0.013410779104341165,0.015755674956418414,0.014622873830761616,0.8114233595672568,0.9142699534979208,0.9171096775880943,False,1e-24,False
UniGCN,random,3,215,base,0.00025682376811387756,3.862748283624207e-08,1.2690997140472404e-34,0.00031095586639876975,0.0003873791541311427,0.8259171022826975,0.00012422175302107403,3.2761177273302668e-31,3.4875820025673664e-10,5.733903948620194e-13,1.8111459241740292e-39,3.766422800372696e-09,4.690527118944397e-09,0.09259666764502016,0.00015223739480476836,3.861284410570954e-31,False,1e-24,True
UniGCN,random,3,215,restart,9414.457616531468,970.4148965426147,939.7153315645648,1300.7885244019035,1207.6673584613384,7.237500515973719,0.746020493214919,0.7781243112853815,0.012784522705386719,0.014404940209733019,0.013410779104341165,0.015755674956418404,0.014622873830761602,0.8114233595672571,0.9142699534979215,0.9171096775880951,False,1e-24,False
UniGCN,random,3,216,base,0.00024274536254890997,3.651002551009103e-08,1.211754205297303e-34,0.0002939100811425288,0.0003661440446265811,0.8259171022826977,0.00012422175302107398,3.3095013371940356e-31,3.2964019017775747e-10,5.419586368701145e-13,1.7293075285834133e-39,3.559957378179855e-09,4.433404721048974e-09,0.09259666764502017,0.0001522373948047683,3.9006308636181704e-31,False,1e-24,True
UniGCN,random,3,216,restart,9414.457616531468,970.4148965426145,939.7153315645646,1300.7885244019026,1207.6673584613375,7.237500515973723,0.7460204932149194,0.778124311285382,0.012784522705386719,0.014404940209733017,0.013410779104341162,0.015755674956418393,0.01462287383076159,0.8114233595672576,0.914269953497922,0.9171096775880957,False,1e-24,False
UniGCN,random,3,217,base,0.00022943869826282513,3.450864164249485e-08,1.133588073893938e-34,0.00027779870113924833,0.0003460729881456834,0.8259171022826977,0.00012422175302107398,3.27557513219362e-31,3.1157017928305797e-10,5.122498854358961e-13,1.6177557972791968e-39,3.364809849070353e-09,4.190377098820122e-09,0.09259666764502017,0.0001522373948047683,3.860644899321127e-31,False,1e-24,True
UniGCN,random,3,217,restart,9414.457616531467,970.4148965426145,939.7153315645648,1300.788524401902,1207.6673584613368,7.237500515973727,0.7460204932149198,0.7781243112853825,0.012784522705386717,0.014404940209733017,0.013410779104341165,0.015755674956418386,0.014622873830761583,0.811423359567258,0.9142699534979225,0.9171096775880964,False,1e-24,False
UniGCN,random,3,218,base,0.00021686147042225383,3.261696839080518e-08,1.073893255527038e-34,0.0002625705047430121,0.00032710217435388974,0.8259171022826975,0.00012422175302107398,3.2830514124470467e-31,2.9449071900525533e-10,4.841696898576698e-13,1.5325646765320875e-39,3.1803597958213676e-09,3.960671613612912e-09,0.09259666764502016,0.0001522373948047683,3.869456562025062e-31,False,1e-24,True
UniGCN,random,3,218,restart,9414.457616531467,970.4148965426144,939.715331564565,1300.7885244019012,1207.6673584613357,7.237500515973729,0.74602049321492,0.7781243112853833,0.012784522705386717,0.014404940209733015,0.013410779104341167,0.015755674956418376,0.014622873830761569,0.8114233595672583,0.9142699534979227,0.9171096775880972,False,1e-24,False
UniGCN,random,3,219,base,0.0002049736932338669,3.0828991706724e-08,1.0190940349306063e-34,0.0002481770781442274,0.00030917129083186734,0.8259171022826977,0.00012422175302107403,3.2962117284195286e-31,2.783475099567978e-10,4.576287769735536e-13,1.4543601162973147e-39,3.0060208108554673e-09,3.7435579808070375e-09,0.09259666764502017,0.00015223739480476836,3.884967519546159e-31,False,1e-24,True
UniGCN,random,3,219,restart,9414.457616531467,970.4148965426144,939.7153315645647,1300.7885244019008,1207.6673584613352,7.237500515973733,0.7460204932149204,0.7781243112853835,0.012784522705386717,0.014404940209733015,0.013410779104341164,0.015755674956418372,0.014622873830761562,0.8114233595672586,0.9142699534979232,0.9171096775880975,False,1e-24,False
UniGCN,random,3,220,base,0.00019373757282068108,2.91390272163119e-08,9.576745619866348e-35,0.00023457266145140068,0.00029222333132896967,0.8259171022826975,0.000124221753021074,3.2772008916308438e-31,2.630892293001839e-10,4.325427673423225e-13,1.3667077223552809e-39,2.8412386319210355e-09,3.5383459480702404e-09,0.09259666764502016,0.00015223739480476833,3.8625610452269722e-31,False,1e-24,True
UniGCN,random,3,220,restart,9414.457616531467,970.4148965426145,939.7153315645646,1300.7885244019003,1207.6673584613347,7.237500515973735,0.7460204932149207,0.7781243112853836,0.012784522705386717,0.014404940209733017,0.013410779104341162,0.015755674956418365,0.014622873830761557,0.8114233595672589,0.9142699534979236,0.9171096775880976,False,1e-24,False
UniGCN,random,3,221,base,0.00018311738706695214,2.7541702148104158e-08,9.093122078570011e-35,0.00022171400321030537,0.0002762044145277375,0.8259171022826977,0.00012422175302107398,3.2921711603044796e-31,2.486673675812934e-10,4.0883190698247245e-13,1.297689283854485e-39,2.685489379969784e-09,3.3443831008932427e-09,0.09259666764502017,0.0001522373948047683,3.8802052417615922e-31,False,1e-24,True
UniGCN,random,3,221,restart,9414.457616531465,970.4148965426145,939.7153315645646,1300.7885244018998,1207.667358461334,7.237500515973736,0.7460204932149209,0.7781243112853841,0.012784522705386714,0.014404940209733017,0.013410779104341162,0.015755674956418362,0.014622873830761548,0.811423359567259,0.9142699534979238,0.9171096775880981,False,1e-24,False
UniGCN,random,3,222,base,0.00017307937204965584,2.603193825188011e-08,8.564545251687847e-35,0.00020956022289802842,0.00026106361274325573,0.8259171022826974,0.00012422175302107403,3.2806353829595897e-31,2.3503607450708673e-10,3.864208138166474e-13,1.2222555133615828e-39,2.53827789362922e-09,3.161052788419508e-09,0.09259666764502014,0.00015223739480476836,3.86660899128071e-31,False,1e-24,True
UniGCN,random,3,222,restart,9414.457616531465,970.4148965426144,939.7153315645647,1300.7885244018994,1207.6673584613336,7.237500515973738,0.746020493214921,0.7781243112853844,0.012784522705386714,0.014404940209733015,0.013410779104341164,0.015755674956418355,0.014622873830761543,0.8114233595672593,0.914269953497924,0.9171096775880986,False,1e-24,False
UniGCN,random,3,223,base,0.00016359161469549794,2.4604935653780772e-08,8.062432453510648e-35,0.00019807268095473255,0.00024675279001276163,0.8259171022826974,0.00012422175302107398,3.2674128844069696e-31,2.2215201317736776e-10,3.652382380153165e-13,1.1505984530196404e-39,2.3991361549749583e-09,2.987772162975569e-09,0.09259666764502014,0.0001522373948047683,3.8510247443825883e-31,False,1e-24,True
UniGCN,random,3,223,restart,9414.457616531463,970.4148965426144,939.7153315645647,1300.7885244018992,1207.6673584613334,7.237500515973739,0.7460204932149214,0.7781243112853846,0.012784522705386712,0.014404940209733015,0.013410779104341164,0.01575567495641835,0.014622873830761541,0.8114233595672594,0.9142699534979244,0.9171096775880988,False,1e-24,False
UniGCN,random,3,224,base,0.0001546239513221846,2.3256157596446687e-08,7.612907225691315e-35,0.000187214855939936,0.00023322644906075677,0.8259171022826975,0.00012422175302107406,3.2641697613413094e-31,2.099742223071776e-10,3.4521683547778434e-13,1.0864462217042624e-39,2.2676218015980623e-09,2.8239903270691683e-09,0.09259666764502016,0.0001522373948047684,3.8472023480045428e-31,False,1e-24,True
UniGCN,random,3,224,restart,9414.457616531463,970.4148965426144,939.7153315645647,1300.7885244018992,1207.6673584613332,7.237500515973739,0.7460204932149214,0.7781243112853848,0.012784522705386712,0.014404940209733015,0.013410779104341164,0.01575567495641835,0.014622873830761537,0.8114233595672594,0.9142699534979244,0.917109677588099,False,1e-24,False
UniGCN,random,3,225,base,0.00014614787174139484,2.1981316015661217e-08,7.179045424389632e-35,0.0001769522284227635,0.00022044158665308937,0.8259171022826977,0.00012422175302107411,3.256665647071099e-31,1.9846398600179658e-10,3.262929537303757e-13,1.0245293349234419e-39,2.143316720236961e-09,2.6691865819640945e-09,0.09259666764502017,0.00015223739480476847,3.8383578796861475e-31,False,1e-24,True
UniGCN,random,3,225,restart,9414.457616531463,970.4148965426144,939.7153315645647,1300.788524401899,1207.6673584613327,7.23750051597374,0.7460204932149215,0.7781243112853851,0.012784522705386712,0.014404940209733015,0.013410779104341164,0.015755674956418348,0.014622873830761532,0.8114233595672595,0.9142699534979245,0.9171096775880994,False,1e-24,False
UniGCN,random,3,226,base,0.00013813642861857644,2.0776357907644582e-08,6.776662427507327e-35,0.00016725217123702887,0.00020835755688014776,0.8259171022826975,0.00012422175302107403,3.252419796516152e-31,1.8758471067033872e-10,3.0840642956112267e-13,9.671048223580574e-40,2.025825717502772e-09,2.522868772263561e-09,0.09259666764502016,0.00015223739480476836,3.8333536527560027e-31,False,1e-24,True
UniGCN,random,3,226,restart,9414.457616531463,970.4148965426147,939.7153315645647,1300.7885244018985,1207.6673584613325,7.237500515973742,0.7460204932149217,0.7781243112853851,0.012784522705386712,0.014404940209733019,0.013410779104341164,0.015755674956418345,0.014622873830761529,0.8114233595672596,0.9142699534979248,0.9171096775880994,False,1e-24,False
UniGCN,random,3,227,base,0.0001305641518014004,1.9637452443657135e-08,6.504970305492e-35,0.00015808384575224653,0.00019693594193450977,0.8259171022826977,0.00012422175302107406,3.3030894419745895e-31,1.7730180868662071e-10,2.9150039774758795e-13,9.28331345855648e-40,1.9147752634719784e-09,2.3845717212391815e-09,0.09259666764502017,0.0001522373948047684,3.8930737020282426e-31,False,1e-24,True
UniGCN,random,3,227,restart,9414.457616531461,970.4148965426144,939.7153315645647,1300.7885244018985,1207.6673584613322,7.237500515973741,0.7460204932149217,0.7781243112853853,0.012784522705386709,0.014404940209733015,0.013410779104341164,0.015755674956418345,0.014622873830761527,0.8114233595672596,0.9142699534979248,0.9171096775880996,False,1e-24,False
UniGCN,random,3,228,base,0.0001234069673445043,1.8560978790946048e-08,6.13651824878584e-35,0.00014941810383079364,0.00018614042997222295,0.8259171022826975,0.00012422175302107406,3.2967143407273584e-31,1.6758258842743594e-10,2.755211102697239e-13,8.757491544509415e-40,1.8098123041520547e-09,2.253855751931105e-09,0.09259666764502016,0.0001522373948047684,3.8855599063986194e-31,False,1e-24,True
UniGCN,random,3,228,restart,9414.457616531463,970.4148965426147,939.7153315645647,1300.7885244018983,1207.6673584613318,7.237500515973743,0.7460204932149219,0.7781243112853856,0.012784522705386712,0.014404940209733019,0.013410779104341164,0.01575567495641834,0.014622873830761522,0.8114233595672597,0.9142699534979251,0.9171096775881,False,1e-24,False
UniGCN,random,3,229,base,0.00011664212097308794,1.754351460131608e-08,5.81096629600349e-35,0.00014122739515952452,0.00017593669966940907,0.8259171022826974,0.00012422175302107403,3.302873310072594e-31,1.5839615033864364e-10,2.6041776543301315e-13,8.292892832633334e-40,1.7106031390446285e-09,2.1303052893175683e-09,0.09259666764502014,0.00015223739480476836,3.892818965534239e-31,False,1e-24,True
UniGCN,random,3,229,restart,9414.457616531463,970.4148965426143,939.7153315645647,1300.7885244018978,1207.6673584613318,7.237500515973745,0.7460204932149218,0.7781243112853856,0.012784522705386712,0.014404940209733014,0.013410779104341164,0.015755674956418334,0.014622873830761522,0.8114233595672601,0.914269953497925,0.9171096775881,False,1e-24,False
UniGCN,random,3,230,base,0.00011024810574203264,1.6581825130726492e-08,5.466354955917735e-35,0.0001334856796612217,0.00016629231110717302,0.8259171022826974,0.00012422175302107406,3.2871964551594616e-31,1.4971328869864065e-10,2.461423463586271e-13,7.801094263055191e-40,1.616832360237666e-09,2.013527539109846e-09,0.09259666764502014,0.0001522373948047684,3.874341975230173e-31,False,1e-24,True
UniGCN,random,3,230,restart,9414.457616531463,970.4148965426143,939.7153315645647,1300.7885244018978,1207.6673584613316,7.237500515973745,0.7460204932149218,0.7781243112853857,0.012784522705386712,0.014404940209733014,0.013410779104341164,0.015755674956418334,0.014622873830761518,0.8114233595672601,0.914269953497925,0.9171096775881001,False,1e-24,False
UniGCN,random,3,231,base,0.00010420459366055911,1.5672852955323204e-08,5.154317599790979e-35,0.00012616834470742272,0.0001571766026379145,0.8259171022826977,0.00012422175302107406,3.2793160771294354e-31,1.415063987669036e-10,2.326494683271321e-13,7.355782378194125e-40,1.5282018496538604e-09,1.9031512389721956e-09,0.09259666764502017,0.0001522373948047684,3.86505403646567e-31,False,1e-24,True
UniGCN,random,3,231,restart,9414.457616531463,970.4148965426147,939.7153315645647,1300.7885244018978,1207.6673584613313,7.237500515973745,0.7460204932149221,0.7781243112853858,0.012784522705386712,0.014404940209733019,0.013410779104341164,0.015755674956418334,0.014622873830761515,0.8114233595672601,0.9142699534979254,0.9171096775881002,False,1e-24,False
UniGCN,random,3,232,base,9.849237106504174e-05,1.481370825121114e-08,4.840897967256043e-35,0.00011925212686942212,0.00014856059340515862,0.8259171022826975,0.00012422175302107403,3.258534350393856e-31,1.337493890224038e-10,2.198962344904135e-13,6.908497831724959e-40,1.4444298312672252e-09,1.7988254781966553e-09,0.09259666764502016,0.00015223739480476836,3.840560363115833e-31,False,1e-24,True
UniGCN,random,3,232,restart,9414.457616531461,970.4148965426147,939.7153315645647,1300.7885244018978,1207.6673584613313,7.2375005159737436,0.7460204932149221,0.7781243112853858,0.012784522705386709,0.014404940209733019,0.013410779104341164,0.015755674956418334,0.014622873830761515,0.8114233595672599,0.9142699534979254,0.9171096775881002,False,1e-24,False
UniGCN,random,3,233,base,9.309327753451575e-05,1.4001659607063907e-08,4.5716702817476497e-35,0.0001127150379586782,0.00014041689120699333,0.8259171022826975,0.00012422175302107403,3.255783718362198e-31,1.2641759821288223e-10,2.0784209949309283e-13,6.524280090686854e-40,1.3652499752746875e-09,1.7002185820801703e-09,0.09259666764502016,0.00015223739480476836,3.8373184244960892e-31,False,1e-24,True
UniGCN,random,3,233,restart,9414.457616531461,970.4148965426147,939.7153315645647,1300.7885244018978,1207.6673584613313,7.237500515973745,0.7460204932149223,0.778124311285386,0.012784522705386709,0.014404940209733019,0.013410779104341164,0.015755674956418334,0.014622873830761515,0.8114233595672601,0.9142699534979255,0.9171096775881004,False,1e-24,False
UniGCN,random,3,234,base,8.79901481546763e-05,1.3234125340362134e-08,4.3619096195995374e-35,0.0001065362951214912,0.00013271960541019184,0.8259171022826975,0.00012422175302107403,3.286560117563894e-31,1.194877169512658e-10,1.964487405698616e-13,6.22492838167886e-40,1.290410551374651e-09,1.6070170574572419e-09,0.09259666764502016,0.00015223739480476836,3.873591977628705e-31,False,1e-24,True
UniGCN,random,3,234,restart,9414.457616531461,970.4148965426147,939.7153315645647,1300.7885244018976,1207.6673584613313,7.237500515973746,0.7460204932149224,0.778124311285386,0.012784522705386709,0.014404940209733019,0.013410779104341164,0.015755674956418334,0.014622873830761515,0.8114233595672602,0.9142699534979256,0.9171096775881004,False,1e-24,False
UniGCN,random,3,235,base,8.316675894681357e-05,1.2508665289652881e-08,4.1192968366697184e-35,0.00010069625476570768,0.00012544426463815452,0.8259171022826975,0.00012422175302107395,3.283766578369987e-31,1.129377136099626e-10,1.8567993570892162e-13,5.878693055886718e-40,1.2196736284606066e-09,1.518924596035711e-09,0.09259666764502016,0.00015223739480476828,3.870299467945745e-31,False,1e-24,True
UniGCN,random,3,235,restart,9414.457616531461,970.4148965426144,939.7153315645647,1300.7885244018976,1207.667358461331,7.237500515973746,0.7460204932149223,0.7781243112853861,0.012784522705386709,0.014404940209733015,0.013410779104341164,0.015755674956418334,0.014622873830761513,0.8114233595672602,0.9142699534979255,0.9171096775881005,False,1e-24,False
UniGCN,random,3,236,base,7.860777528819058e-05,1.182297305673587e-08,3.894217681471976e-35,9.517635010938963e-05,0.00011856773897098189,0.8259171022826975,0.00012422175302107403,3.284382172814345e-31,1.0674676427743737e-10,1.7550144849418612e-13,5.557480159814983e-40,1.1528143181854363e-09,1.435661132367062e-09,0.09259666764502016,0.00015223739480476836,3.8710250173395913e-31,False,1e-24,True
UniGCN,random,3,236,restart,9414.457616531461,970.4148965426147,939.7153315645647,1300.7885244018976,1207.667358461331,7.237500515973746,0.7460204932149224,0.7781243112853861,0.012784522705386709,0.014404940209733019,0.013410779104341164,0.015755674956418334,0.014622873830761513,0.8114233595672602,0.9142699534979256,0.9171096775881005,False,1e-24,False
UniGCN,random,3,237,base,7.429870315988087e-05,1.1174868674112647e-08,3.7178127329293866e-35,8.995903215290204e-05,0.00011206816641033575,0.8259171022826974,0.00012422175302107392,3.3174565552510927e-31,1.008951865543841e-10,1.6588091926012825e-13,5.305730750355147e-40,1.089620059991546e-09,1.3569619534563227e-09,0.09259666764502014,0.00015223739480476822,3.9100070100277315e-31,False,1e-24,True
UniGCN,random,3,237,restart,9414.457616531461,970.4148965426143,939.7153315645647,1300.7885244018976,1207.667358461331,7.237500515973746,0.746020493214922,0.7781243112853861,0.012784522705386709,0.014404940209733014,0.013410779104341164,0.015755674956418334,0.014622873830761513,0.8114233595672602,0.9142699534979252,0.9171096775881005,False,1e-24,False
UniGCN,random,3,238,base,7.022584306707146e-05,1.0562291674387096e-08,3.4458585294359277e-35,8.502771388675562e-05,0.00010592488337530372,0.8259171022826974,0.00012422175302107395,3.2531152450995537e-31,9.536437697901857e-11,1.5678776221323755e-13,4.91762196601983e-40,1.0298899453337648e-09,1.2825768571808177e-09,0.09259666764502014,0.00015223739480476828,3.834173319506999e-31,False,1e-24,True
UniGCN,random,3,238,restart,9414.457616531461,970.4148965426143,939.7153315645647,1300.7885244018976,1207.6673584613309,7.237500515973746,0.746020493214922,0.7781243112853863,0.012784522705386709,0.014404940209733014,0.013410779104341164,0.015755674956418334,0.01462287383076151,0.8114233595672602,0.9142699534979252,0.9171096775881008,False,1e-24,False
UniGCN,random,3,239,base,6.637624648533447e-05,9.98329453958309e-09,3.268076888364396e-35,8.036671755782942e-05,0.00010011835900829813,0.8259171022826974,0.00012422175302107392,3.2642133977580747e-31,9.013675188255254e-11,1.48193068193006e-13,4.663907863766325e-40,9.734340789465772e-10,1.2122693568421936e-09,0.09259666764502014,0.00015223739480476822,3.8472537785787203e-31,False,1e-24,True
UniGCN,random,3,239,restart,9414.457616531461,970.4148965426147,939.7153315645647,1300.7885244018976,1207.6673584613309,7.237500515973746,0.7460204932149224,0.7781243112853863,0.012784522705386709,0.014404940209733019,0.013410779104341164,0.015755674956418334,0.01462287383076151,0.8114233595672602,0.9142699534979256,0.9171096775881008,False,1e-24,False
UniGCN,random,3,240,base,6.273767469439942e-05,9.4360365095535e-09,3.099820003323252e-35,7.596122482632085e-05,9.463013308213358e-05,0.8259171022826977,0.00012422175302107395,3.27572191051743e-31,8.519569148681549e-11,1.4006951276330392e-13,4.4237866438310866e-40,9.200729751250103e-10,1.1458159293228242e-09,0.09259666764502017,0.00015223739480476828,3.86081789458586e-31,False,1e-24,True
UniGCN,random,3,240,restart,9414.457616531461,970.4148965426147,939.7153315645647,1300.7885244018976,1207.6673584613309,7.237500515973746,0.7460204932149224,0.7781243112853863,0.012784522705386709,0.014404940209733019,0.013410779104341164,0.015755674956418334,0.01462287383076151,0.8114233595672602,0.9142699534979256,0.9171096775881008,False,1e-24,False
UniGCN,random,3,241,base,5.929855986855074e-05,8.918777729795893e-09,2.936033621173322e-35,7.179722965496097e-05,8.944275731087547e-05,0.8259171022826977,0.000124221753021074,3.282583978229309e-31,8.052548706629854e-11,1.3239126934194421e-13,4.190045326909622e-40,8.69636987099818e-10,1.0830053044563037e-09,0.09259666764502017,0.00015223739480476833,3.868905636628559e-31,False,1e-24,True
UniGCN,random,3,241,restart,9414.457616531461,970.4148965426147,939.7153315645647,1300.7885244018976,1207.6673584613309,7.237500515973746,0.7460204932149224,0.7781243112853863,0.012784522705386709,0.014404940209733019,0.013410779104341164,0.015755674956418334,0.01462287383076151,0.8114233595672602,0.9142699534979256,0.9171096775881008,False,1e-24,False
UniGCN,random,3,242,base,5.6047968299947155e-05,8.429873720069686e-09,2.768199157460701e-35,6.786149378071951e-05,8.453973987787397e-05,0.8259171022826975,0.00012422175302107398,3.274435385606389e-31,7.611129100663622e-11,1.2513392709225681e-13,3.950526949019788e-40,8.219657676928236e-10,1.0236377933527891e-09,0.09259666764502016,0.0001522373948047683,3.8593015758829725e-31,False,1e-24,True
UniGCN,random,3,242,restart,9414.457616531461,970.4148965426144,939.7153315645647,1300.7885244018976,1207.6673584613309,7.237500515973746,0.7460204932149223,0.7781243112853863,0.012784522705386709,0.014404940209733015,0.013410779104341164,0.015755674956418334,0.01462287383076151,0.8114233595672602,0.9142699534979255,0.9171096775881008,False,1e-24,False
UniGCN,random,3,243,base,5.2975565637942646e-05,7.967770146229197e-09,2.6133523444728763e-35,6.414150462743415e-05,7.99054930046257e-05,0.8259171022826974,0.00012422175302107395,3.2705540585571385e-31,7.193906960075149e-11,1.1827441331563182e-13,3.729543387909476e-40,7.769077595377199e-10,9.675246535437857e-10,0.09259666764502014,0.00015223739480476828,3.8547269821488788e-31,False,1e-24,True
UniGCN,random,3,243,restart,9414.457616531461,970.4148965426147,939.7153315645647,1300.7885244018976,1207.6673584613309,7.237500515973746,0.7460204932149224,0.7781243112853863,0.012784522705386709,0.014404940209733019,0.013410779104341164,0.015755674956418334,0.01462287383076151,0.8114233595672602,0.9142699534979256,0.9171096775881008,False,1e-24,False
UniGCN,random,3,244,base,5.007158403389649e-05,7.530997878651078e-09,2.481847996469507e-35,6.062543552555934e-05,7.552528339377303e-05,0.8259171022826977,0.000124221753021074,3.286115437038046e-31,6.799555843259227e-11,1.1179092009829947e-13,3.5418721109710284e-40,7.343197132456315e-10,9.144874889280307e-10,0.09259666764502017,0.00015223739480476833,3.873067870095017e-31,False,1e-24,True
UniGCN,random,3,244,restart,9414.457616531461,970.4148965426147,939.7153315645647,1300.7885244018976,1207.6673584613309,7.237500515973746,0.7460204932149224,0.7781243112853863,0.012784522705386709,0.014404940209733019,0.013410779104341164,0.015755674956418334,0.01462287383076151,0.8114233595672602,0.9142699534979256,0.9171096775881008,False,1e-24,False
UniGCN,random,3,245,base,4.732679108701867e-05,7.118168321545802e-09,2.3353207179623086e-35,5.730210811256393e-05,7.138518538868812e-05,0.8259171022826977,0.00012422175302107406,3.271436090340909e-31,6.426822020661455e-11,1.0566283497914146e-13,3.3327614474737494e-40,6.940662319835748e-10,8.643576826107703e-10,0.09259666764502017,0.0001522373948047684,3.855766558824616e-31,False,1e-24,True
UniGCN,random,3,245,restart,9414.457616531461,970.4148965426147,939.7153315645647,1300.7885244018973,1207.6673584613309,7.237500515973747,0.7460204932149225,0.7781243112853863,0.012784522705386709,0.014404940209733019,0.013410779104341164,0.01575567495641833,0.01462287383076151,0.8114233595672603,0.9142699534979257,0.9171096775881008,False,1e-24,False
UniGCN,random,3,246,base,4.473246049252281e-05,6.727968998304074e-09,2.219509921615143e-35,5.416095679444065e-05,6.747203670072583e-05,0.8259171022826977,0.00012422175302107414,3.28952560222814e-31,6.074520488894281e-11,9.98706754181113e-14,3.167486607791838e-40,6.560193410179342e-10,8.169758608333005e-10,0.09259666764502017,0.0001522373948047685,3.8770871449752006e-31,False,1e-24,True
UniGCN,random,3,246,restart,9414.457616531461,970.4148965426147,939.7153315645647,1300.7885244018971,1207.6673584613309,7.237500515973748,0.7460204932149226,0.7781243112853863,0.012784522705386709,0.014404940209733019,0.013410779104341164,0.015755674956418327,0.01462287383076151,0.8114233595672604,0.9142699534979258,0.9171096775881008,False,1e-24,False
UniGCN,random,3,247,base,4.2280344298770106e-05,6.35915937884294e-09,2.0893836083809784e-35,5.119199515534218e-05,6.37733965633924e-05,0.8259171022826975,0.00012422175302107414,3.2762620794457403e-31,5.741531203348719e-11,9.439602685692373e-14,2.981781939172649e-40,6.200580808544352e-10,7.72191386288484e-10,0.09259666764502016,0.0001522373948047685,3.86145454626799e-31,False,1e-24,True
UniGCN,random,3,247,restart,9414.457616531461,970.4148965426147,939.7153315645647,1300.7885244018971,1207.6673584613309,7.237500515973748,0.7460204932149226,0.7781243112853863,0.012784522705386709,0.014404940209733019,0.013410779104341164,0.015755674956418327,0.01462287383076151,0.8114233595672604,0.9142699534979258,0.9171096775881008,False,1e-24,False
UniGCN,random,3,248,base,3.996264668520415e-05,6.010566935685879e-09,1.9787773148797765e-35,4.838578420855316e-05,6.0277506180393084e-05,0.8259171022826978,0.00012422175302107411,3.2827790004415083e-31,5.4267955173244474e-11,8.922148417509494e-14,2.8239345017763773e-40,5.860681226811187e-10,7.298618792113841e-10,0.09259666764502018,0.00015223739480476847,3.8691354929067385e-31,False,1e-24,True
UniGCN,random,3,248,restart,9414.457616531461,970.4148965426147,939.7153315645647,1300.7885244018971,1207.6673584613307,7.237500515973748,0.7460204932149226,0.7781243112853864,0.012784522705386709,0.014404940209733019,0.013410779104341164,0.015755674956418327,0.014622873830761508,0.8114233595672604,0.9142699534979258,0.9171096775881009,False,1e-24,False
UniGCN,random,3,249,base,3.777199917771041e-05,5.6810834162382145e-09,1.8704699746910572e-35,4.573340238786057e-05,5.6973251341813896e-05,0.8259171022826977,0.00012422175302107406,3.2830669316537303e-31,5.1293128163574334e-11,8.433059635520915e-14,2.669367925509993e-40,5.539414048917221e-10,6.898527647224511e-10,0.09259666764502017,0.0001522373948047684,3.8694748532086576e-31,False,1e-24,True
UniGCN,random,3,249,restart,9414.457616531461,970.4148965426144,939.7153315645647,1300.7885244018971,1207.6673584613307,7.237500515973748,0.7460204932149225,0.7781243112853864,0.012784522705386709,0.014404940209733015,0.013410779104341164,0.015755674956418327,0.014622873830761508,0.8114233595672604,0.9142699534979257,0.9171096775881009,False,1e-24,False
UniGCN,random,3,250,base,3.570143722260492e-05,5.369661319406628e-09,1.7678383225173465e-35,4.3226417183918435e-05,5.385012708958644e-05,0.8259171022826975,0.00012422175302107406,3.2828860730009524e-31,4.8481373370449174e-11,7.970781418149002e-14,2.522901184978726e-40,5.235757895338957e-10,6.520368449841719e-10,0.09259666764502016,0.0001522373948047684,3.86926169032667e-31,False,1e-24,True
UniGCN,random,3,250,restart,9414.457616531461,970.4148965426147,939.7153315645647,1300.7885244018971,1207.6673584613307,7.237500515973748,0.7460204932149226,0.7781243112853864,0.012784522705386709,0.014404940209733019,0.013410779104341164,0.015755674956418327,0.014622873830761508,0.8114233595672604,0.9142699534979258,0.9171096775881009,False,1e-24,False
UniGCN,random,3,251,base,3.3744378044775234e-05,5.0753105653611324e-09,1.666526059501031e-35,4.085685833543268e-05,5.0898204319899134e-05,0.8259171022826974,0.00012422175302107411,3.274233505423465e-31,4.5823751602540347e-11,7.533844080539924e-14,2.3783173589799935e-40,4.948747375900276e-10,6.162938948109667e-10,0.09259666764502014,0.00015223739480476847,3.859063636691525e-31,False,1e-24,True
UniGCN,random,3,251,restart,9414.457616531461,970.4148965426147,939.7153315645647,1300.7885244018971,1207.6673584613307,7.237500515973748,0.7460204932149226,0.7781243112853864,0.012784522705386709,0.014404940209733019,0.013410779104341164,0.015755674956418327,0.014622873830761508,0.8114233595672604,0.9142699534979258,0.9171096775881009,False,1e-24,False
UniGCN,random,3,252,base,3.189459971958032e-05,4.797095347851992e-09,1.5765229743410434e-35,3.861719248993507e-05,4.8108098216376825e-05,0.8259171022826977,0.00012422175302107411,3.277042811483177e-31,4.3311813691549006e-11,7.120858502109962e-14,2.249872982981551e-40,4.67747002058322e-10,5.825102794466944e-10,0.09259666764502017,0.00015223739480476847,3.8623747294530563e-31,False,1e-24,True
UniGCN,random,3,252,restart,9414.457616531461,970.4148965426147,939.7153315645647,1300.7885244018971,1207.6673584613307,7.237500515973748,0.7460204932149226,0.7781243112853864,0.012784522705386709,0.014404940209733019,0.013410779104341164,0.015755674956418327,0.014622873830761508,0.8114233595672604,0.9142699534979258,0.9171096775881009,False,1e-24,False
UniGCN,random,3,253,base,3.014622139197377e-05,4.534131159074361e-09,1.4723359569961613e-35,3.650029925358686e-05,4.547093841367065e-05,0.8259171022826975,0.00012422175302107406,3.2379713468889167e-31,4.0937573630428296e-11,6.730511710223469e-14,2.101186563996976e-40,4.42106337858368e-10,5.5057859329459e-10,0.09259666764502016,0.0001522373948047684,3.816324480441116e-31,False,1e-24,True
UniGCN,random,3,253,restart,9414.457616531461,970.4148965426144,939.7153315645647,1300.7885244018971,1207.6673584613307,7.237500515973748,0.7460204932149225,0.7781243112853864,0.012784522705386709,0.014404940209733015,0.013410779104341164,0.015755674956418327,0.014622873830761508,0.8114233595672604,0.9142699534979257,0.9171096775881009,False,1e-24,False
UniGCN,random,3,254,base,2.849368457996297e-05,4.285581977622035e-09,1.4052234922228534e-35,3.449944855386958e-05,4.29783407966017e-05,0.8259171022826977,0.00012422175302107398,3.269608519493997e-31,3.869348318409803e-11,6.361562705962011e-14,2.0054096398592994e-40,4.1787122763892417e-10,5.203973184510809e-10,0.09259666764502017,0.0001522373948047683,3.8536125547845516e-31,False,1e-24,True
UniGCN,random,3,254,restart,9414.457616531461,970.4148965426144,939.7153315645647,1300.7885244018971,1207.6673584613307,7.237500515973748,0.7460204932149225,0.7781243112853864,0.012784522705386709,0.014404940209733015,0.013410779104341164,0.015755674956418327,0.014622873830761508,0.8114233595672604,0.9142699534979257,0.9171096775881009,False,1e-24,False
UniGCN,random,3,255,base,2.6931735502963543e-05,4.050657610590219e-09,1.337924029260753e-35,3.260827924319367e-05,4.062238084520163e-05,0.8259171022826974,0.00012422175302107406,3.2935637976492213e-31,3.6572407891933296e-11,6.012838518713915e-14,1.909365848584462e-40,3.949646226162024e-10,4.918705019578839e-10,0.09259666764502014,0.0001522373948047684,3.8818466262649548e-31,False,1e-24,True
UniGCN,random,3,255,restart,9414.457616531461,970.4148965426144,939.7153315645647,1300.7885244018971,1207.6673584613307,7.237500515973748,0.7460204932149225,0.7781243112853864,0.012784522705386709,0.014404940209733015,0.013410779104341164,0.015755674956418327,0.014622873830761508,0.8114233595672604,0.9142699534979257,0.9171096775881009,False,1e-24,False
UniGCN,random,3,256,base,2.5455408378867157e-05,3.828611181377228e-09,1.2573727213004126e-35,3.082077887540123e-05,3.839556844090836e-05,0.8259171022826975,0.00012422175302107406,3.274786055676028e-31,3.456760438573383e-11,5.6832304770408456e-14,1.794410206025845e-40,3.733136976187164e-10,4.6490745074629663e-10,0.09259666764502016,0.0001522373948047684,3.859714881199156e-31,False,1e-24,True
UniGCN,random,3,256,restart,9414.457616531461,970.4148965426144,939.7153315645647,1300.7885244018971,1207.6673584613307,7.237500515973748,0.7460204932149225,0.7781243112853864,0.012784522705386709,0.014404940209733015,0.013410779104341164,0.015755674956418327,0.014622873830761508,0.8114233595672604,0.9142699534979257,0.9171096775881009,False,1e-24,False
UniGCN,random,4,0,base,735202.8481081128,67299.62305231226,69969.2990940901,82560.00000000003,82525.28083932887,8.905073257123457,0.8151601629398284,0.8478529049821182,1.0,1.0,1.0,1.0,1.0,1.0,1.0,1.0,False,1e-24,False
UniGCN,random,4,0,restart,735202.8481081128,67299.62305231226,69969.2990940901,82560.00000000003,82525.28083932887,8.905073257123457,0.8151601629398284,0.8478529049821182,1.0,1.0,1.0,1.0,1.0,1.0,1.0,1.0,False,1e-24,False
UniGCN,random,4,1,base,14370.304084204046,2567.118547061424,1886.162195346334,4067.022626634986,2903.493616037544,3.5333720520984397,0.6312034091596468,0.6496181651401105,0.01954603973744518,0.038144619993874154,0.02695699713684351,0.04926141747377646,0.035183080705783354,0.3967819185846653,0.7743305400048598,0.7661920615272426,False,1e-24,False
UniGCN,random,4,1,restart,33678.021096606244,4691.116354184313,3887.1717114255152,6809.033456358067,5374.340589019054,4.9460795445436885,0.6889548104369927,0.7232834702303482,0.04580779465595029,0.06970494248590203,0.05555539017474368,0.08247375795007346,0.06512356618916003,0.5554226677009264,0.8451772323518812,0.8530765961645231,False,1e-24,False
UniGCN,random,4,2,base,1364.306767873528,300.5067964849517,194.5948578894708,626.2095473692154,434.7041662214157,2.1786744925962105,0.47988217002985395,0.4476489369332483,0.0018556875444433868,0.004465207721169056,0.002781146308580174,0.007584902463289913,0.005267527257105071,0.2446554261474961,0.5886967884926888,0.5279794812316997,False,1e-24,False
UniGCN,random,4,2,restart,12753.44201742435,1616.3303393647986,1393.183906250137,2405.336895961567,1968.2764500448832,5.3021437615814655,0.6719766956880475,0.7078192223548515,0.017346834346796403,0.02401693005187293,0.019911360043448127,0.029134410077053852,0.023850587723257603,0.5954070908220894,0.8243492828018019,0.8348372909918613,False,1e-24,False
UniGCN,random,4,3,base,303.3639082488929,57.92811598454555,37.64694211734486,180.18950216305225,148.10097662425198,1.6835825872607217,0.32148441107366393,0.2541977978501734,0.00041262613308631083,0.000860749486509275,0.0005380494388934743,0.0021825278847268917,0.0017946134217052172,0.18905881385242615,0.3943818965763106,0.29981356006032034,False,1e-24,False
UniGCN,random,4,3,restart,10231.529936735737,1144.244636581255,1054.80539435002,1642.3130264779413,1440.3272641312406,6.229951155339728,0.6967274923436307,0.7323373101503045,0.013916608134835697,0.01700224436163378,0.01507526026424228,0.019892357394354902,0.017453164042367332,0.6995957220628353,0.8547123915267436,0.8637551464964904,False,1e-24,False
UniGCN,random,4,4,base,115.44995803221002,14.722179948795086,10.238744792906907,85.77512320950166,85.9367973944227,1.3459608533610496,0.1716369431826622,0.11914273167423624,0.00015703143469764268,0.00021875575643791461,0.00014633196166705226,0.0010389428683321418,0.0010413390481122484,0.1511453993131805,0.2105560980355853,0.14052287958693618,False,1e-24,False
UniGCN,random,4,4,restart,9688.209394477062,1029.1976890096348,977.623981986565,1436.5301671637396,1304.0912990855913,6.7441739936483875,0.7164469723887977,0.7496591555146943,0.01317760046687468,0.01529277048416208,0.013972184867421933,0.01739983245111118,0.01580232488544412,0.7573406527850295,0.878903318588304,0.884185394789094,False,1e-24,False
UniGCN,random,4,5,base,64.69425534972213,4.5447191888185925,3.4727004544102877,58.3445191266141,65.88082739212051,1.108831751776519,0.0778945350283211,0.05271185247478587,8.799510980704025e-05,6.752963809746697e-05,4.963177421200731e-05,0.0007066923343824381,0.0007983108536205531,0.1245168590712635,0.09555733777200166,0.06217098763835408,False,1e-24,False
UniGCN,random,4,5,restart,9526.123592898248,993.4749253423205,954.3629832657848,1366.0795532799373,1257.5609417308176,6.973330045110595,0.7272452932605582,0.7588999877431525,0.01295713641127981,0.014761968645353162,0.013639739080170294,0.0165465062170535,0.015238493331264192,0.7830738550670993,0.8921501887896358,0.8950844931753323,False,1e-24,False
UniGCN,random,4,6,base,46.384980737935216,1.642877636766152,1.3702368310409325,47.739074923002846,56.89899341415536,0.9716355168747695,0.03441368814573613,0.024081916899078997,6.309140512349352e-05,2.4411394332612185e-05,1.9583400845538388e-05,0.0005782349191255188,0.0006894734902500222,0.10911033394335377,0.04221708777036544,0.028403413796862443,False,1e-24,False
UniGCN,random,4,6,restart,9466.634553009551,980.5999165039971,946.0233135980847,1337.8905041547494,1238.3916545635668,7.075791721079871,0.7329448213129514,0.7639128623904378,0.012876221273312406,0.01457065986449542,0.013520548667008008,0.01620506909102167,0.015006209515053107,0.7945798441826086,0.8991421007003432,0.9009969275349116,False,1e-24,False
UniGCN,random,4,7,base,38.09761541017998,0.6759754698192807,0.5990940646145108,42.31324490271465,51.61301891126785,0.9003709239925438,0.015975505338185793,0.011607421484964138,5.1819189096201194e-05,1.0044268290980506e-05,8.562241902822101e-06,0.0005125150787635009,0.0006254207000125804,0.10110763808397735,0.019597995663295235,0.013690371781186438,False,1e-24,False
UniGCN,random,4,7,restart,9441.335385425156,975.4612515194781,942.6516210520576,1325.1869345552823,1229.2585630413332,7.124530991994394,0.7360933209372698,0.7668456819367802,0.012841810134060841,0.014494304830819753,0.01347236049605759,0.016051198335214168,0.014895539288555908,0.8000530468736179,0.903004531382632,0.9044560411725586,False,1e-24,False
UniGCN,random,4,8,base,33.53696935675383,0.30698683918199127,0.280147158097355,38.797471808057374,47.82182454212716,0.8644112050050887,0.007912547516001723,0.005858144493223341,4.5615940475549085e-05,4.561494184646015e-06,4.003858288199108e-06,0.00046993061783015213,0.0005794809064053112,0.09706952206301259,0.009706739700656586,0.006909387770921057,False,1e-24,False
UniGCN,random,4,8,restart,9429.257824990353,973.2499677804676,941.1603962102765,1318.8425479678478,1224.335581235185,7.149646361894771,0.7379576654393732,0.7687111365829752,0.012825382612777589,0.014461447533278998,0.013451047936676713,0.015974352567440012,0.014835885061922823,0.8028733908702589,0.9052916211925411,0.906656251415672,False,1e-24,False
UniGCN,random,4,9,base,30.56370150317977,0.14963767330104422,0.1367500133319658,36.118140315821876,44.74608074768901,0.8462147064031165,0.0041430060349894075,0.0030561338791449013,4.157179420867169e-05,2.2234548503299976e-06,1.9544288009527348e-06,0.0004374774747555943,0.0005422105843518011,0.09502613644713163,0.00508244419114876,0.003604556711649596,False,1e-24,False
UniGCN,random,4,9,restart,9422.906423907694,972.2404408701425,940.4526556543261,1315.3547642267843,1221.3807528120644,7.163775644547757,0.7391469338248549,0.76999138351334,0.012816743634978466,0.014446447049404959,0.013440932921018221,0.01593210712483992,0.01480007993174855,0.8044600462794869,0.9067505594963864,0.9081662384934326,False,1e-24,False
UniGCN,random,4,10,base,28.344800702734165,0.07683157263395224,0.068614140980315,33.86942106428307,42.07004866874018,0.8368847122877198,0.002268464302596977,0.0016309498836234576,3.8553714496174006e-05,1.1416345166484923e-06,9.806321039181372e-07,0.00041024008072048274,0.0005097837685720539,0.0939784197303788,0.002782844900584801,0.0019236236309856786,False,1e-24,False
UniGCN,random,4,10,restart,9419.273724942024,971.756240397352,940.0969555055982,1313.2540490176928,1219.4371557663708,7.172468824282395,0.7399605895936286,0.7709269404004525,0.012811802551065342,0.014439252351265058,0.013435849260708153,0.015906662415427476,0.014776528396680434,0.8054362515821983,0.9077487139766536,0.9092696809439037,False,1e-24,False
UniGCN,random,4,11,base,26.522993118886692,0.04122974991354002,0.035058635370054284,31.877886407331236,39.651431800884176,0.8320185591974181,0.0012933652308911563,0.0008841707292212464,3.6075748600726915e-05,6.126297302065417e-07,5.010574040896099e-07,0.00038611781016631815,0.0004804761813302135,0.09343197244692619,0.001586639398847349,0.0010428350531391931,False,1e-24,False
UniGCN,random,4,11,restart,9417.036228132405,971.5136885236682,939.9094903900459,1311.8781799502317,1218.059964868054,7.178285584786277,0.7405517550116767,0.771644678833083,0.012808759177640745,0.014435648291350855,0.013433170012552469,0.015889997334668497,0.014759840287481533,0.8060894478374037,0.9084739277995618,0.9101162174461824,False,1e-24,False
UniGCN,random,4,12,base,24.933918415698074,0.02317064137798293,0.01814170173684631,30.061531595369008,37.42022177589933,0.829429410028435,0.0007707738145169015,0.0004848101073663481,3.391433871598862e-05,3.4429080471925223e-07,2.59280884212525e-07,0.0003641173885097989,0.00045343949630118757,0.09314122254580529,0.0009455489234620469,0.0005718092189311695,False,1e-24,False
UniGCN,random,4,12,restart,9415.564998306387,971.3872755431457,939.8066863635607,1310.9096889999691,1217.0263685162674,7.18246655533462,0.7410024379972133,0.7722155498646444,0.012806758056685075,0.014433769930450912,0.013431700739202355,0.015878266581879467,0.014747315684823119,0.8065589521780893,0.9090268044071615,0.9107895312111137,False,1e-24,False
UniGCN,random,4,13,base,23.497642834750128,0.013769336147368496,0.00947634757961932,28.37814598530994,35.33906192987724,0.8280189568026669,0.00048520915194728533,0.00026815504040325383,3.196076143504651e-05,2.0459752258442126e-07,1.3543579401697524e-07,0.0003437275434267191,0.00042822104415106443,0.09298283494078027,0.00059523167839484,0.00031627542799881003,False,1e-24,False
UniGCN,random,4,13,restart,9414.540942279255,971.3189392049744,939.7484073725171,1310.187306444273,1216.216832592363,7.185645056987651,0.7413588381046402,0.7726816322459916,0.012805365167593626,0.014432754525979504,0.013430867816880734,0.015869516793171907,0.014737506134153663,0.8069158837339852,0.9094640192314748,0.9113392520159945,False,1e-24,False
UniGCN,random,4,14,base,22.173202284852344,0.008768387892832751,0.004986722367458433,26.804200121756928,33.38623267039681,0.8272286501418258,0.0003271273849994674,0.00014936463232283477,3.0159298677787137e-05,1.3028881136551164e-07,7.127014893707335e-08,0.00032466327666856733,0.00040455763774251846,0.09289408702843616,0.0004013044305547283,0.0001761680964293977,False,1e-24,False
UniGCN,random,4,14,restart,9413.792690901606,971.2807419478155,939.7144484280436,1309.624267059312,1215.5629282010195,7.188162992764139,0.7416483997572618,0.7730693546394841,0.012804347419390426,0.014432186955829382,0.013430382476239722,0.015862697033179645,0.01472958244840921,0.8071986366888216,0.9098192397952194,0.9117965511432536,False,1e-24,False
UniGCN,random,4,15,base,20.938320256979985,0.006048091883175006,0.0026402428938092515,25.325423206595477,31.54784838344483,0.8267707941609851,0.0002388150371204816,8.369010975704942e-05,2.8479650630924882e-05,8.986813906035996e-08,3.773430530237021e-08,0.000306751734576011,0.0003822810181629839,0.09284267184434719,0.00029296701185593864,9.870828921534981e-05,False,1e-24,False
UniGCN,random,4,15,restart,9413.223455554602,971.2587419264004,939.6942099682864,1309.1710878308934,1215.0229854866884,7.190216422477636,0.7418883222785153,0.7733962412175135,0.012803573163212735,0.014431860059178,0.013430093228526521,0.01585720794368814,0.014723039693160885,0.8074292276850108,0.9101135654163197,0.9121820974757703,False,1e-24,False
UniGCN,random,4,16,base,19.77995488547057,0.004526692640437688,0.0014052303759294026,23.932328398589107,29.814111049757233,0.8264952141738398,0.00018914551752116822,4.7133063051391735e-05,2.6904078155260213e-05,6.726178298085075e-08,2.0083527977602594e-08,0.0002898780087038408,0.0003612724579247817,0.09281172544119157,0.00023203479036441838,5.559108516870129e-05,False,1e-24,False
UniGCN,random,4,16,restart,9412.77602244671,971.2457348903971,939.6819264063661,1308.7978417556442,1214.57011236681,7.191925079751237,0.742089957596164,0.7736745016516383,0.012802964578644485,0.014431666788615502,0.0134299176720742,0.01585268703676894,0.014717552003627782,0.8076211022742775,0.910360922103773,0.9125102917090974,False,1e-24,False
UniGCN,random,4,17,base,18.68975679373969,0.0036429913285847305,0.0007513623135498244,22.617997524947913,28.17745301855353,0.8263223467561472,0.00016106604152584547,2.6665373660816247e-05,2.5421224688987237e-05,5.413093214137349e-08,1.0738457055850193e-08,0.0002739583033545047,0.0003414402560278846,0.09279231320137038,0.00019758821498951816,3.1450471543030966e-05,False,1e-24,False
UniGCN,random,4,17,restart,9412.415115209207,971.2378712301215,939.6743609746187,1308.4853599715668,1214.1860046410545,7.193366775929183,0.742261167714728,0.7739130227023258,0.012802473683868396,0.014431549943083254,0.013429809547055867,0.015848902131438546,0.014712897578682493,0.807782998323453,0.910570954593519,0.912791615331728,False,1e-24,False
UniGCN,random,4,18,base,17.661837258780036,0.0031024416363816913,0.00040339866140274384,21.37695311185817,26.63159377062683,0.8262092902745203,0.00014513020729136147,1.5147372135409718e-05,2.4023080574604674e-05,4.609894521950221e-08,5.765366619726745e-09,0.00025892627315719677,0.00032270830828769594,0.09277961746284442,0.0001780388859631679,1.7865566121671998e-05,False,1e-24,False
UniGCN,random,4,18,restart,9412.11809916393,971.2330274001424,939.6696465849519,1308.2206846804954,1213.8575991442983,7.194595078171108,0.7424076371620321,0.7741185187186425,0.01280206969190068,0.014431477968980587,0.013429742169081129,0.015845696277622275,0.014708918125435972,0.8079209311855934,0.9107506363958973,0.9130339875818072,False,1e-24,False
UniGCN,random,4,19,base,16.691651659485608,0.0027490632033252637,0.00021738335768215378,20.204571991153035,25.171050572726873,0.8261324054176635,0.00013606144215918035,8.63624492168361e-06,2.270346436012592e-05,4.0848121856320146e-08,3.106839149407956e-09,0.00024472592043547756,0.000305010177690073,0.09277098363641349,0.00016691375308194964,1.018601796483289e-05,False,1e-24,False
UniGCN,random,4,19,restart,9411.869884743695,971.2299970239786,939.6666812594991,1307.9946215168256,1213.5751842734264,7.195648766375775,0.7425336320555237,0.7742962227940433,0.012801732078382352,0.014431432940850763,0.013429699788701574,0.01584295810945767,0.01470549596354813,0.8080392556703273,0.9109052009823674,0.913243580630739,False,1e-24,False
UniGCN,random,4,20,base,15.775431496777463,0.002499630025295508,0.00011753690641898251,19.09677479276188,23.790878772417834,0.8260783125932195,0.0001308927843796391,4.940418869909503e-06,2.1457250250556237e-05,3.714181316220056e-08,1.679835412684735e-09,0.00023130783421465448,0.0002882859474145512,0.09276490925354407,0.00016057308775686702,5.826976402249516e-06,False,1e-24,False
UniGCN,random,4,20,restart,9411.660034535986,971.2280764571129,939.6648020964607,1307.8003669691866,1213.331288479896,7.196557113948062,0.7426424559796719,0.7744503179125181,0.012801446646670206,0.014431404403293217,0.013429672931736265,0.015840605220072506,0.014702540556537698,0.8081412590504298,0.9110387010343765,0.9134253280984533,False,1e-24,False
UniGCN,random,4,21,base,14.909890179731013,0.0023094212754767598,6.374496212534254e-05,18.049858145234804,22.486529962873067,0.8260391887715335,0.00012794678256717774,2.8348065366506174e-06,2.0279967927352872e-05,3.431551575974857e-08,9.110418848075426e-10,0.00021862715776689435,0.00027248050214640065,0.09276051582290555,0.00015695907182920347,3.343512205941437e-06,False,1e-24,False
UniGCN,random,4,21,restart,9411.481069974438,971.226845778755,939.6636040561677,1307.632706616554,1213.1200002248077,7.1973429712738355,0.7427367339960198,0.7745842158088526,0.01280120322465136,0.01443138611673674,0.013429655809365334,0.015838574450297405,0.01469998027133855,0.8082295073222949,0.911154356853483,0.9135832539551058,False,1e-24,False
UniGCN,random,4,22,base,14.092067120885163,0.0021542280850499044,3.4667491165815185e-05,17.06040153602548,21.25377141273197,0.8260102841734261,0.00012627065550016177,1.6311218603324107e-06,1.9167590491723587e-05,3.200951190135811e-08,4.9546717795753e-10,0.00020664246046542484,0.0002575425517680046,0.09275726996548554,0.00015490287828194877,1.9238264688929883e-06,False,1e-24,False
UniGCN,random,4,22,restart,9411.327452503398,971.2260494925999,939.6628365057668,1307.4875276523078,1212.9365359894066,7.198024649154509,0.742818595934532,0.7747007437114364,0.012800994278955032,0.014431374284781091,0.013429644839548414,0.015836815984160698,0.014697757143667427,0.8083060567072344,0.9112547812145276,0.9137206927748575,False,1e-24,False
UniGCN,random,4,23,base,13.319242519006927,0.002020829891275037,1.890149878878824e-05,16.12521360526805,20.08863774588613,0.8259885943250747,0.00012532112384637428,9.409049547254145e-07,1.8116418554799056e-05,3.002735824692863e-08,2.701398904020855e-10,0.00019531508727311102,0.00024342404583872117,0.09275483429227711,0.00015373803768134453,1.1097502281309738e-06,False,1e-24,False
UniGCN,random,4,23,restart,9411.194954795588,971.2255296352837,939.6623427668113,1307.3615107747053,1212.7769557986762,7.198617120997223,0.7428897987518105,0.7748022736365363,0.012800814059702414,0.014431366560260615,0.013429637783039891,0.015835289616941677,0.01469582343088139,0.8083725886520716,0.9113421294689145,0.91384044223199,False,1e-24,False
UniGCN,random,4,24,base,12.588888714894596,0.0019019224875321983,1.0329256436222799e-05,15.241299467221298,18.98739985188802,0.8259721385285349,0.0001247874232523656,5.44005841600039e-07,1.712301407331243e-05,2.8260522143695017e-08,1.4762555249171062e-10,0.0001846087629266145,0.0002300797968667953,0.0927529863797373,0.0001530833189913586,6.416276200781697e-07,False,1e-24,False
UniGCN,random,4,24,restart,9411.08026319499,971.225187258105,939.6620240856629,1307.251928071679,1212.6379693019867,7.199132822911365,0.7429518108959722,0.7748908147965605,0.012800658059761862,0.014431361472904058,0.013429633228454486,0.015833962307069748,0.01469413926216029,0.8084304996764116,0.9114182030394604,0.9139448720918206,False,1e-24,False
UniGCN,random,4,25,base,11.898640747104956,0.0017934025829598795,5.656539059036103e-06,14.405839374792615,17.946543185259387,0.8259595596994672,0.0001244913632799475,3.151882231939893e-07,1.6184160300417173e-05,2.664803310363062e-08,8.084315738863643e-11,0.00017448933351250738,0.0002174672173512513,0.09275157383334892,0.0001527201265957067,3.717487094068951e-07,False,1e-24,False
UniGCN,random,4,25,restart,9410.980720281945,971.224959715681,939.6618178026013,1307.1565056649097,1212.5167991483884,7.19958220725442,0.7430058722935011,0.774968081648496,0.012800522664593982,0.01443135809186842,0.013429630280260575,0.015832806512414112,0.014692670982957045,0.8084809635333703,0.911484523009433,0.9140360044704223,False,1e-24,False
UniGCN,random,4,26,base,11.246277178706709,0.0016929072542852294,3.1035502618388194e-06,13.61617360294497,16.962751325464275,0.8259498965461421,0.00012433061619595388,1.829626693388948e-07,1.5296835706834647e-05,2.5154780628850265e-08,4.43558861103549e-11,0.00016492458336900395,0.00020554612056988453,0.09275048870433919,0.00015252292966275809,2.157952968772969e-07,False,1e-24,False
UniGCN,random,4,26,restart,9410.894154072872,971.2248069989637,939.661683943234,1307.073327193411,1212.4110816781426,7.19997413938531,0.7430530382594588,0.7750355454047928,0.012800404919934403,0.014431355822662287,0.013429628367144836,0.015831799021238015,0.014691389951627366,0.8085249757632053,0.9115423839895225,0.914115574589131,False,1e-24,False
UniGCN,random,4,27,base,10.629706561226001,0.0015990251275650458,1.7057571344153826e-06,12.86979082668051,16.03289260501233,0.8259424495998362,0.00012424639600591554,1.0639110336721867e-07,1.4458195569534689e-05,2.375979322086421e-08,2.4378651158440114e-11,0.0001558840943154131,0.00019427855854531757,0.0927496524454909,0.00015241961231008644,1.2548297321628276e-07,False,1e-24,False
UniGCN,random,4,27,restart,9410.818761808478,971.2247033690569,939.6615968911037,1307.0007638404734,1212.318792615366,7.200316191213121,0.7430942125199862,0.7750944740070786,0.012800302373726116,0.014431354282833354,0.013429627122997312,0.015830920104656893,0.014690271639010457,0.8085633866575275,0.9115928946282894,0.9141850779215364,False,1e-24,False
UniGCN,random,4,28,base,10.046957103934892,0.001510868777251175,9.389803395609505e-07,12.164318538360293,15.154008628925874,0.8259366993927131,0.0001242049665574472,6.196250527194705e-08,1.3665557920223766e-05,2.244988469068795e-08,1.3419890605139141e-11,0.00014733912958285234,0.00018362868292965523,0.09274900672288344,0.00015236878861880234,7.308166889308928e-08,False,1e-24,False
UniGCN,random,4,28,restart,9410.753028785493,971.2246321633887,939.6615401691537,1306.9374221185446,1212.2381899838156,7.200614864582168,0.7431301726665951,0.7751459638321566,0.012800212965716947,0.014431353224793724,0.013429626312328193,0.015830152884187793,0.014689294936711105,0.8085969263444479,0.9116370088382861,0.9142458075891183,False,1e-24,False
UniGCN,random,4,29,base,9.49616825458912,0.001427842156101731,5.176223655532591e-07,11.497514722644228,14.32330404517521,0.8259322543755062,0.0001241870256786549,3.613847502787736e-08,1.2916392093726891e-05,2.1216198417513627e-08,7.397849803485878e-12,0.00013926253297776435,0.0001735626210477455,0.09274850756728097,0.0001523467795957809,4.262351973499407e-08,False,1e-24,False
UniGCN,random,4,29,restart,9410.69567011844,971.2245825343177,939.6615031453638,1306.882103871695,1212.1677692179692,7.2008757654870665,0.7431615902130901,0.7751909653162837,0.012800134948245716,0.01443135248735912,0.013429625783184834,0.015829482847283124,0.014688441613158248,0.8086262243521526,0.9116755504009426,0.9142988845837983,False,1e-24,False
UniGCN,random,4,30,base,8.975583490882984,0.001349513704955977,2.857120865717869e-07,10.867260365717051,13.538137210674403,0.8259288163554321,0.00012418159311000665,2.110423924101698e-08,1.2208308923149206e-05,2.005232189646879e-08,4.083392148713397e-12,0.00013162863815064253,0.00016404836279239375,0.09274812149296413,0.00015234011517706268,2.489139226510297e-08,False,1e-24,False
UniGCN,random,4,30,restart,9410.645587810439,971.2245473822147,939.6614789405724,1306.8337749157672,1212.1062271444798,7.201103742836007,0.743189046705512,0.7752303039926279,0.012800066827851281,0.014431351965036684,0.013429625437250379,0.015828897467487484,0.014687695877150282,0.8086518251913998,0.9117092327294839,0.9143452825805651,False,1e-24,False
UniGCN,random,4,31,base,8.483543934134822,0.0012755469048230425,1.578883717564801e-07,10.271552566477801,12.796011549856248,0.8259261566573375,0.0001241824832777386,1.2338873807772849e-08,1.153905205341003e-05,1.8953254817364354e-08,2.2565378501814377e-12,0.00012441318515598107,0.00015505565591190432,0.09274782282073338,0.00015234120719280687,1.4553083129476434e-08,False,1e-24,False
UniGCN,random,4,31,restart,9410.601838267898,971.2245220357414,939.6614630931972,1306.7915399485878,1212.0524325844976,7.201303000965351,0.7432130468750598,0.7752646979879636,0.012800007321087055,0.014431351588415358,0.013429625210759969,0.01582838590054006,0.014687044021628737,0.8086742009904068,0.9117386750043139,0.914385848573951,False,1e-24,False
UniGCN,random,4,32,base,8.018482563041607,0.0012056621338087453,8.734323468328797e-08,9.708498119269015,12.094567485001317,0.8259240991278418,0.00012418626640260642,7.221691457061513e-09,1.0906490070972188e-05,1.791484229966012e-08,1.24830798384638e-12,0.00011759324272370412,0.00014655590822585166,0.09274759176934995,0.00015234584815177396,8.517623062474291e-09,False,1e-24,False
UniGCN,random,4,32,restart,9410.563607106671,971.2245034040534,939.6614527035038,1306.7546221282682,1212.0054020192892,7.201477192236745,0.7432340295244197,0.7752947727278768,0.0127999553202531,0.014431351311568516,0.013429625062270653,0.015827938737018748,0.01468647412880644,0.8086937618930928,0.9117644155278501,0.914421320222083,False,1e-24,False
UniGCN,random,4,33,base,7.57891889525168,0.0011396156204708365,4.836397748675456e-08,9.176307492108052,11.431574862216936,0.8259225076938427,0.00012419108900295093,4.2307361907417275e-09,1.0308609269883006e-05,1.693346216196499e-08,6.91217121122192e-13,0.00011114713532107617,0.00013852209584688886,0.09274741305841146,0.0001523517642901769,4.989941257358736e-09,False,1e-24,False
UniGCN,random,4,33,restart,9410.530189174422,971.2244894293976,939.6614458832844,1306.7223462107552,1211.9642792149411,7.201629494179203,0.7432523766397374,0.7753210733999165,0.012799909866223189,0.014431351103920166,0.013429624964796195,0.015827547798095382,0.014685975823269883,0.8087108647217907,0.9117869229026604,0.9144523405463458,False,1e-24,False
UniGCN,random,4,34,base,7.163454054022034,0.0010771877484565947,2.6803309958382043e-08,8.673289153434093,10.804925821641392,0.8259212770723484,0.00012419599178589523,2.480656545063658e-09,9.743506941595303e-06,1.6005851141533028e-08,3.830724375606324e-13,0.00010505437443597492,0.000130928676785455,0.09274727486510762,0.00015235777879280742,2.925810043802323e-09,False,1e-24,False
UniGCN,random,4,34,restart,9410.500972399366,971.2244787321347,939.6614414008878,1306.6941244613809,1211.9283180045154,7.201762674396637,0.7432684210870492,0.7753440755869745,0.012799870126476355,0.014431350944970346,0.013429624900733864,0.01582720596489075,0.014685540063342016,0.8087258202660729,0.9118066054730818,0.9144794704729201,False,1e-24,False
UniGCN,random,4,35,base,6.770766165151364,0.001018176480967613,1.48659379785843e-08,8.197844215943306,10.212628074343368,0.8259203257343516,0.00012420051590971275,1.455642746447527e-09,9.209385114019187e-06,1.512900718888396e-08,2.1246372582057119e-13,9.929559370086365e-05,0.0001237515094826113,0.09274716803409463,0.00015236332877429965,1.7168576505357701e-09,False,1e-24,False
UniGCN,random,4,35,restart,9410.475424516895,971.2244703796589,939.6614384516569,1306.6694447714121,1211.8968676318068,7.201879145619079,0.7432824531605728,0.7753641943871586,0.012799835377042866,0.014431350820861541,0.013429624858583506,0.015826907034537447,0.014685158963485236,0.8087388994647589,0.9118238193583544,0.914503199589216,False,1e-24,False
UniGCN,random,4,36,base,6.3996060456010895,0.0009623935894750178,8.250891586674234e-09,7.748461374480422,9.652798556443297,0.8259195905238954,0.00012420447660030462,8.547667848270506e-10,8.704544687318752e-06,1.4300133430568332e-08,1.1792159837958328e-13,9.385248757849344e-05,0.0001169677759138638,0.09274708547324027,0.00015236818756251324,1.0081545746960414e-09,False,1e-24,False
UniGCN,random,4,36,restart,9410.453082013126,971.2244637354419,939.6614365091284,1306.6478605577995,1211.8693602036328,7.201981012692942,0.7432947261864665,0.7753817922678029,0.012799804987465586,0.014431350722135623,0.013429624830820924,0.015826645597841558,0.014684825642254528,0.8087503386827103,0.9118388753270482,0.914523955407284,False,1e-24,False
UniGCN,random,4,37,base,6.0487931549851774,0.0009096624184124007,4.5823098638849185e-09,7.323712119565637,9.123657435858581,0.8259190225166751,0.00012420783389098479,5.022448394297589e-10,8.227379927254705e-06,1.3516604954909132e-08,6.549029250275796e-14,8.870775338621165e-05,0.00011055590896590493,0.0927470216885634,0.00015237230612820475,5.923726114264497e-10,False,1e-24,False
UniGCN,random,4,37,restart,9410.433540814409,971.2244583600851,939.6614352283846,1306.6289821264552,1211.845299898711,7.2020701128942735,0.74330546134028,0.7753971858511345,0.01279977840813613,0.014431350642263604,0.013429624812516553,0.015826416934671204,0.014684534091536042,0.8087603442378314,0.9118520447068849,0.9145421113671695,False,1e-24,False
UniGCN,random,4,38,base,5.717211787244354,0.0008598164912319194,2.5463389918329284e-09,6.922246210761195,8.623522450197662,0.825918583819871,0.00012421061965338143,2.9527829335848287e-10,7.776373285218325e-06,1.277594809949501e-08,3.6392232376213735e-14,8.38450364675532e-05,0.00010449552382605126,0.09274697242486939,0.0001523757235699828,3.4826594521688935e-10,False,1e-24,False
UniGCN,random,4,38,restart,9410.416448379256,971.2244539462403,939.6614343831615,1306.6124692516528,1211.8242536543557,7.202148050652665,0.7433148518033798,0.7754106517917388,0.012799755159538552,0.014431350576678619,0.01342962480043664,0.015826216924075247,0.014684279063693167,0.8087690963004076,0.9118635644836437,0.9145579937690875,False,1e-24,False
UniGCN,random,4,39,base,5.403807483855847,0.0008126985778635905,1.4157023830066851e-09,6.54278739567545,8.150803556474397,0.8259182450934553,0.000124212897151565,1.7368868887560856e-10,7.350090519591144e-06,1.2075826594628571e-08,2.023319371976189e-14,7.924887833909216e-05,9.876735315016327e-05,0.09274693438740401,0.00015237851749722202,2.048571018097435e-10,False,1e-24,False
UniGCN,random,4,39,restart,9410.401496936003,971.224450275648,939.6614338248519,1306.5980247763252,1211.80584310635,7.202216227555492,0.7433230663592275,0.7754224318774684,0.012799734823051431,0.014431350522137567,0.01342962479245729,0.0158260419667675,0.014684055973897912,0.8087767522624484,0.9118736417129064,0.9145718877896899,False,1e-24,False
UniGCN,random,4,40,base,5.107583652715506,0.0007681600163069704,7.874623941176121e-10,6.184129361465415,7.703997874903615,0.8259179836278833,0.000124214739279798,1.0221477301841339e-10,6.947176096853785e-06,1.1414031482908552e-08,1.1254398776507458e-14,7.490466765340859e-05,9.335318579409353e-05,0.0927469050259867,0.00015238077733316195,1.2055720092221558e-10,False,1e-24,False
UniGCN,random,4,40,restart,9410.388417669908,971.2244471906665,939.6614334557437,1306.5853890765222,1211.7897375982325,7.202275868338808,0.7433302525119428,0.7754327374633101,0.012799717033041329,0.01443135047629806,0.013429624787182001,0.015825888918078027,0.014683860815420974,0.808783449656349,0.9118824573457625,0.9145840427115887,False,1e-24,False
UniGCN,random,4,41,base,4.827598378844941,0.0007260601758148097,4.3819768642157355e-10,5.845131906491994,7.281684910301888,0.8259177818524656,0.00012421621743187672,6.01780620583604e-11,6.566348853609222e-06,1.078847314271642e-08,6.262713677213118e-15,7.079859382863361e-05,8.823580890901583e-05,0.09274688236750744,0.00015238259066034098,7.0977007573772e-11,False,1e-24,False
UniGCN,random,4,41,restart,9410.376975706278,971.2244445753195,939.6614332115186,1306.5743352622483,1211.7756481077822,7.202328043446132,0.7433365391953615,0.7754417533301838,0.01279970147003901,0.014431350437436817,0.01342962478369154,0.015825755029823738,0.014683690086035905,0.8087893086881409,0.9118901695521539,0.9145946764746161,False,1e-24,False
UniGCN,random,4,42,base,4.562961414600286,0.0006862660009956466,2.439354689070365e-10,5.524717320438692,6.8825220356801005,0.8259176261778335,0.0001242173963284611,3.544274433738618e-11,6.206397902758525e-06,1.019717451407134e-08,3.486321459058896e-15,6.691760320298802e-05,8.339895321386308e-05,0.09274686488594075,0.00015238403687500894,4.1802940261357826e-11,False,1e-24,False
UniGCN,random,4,42,restart,9410.366965767122,971.2244423426091,939.6614330497964,1306.5646650091537,1211.7633219632824,7.2023736886388185,0.7433420391296169,0.7754496410465452,0.012799687854831748,0.014431350404261143,0.01342962478138021,0.01582563789982017,0.014683540723993456,0.80879443443965,0.9118969166118184,0.9146039796406665,False,1e-24,False
UniGCN,random,4,43,base,4.3128313382566175,0.0006486516044531043,1.3584022999568347e-10,5.22186696179041,6.5052402235472355,0.8259175060978357,0.0001242183321021841,2.088166237181804e-11,5.866178768695967e-06,9.638265045688367e-09,1.9414261934082613e-15,6.324935757982568e-05,7.882724126940564e-05,0.09274685140149268,0.00015238518483802962,2.462887400528332e-11,False,1e-24,False
UniGCN,random,4,43,restart,9410.358208402089,971.2244404259737,939.6614329426266,1306.5562049329696,1211.7525382419803,7.202413622064478,0.7433468508733618,0.775456541899136,0.01279967594333677,0.014431350375782004,0.013429624779848541,0.015825535427967167,0.014683410052262414,0.808798918785203,0.9119028194318575,0.9146121188503694,False,1e-24,False
UniGCN,random,4,44,base,4.076412870815004,0.0006130978909109034,7.566865197829661e-11,4.935618022115535,6.148640011286827,0.8259174134929806,0.00012421907209264008,1.2306567279820337e-11,5.544609737713584e-06,9.109975109880481e-09,1.0814550518298373e-15,5.9782195035314116e-05,7.450613858870486e-05,0.09274684100238059,0.00015238609262338229,1.4514979199227832e-11,False,1e-24,False
UniGCN,random,4,44,restart,9410.350546711768,971.2244387734903,939.6614328715564,1306.5488034324524,1211.7431037592848,7.202448559127456,0.7433510606124879,0.7754625794496965,0.012799665522144387,0.014431350351227877,0.013429624778832807,0.01582544577800935,0.014683295729928705,0.8088028420615163,0.9119079837410539,0.9146192398386034,False,1e-24,False
UniGCN,random,4,45,base,3.8529543416917313,0.0005794922039955669,4.2162339031209866e-11,4.665060467116154,5.811587687741868,0.8259173420904339,0.00012421965547507625,7.2548744502541136e-12,5.240668410910655e-06,8.610630754129563e-09,6.025834126837933e-16,5.650509286720146e-05,7.042190742805996e-05,0.09274683298419312,0.0001523868082894105,8.556760739537862e-12,False,1e-24,False
UniGCN,random,4,45,restart,9410.343843495086,971.2244373439065,939.6614328243935,1306.5423279378306,1211.7348495705,7.202479125454603,0.7433547437202666,0.7754678617665052,0.012799656404637974,0.0144313503299858,0.013429624778158756,0.015825367344208214,0.014683195709805164,0.8088062745236942,0.9119125020037784,0.9146254700664855,False,1e-24,False
UniGCN,random,4,46,base,3.6417452946441147,0.0005477279911892594,2.3498642181036e-11,4.409334144913101,5.493011688863846,0.8259172870455899,0.00012422011423678437,4.277915925188277e-12,4.9533884478486e-06,8.138648722646013e-09,3.358421834330021e-16,5.3407632569199365e-05,6.65615631112891e-05,0.09274682680290271,0.0001523873710766135,5.045587389098468e-12,False,1e-24,False
UniGCN,random,4,46,restart,9410.337978763228,971.2244361038948,939.6614327930752,1306.5366625109662,1211.7276279179473,7.20250586820731,0.7433579661188751,0.7754724833728928,0.012799648427612486,0.01443135031156056,0.013429624777711155,0.015825298722274294,0.014683108201438283,0.8088092776155201,0.9119164550902453,0.9146309210195465,False,1e-24,False
UniGCN,random,4,47,base,3.4421142258927286,0.0005177044847002541,1.3099648289169029e-11,4.167626052516571,5.191899190955445,0.8259172446180121,0.00012422047424039988,2.523093728782194e-12,4.681856490015338e-06,7.692531714447202e-09,1.8721994444382649e-16,5.0479966721373175e-05,6.291283274835162e-05,0.092746822038475,0.00015238781271205141,2.9758625746943782e-12,False,1e-24,False
UniGCN,random,4,47,restart,9410.33284757125,971.2244350261275,939.6614327722662,1306.5317057510736,1211.7213095656043,7.202529265955793,0.7433607854681251,0.7754765269491959,0.01279964144832508,0.014431350295546097,0.013429624777413753,0.0158252386840004,0.0146830316388107,0.8088119050782941,0.9119199137347893,0.9146356902150984,False,1e-24,False
UniGCN,random,4,48,base,3.2534264469358853,0.0004893263971048142,7.30408407900296e-12,3.9391677518990136,4.907292890669757,0.8259172119205782,0.00012422075624195423,1.4884141300981293e-12,4.425209253892149e-06,7.270863860923245e-09,1.0438984202458436e-16,4.771278769257524e-05,5.9464116216992015e-05,0.09274681836669904,0.00015238815865824354,1.7555098547778414e-12,False,1e-24,False
UniGCN,random,4,48,restart,9410.328358125524,971.2244340879101,939.6614327584309,1306.5273689662608,1211.7157814712366,7.202549737301777,0.7433632522037054,0.775480064819752,0.012799635341920928,0.014431350281605197,0.01342962477721602,0.01582518615511459,0.014682964652133267,0.8088142039191226,0.9119229398095319,0.9146398629560718,False,1e-24,False
UniGCN,random,4,49,base,3.0750820650327917,0.0004625036311264965,4.073357789796102e-12,3.723232927534722,4.638287961525377,0.8259171867253836,0.0001242209768038165,8.782028678651749e-13,4.182630784069808e-06,6.8723064134696655e-09,5.821635835337607e-17,4.509729805637985e-05,5.6204449283314876e-05,0.09274681553739109,0.00015238842923312232,1.0357962598284626e-12,False,1e-24,False
UniGCN,random,4,49,restart,9410.32443013114,971.2244332701919,939.6614327492271,1306.5235745765592,1211.7109447527046,7.202567648410785,0.7433654104442495,0.7754831602523823,0.01279962999918539,0.014431350269454782,0.013429624777084478,0.015825140195937,0.014682906043201762,0.8088162152567603,0.9119255874371299,0.9146435138636905,False,1e-24,False
UniGCN,random,4,50,base,2.9065140747673817,0.00043715100312723604,2.2720206348667535e-12,3.519135077699221,4.384029177259524,0.8259171673136326,0.00012422114908218907,5.182494328851624e-13,3.953349857453183e-06,6.495593634862365e-09,3.2471679211928215e-17,4.2625182627170784e-05,5.312346874401957e-05,0.09274681335753805,0.00015238864057609566,6.112492271240052e-13,False,1e-24,False
UniGCN,random,4,50,restart,9410.320993348267,971.2244325568411,939.6614327431014,1306.520254718718,1211.7067129108336,7.202583319593637,0.7433672987840031,0.7754858685942171,0.01279962532458044,0.014431350258855157,0.01342962477699693,0.01582509998448059,0.014682854763862536,0.8088179750606832,0.9119279039631814,0.9146467082171201,False,1e-24,False
UniGCN,random,4,51,base,2.7471865545027883,0.00041318797994506083,1.267470658238566e-12,3.3262253322312816,4.1437081928726,0.8259171523595891,0.00012422128348950074,3.0587835804139963e-13,3.736637530134826e-06,6.1395288889491725e-09,1.8114668499596586e-17,4.028858202799516e-05,5.021137947946059e-05,0.09274681167826566,0.00015238880546063956,3.6076819014714684e-13,False,1e-24,False
UniGCN,random,4,51,restart,9410.31798633068,971.2244319340982,939.661432739022,1306.5173500269732,1211.7030102761812,7.202597031058487,0.7433689509856468,0.7754882382646279,0.012799621234528836,0.014431350249601868,0.013429624776938627,0.015825064801683292,0.0146828098971912,0.8088195147970172,0.9119299308061489,0.914649503124582,False,1e-24,False
UniGCN,random,4,52,base,2.5965929619028496,0.00039053842870795483,7.07168951603281e-13,3.1438903898509247,3.916560974719424,0.8259171408408973,0.00012422138824199694,1.8055864728467338e-13,3.531804819016447e-06,5.8029809231529835e-09,1.0106846299150814e-17,3.808006770652766e-05,4.7458923312780994e-05,0.09274681038476797,0.000152388933966056,2.1295987337388612e-13,False,1e-24,False
UniGCN,random,4,52,restart,9410.315355323173,971.2244313901622,939.6614327363042,1306.5148085673811,1211.6997706512655,7.2026090279388155,0.7433703965859588,0.7754903116233605,0.012799617655914426,0.014431350241519564,0.013429624776899785,0.01582503401850025,0.014682770641039839,0.8088208619931583,0.9119317042003575,0.9146519485472732,False,1e-24,False
UniGCN,random,4,53,base,2.454254523035948,0.00036913037922415567,3.946048294770988e-13,2.9715505684983907,3.701865371476505,0.8259171319693048,0.000124221469806818,1.065962129572824e-13,3.33820051071816e-06,5.4848803378472e-09,5.639685327510001e-18,3.599261831999018e-05,4.485734957611093e-05,0.09274680938852771,0.00015238903402592737,1.2572488969596746e-13,False,1e-24,False
UniGCN,random,4,53,restart,9410.313053297694,971.224430914864,939.6614327344923,1306.5125849062229,1211.6969361234915,7.202619524689182,0.7433716614253473,0.7754921257296352,0.012799614524771116,0.014431350234457144,0.01342962477687389,0.01582500708461994,0.014682736293652647,0.808822040731397,0.9119332558455997,0.9146540881946862,False,1e-24,False
UniGCN,random,4,54,base,2.319718709891706,0.0003488957985164221,2.2021678466791078e-13,2.808657962512239,3.498938818262721,0.8259171251371613,0.00012422153326364734,6.293816385656378e-14,3.155209090744147e-06,5.184216236177489e-09,3.1473344383767194e-18,3.401959741415017e-05,4.239838729025252e-05,0.09274680862130848,0.00015238911187176948,7.423240928553662e-14,False,1e-24,False
UniGCN,random,4,54,restart,9410.31103911059,971.224430499412,939.6614327332844,1306.5106392954965,1211.6944560272022,7.202628708928743,0.7433727681108825,0.7754937130059704,0.012799611785136594,0.014431350228283974,0.013429624776856627,0.015824983518598547,0.014682706241088585,0.8088230720805275,0.911934613475162,0.914655960307556,False,1e-24,False
UniGCN,random,4,55,base,2.1925578014349907,0.0003297703770404211,1.2290869735054904e-13,2.6546947007998414,3.307136166614203,0.8259171198761152,0.00012422158259519015,3.7164692095633043e-14,2.982248786273161e-06,4.900033047497001e-09,1.7566089548113027e-18,3.215473232557946e-05,4.0074218869402856e-05,0.09274680803051646,0.000152389172389377,4.383389132389288e-14,False,1e-24,False
UniGCN,random,4,55,restart,9410.30927676567,971.2244301361835,939.6614327324783,1306.508936960704,1211.6922860360255,7.202636744802233,0.7433737364212114,0.7754951018187308,0.012799609388049962,0.01443135022288679,0.013429624776845105,0.015824962899233328,0.014682679946222882,0.8088239744732713,0.9119358013525546,0.9146575983425882,False,1e-24,False
UniGCN,random,4,56,base,2.072367523596745,0.0003116933261084795,6.860484840151896e-14,2.5091713004713476,3.1258476334143666,0.8259171158252332,0.00012422162091919666,2.1947598362810094e-14,2.8187697163164416e-06,4.6314275173012345e-09,9.80499294544364e-19,3.0392094240205266e-05,3.787745526731596e-05,0.09274680757562048,0.0001523892194034587,2.588609207309726e-14,False,1e-24,False
UniGCN,random,4,56,restart,9410.307734769738,971.2244298185557,939.6614327319403,1306.5074474780233,1211.6903873690974,7.202643775919255,0.7433745836606819,0.7754963169858891,0.012799607290675153,0.014431350218167181,0.013429624776837417,0.015824944858018688,0.014682656939128465,0.8088247640363461,0.9119368407059345,0.914659031571337,False,1e-24,False
UniGCN,random,4,57,base,1.9587657638590275,0.0002946071860297875,3.8296864568704854e-14,2.3716251107093,2.9544968622582553,0.8259171127064027,0.00012422165067297553,1.296222888503352e-14,2.6642521433363485e-06,4.377545856397861e-09,5.473381192114809e-19,2.8726079344831624e-05,3.580111248588733e-05,0.09274680722538974,0.0001523892559039898,1.5288299195373874e-14,False,1e-24,False
UniGCN,random,4,57,restart,9410.30638556891,971.2244295407639,939.661432731581,1306.5061442296026,1211.688726096827,7.202649927924995,0.7433753249690673,0.775497380221141,0.012799605455534237,0.014431350214039495,0.013429624776832282,0.015824929072548476,0.01468263680866355,0.8088254548791456,0.9119377501080608,0.9146602856040186,False,1e-24,False
UniGCN,random,4,58,base,1.8513913563338642,0.0002784576444757401,2.1379839102993557e-14,2.241618841931215,2.7925390910878356,0.8259171103053545,0.00012422167375959482,7.656057231651867e-15,2.5182048207484828e-06,4.1375810420110955e-09,3.055602868658632e-19,2.7151391011763737e-05,3.38385893714766e-05,0.09274680695576273,0.0001523892842255643,9.02993571958492e-15,False,1e-24,False
UniGCN,random,4,58,restart,9410.305205055625,971.2244292977866,939.6614327313412,1306.5050039271503,1211.687272533682,7.202655310748688,0.7433759735924758,0.77549831052238,0.01279960384983686,0.014431350210429114,0.013429624776828854,0.015824915260745517,0.014682619195113739,0.8088260593462329,0.9119385458086334,0.9146613828476956,False,1e-24,False
UniGCN,random,4,59,base,1.749902933463339,0.000263193364583076,1.1936454995978434e-14,2.1187391755723466,2.6394594202727206,0.8259171084570275,0.00012422169166338188,4.5223104792969725e-15,2.3801634310399364e-06,3.910770263579259e-09,1.7059560622333913e-19,2.566302295993636e-05,3.198364662837766e-05,0.09274680674820386,0.00015238930618908494,5.333838514585677e-15,False,1e-24,False
UniGCN,random,4,59,restart,9410.30417213739,971.2244290852432,939.6614327311809,1306.5040061952284,1211.6860007070609,7.202660020570367,0.7433765411203148,0.7754991245115118,0.01279960244489367,0.014431350207270946,0.013429624776826563,0.01582490317581429,0.014682603783756052,0.8088265882381962,0.9119392420249904,0.9146623429070726,False,1e-24,False
UniGCN,random,4,60,base,1.6539778406828547,0.0002487658223163743,6.664586784812186e-15,2.0025954500712433,2.494771175630183,0.8259171070342808,0.00012422170554093908,2.6714220726591093e-15,2.2496891095280882e-06,3.6963925061364405e-09,9.525015787066966e-20,2.4256243339041215e-05,3.0230386982715434e-05,0.09274680658843575,0.0001523893232134169,3.1508084208491937e-15,False,1e-24,False
UniGCN,random,4,60,restart,9410.303268359537,971.2244288993097,939.6614327310737,1306.5031332067524,1211.6848878926962,7.202664141541228,0.74337703769258,0.7754998367317162,0.012799601215603203,0.014431350204508175,0.01342962477682503,0.015824892601825968,0.01468259029922921,0.8088270510048398,0.9119398511963996,0.9146631829351013,False,1e-24,False
UniGCN,random,4,61,base,1.5633111105916808,0.00023512915262401926,3.7213069912656755e-15,1.8928184188823154,2.3580143611801203,0.825917105939193,0.0001242217162927123,1.5781528104872377e-15,2.126367049059355e-06,3.493766264355633e-09,5.318485449256118e-20,2.292657968607455e-05,2.8573236433705865e-05,0.09274680646546227,0.00015238933640318464,1.86135212984913e-15,False,1e-24,False
UniGCN,random,4,61,restart,9410.30247757524,971.2244287366468,939.6614327310022,1306.5023693641426,1211.6839142082417,7.202667747288594,0.7433774721811862,0.7755004599074925,0.012799600140003047,0.01443135020209118,0.013429624776824009,0.015824883349856374,0.0146825785006089,0.8088274559141831,0.9119403842065074,0.9146639179396907,False,1e-24,False
UniGCN,random,4,62,base,1.477614493365501,0.00022224000393686124,2.077972987789955e-15,1.789059076568122,2.228754196715928,0.8259171050963547,0.00012422172461916409,9.323473135134645e-16,2.009805181206555e-06,3.3022473805553593e-09,2.969835363072072e-20,2.166980470649372e-05,2.700692653267259e-05,0.0927468063708153,0.00015238934661768253,1.0996569193015013e-15,False,1e-24,False
UniGCN,random,4,62,restart,9410.301785656817,971.2244285943369,939.6614327309543,1306.5017010204028,1211.6830622577424,7.202670902232421,0.7433778523485978,0.7755010051721551,0.012799599198877173,0.014431350199976607,0.013429624776823324,0.015824875254607587,0.01468256817709966,0.8088278102003003,0.9119408505779382,0.9146645610520271,False,1e-24,False
UniGCN,random,4,63,base,1.3966155403255736,0.0002100574005756269,1.1603910231078614e-15,1.6909875492401993,2.1065797355419194,0.8259171044476975,0.0001242217310647915,5.508412539672275e-16,1.8996329297682467e-06,3.121227000221806e-09,1.6584288225432186e-20,2.048192283478923e-05,2.552647763348164e-05,0.09274680629797398,0.00015238935452487393,6.496896463176536e-16,False,1e-24,False
UniGCN,random,4,63,restart,9410.30118024318,971.2244284698296,939.6614327309221,1306.5011162351113,1211.6823168206113,7.2026736627370385,0.7433781849866042,0.7755014822668559,0.012799598375412412,0.014431350198126563,0.013429624776822864,0.01582486817145241,0.014682559144266041,0.8088281201926538,0.9119412586425389,0.9146651237613107,False,1e-24,False
UniGCN,random,4,64,base,1.3200567377488726,0.0001985426126509671,6.480179249005418e-16,1.5982920458215475,1.9911025579827473,0.8259171039485105,0.00012422173605257044,3.2545682908321435e-16,1.7955000326042751e-06,2.9501296388634916e-09,9.261460859128087e-21,1.9359157531753232e-05,2.4127183061143275e-05,0.09274680624191751,0.00015238936064364562,3.838600153054597e-16,False,1e-24,False
UniGCN,random,4,64,restart,9410.300650518879,971.2244283608959,939.6614327309007,1306.5006045609596,1211.681664579531,7.202676078118728,0.7433784760377276,0.775501899714704,0.012799597654897929,0.014431350196507925,0.013429624776822559,0.015824861973848827,0.014682551240735465,0.8088283914292422,0.911941615690315,0.9146656161201215,False,1e-24,False
UniGCN,random,4,65,base,1.2476946881638742,0.0001876590330583847,3.6189799994064427e-16,1.5106778667971137,1.8819555365112128,0.8259171035643706,0.00012422173991087382,1.9229891085074957e-16,1.6970754280598198e-06,2.788411354288219e-09,5.172239891298434e-21,1.829793927806581e-05,2.2804594148249586e-05,0.09274680619878031,0.00015238936537683004,2.2680692573059627e-16,False,1e-24,False
UniGCN,random,4,65,restart,9410.300187020808,971.2244282655857,939.6614327308865,1306.5001568569987,1211.6810938824074,7.202678191527229,0.7433787307014383,0.7755022649730968,0.0127995970244623,0.01443135019509172,0.013429624776822356,0.015824856551077984,0.014682544325313698,0.8088286287555887,0.9119419280997314,0.9146660469240862,False,1e-24,False
UniGCN,random,4,66,base,1.1792993365280269,0.00017737206118874672,2.0211582599270627e-16,1.4278664673011976,1.7787916685685332,0.8259171032687768,0.00012422174289448553,1.136253500418951e-16,1.604046202436105e-06,2.6355580186663857e-09,2.8886358532892293e-21,1.729489422603194e-05,2.155450609167535e-05,0.09274680616558645,0.000152389369036984,1.3401540452856212e-16,False,1e-24,False
UniGCN,random,4,66,restart,9410.299781469075,971.2244281821947,939.6614327308769,1306.499765125258,1211.6805945341084,7.202680040716948,0.7433789535270836,0.7755025845669973,0.01279959647284347,0.014431350193852619,0.013429624776822217,0.01582485180626523,0.014682538274461233,0.8088288364113446,0.9119422014517123,0.9146664238690709,False,1e-24,False
UniGCN,random,4,67,base,1.1146532388259507,0.00016764899299338487,1.128828708563028e-16,1.3495945715634041,1.681282973366346,0.8259171030413293,0.00012422174520098736,6.714091122345886e-17,1.516116595160468e-06,2.49108368501664e-09,1.613320017748146e-21,1.634683347339394e-05,2.0372944584577542e-05,0.0927468061400451,0.00015238937186649155,7.918933912820043e-17,False,1e-24,False
UniGCN,random,4,67,restart,9410.299426619045,971.2244281092313,939.6614327308703,1306.4994223678036,1211.6801576142568,7.202681658721677,0.7433791484951868,0.7755028642055349,0.012799595990187521,0.01443135019276846,0.013429624776822123,0.01582484765464878,0.01468253298008541,0.8088290181060576,0.9119424406293759,0.9146667536887083,False,1e-24,False
UniGCN,random,4,68,base,1.0535508707624706,0.00015845891706072493,6.30475336258448e-17,1.2756133358979358,1.5891194491631233,0.8259171028663244,0.000124221746983526,3.9674508835095733e-17,1.4330070584921675e-06,2.354529043016395e-09,9.010742488796783e-22,1.545074292512034e-05,1.9256153181193424e-05,0.09274680612039284,0.0001523893740532258,4.6794094355237833e-17,False,1e-24,False
UniGCN,random,4,68,restart,9410.29911613187,971.224428045391,939.6614327308661,1306.4991224616795,1211.6797753178175,7.202683074444913,0.7433793190885803,0.7755031088840263,0.012799595567872541,0.014431350191819863,0.013429624776822063,0.01582484402206491,0.014682528347608727,0.8088291770854612,0.9119426499052965,0.9146670422747236,False,1e-24,False
UniGCN,random,4,69,base,0.9957979743522467,0.0001497726163788127,3.521432358041019e-17,1.2056875575753292,1.5020080876999726,0.825917102731676,0.0001242217483607524,2.3444829537725024e-17,1.3544533687739644e-06,2.2254599592986407e-09,5.032824972715003e-22,1.4603773710941482e-05,1.8200581354267435e-05,0.09274680610527242,0.0001523893757427421,2.7652001190253034e-17,False,1e-24,False
UniGCN,random,4,69,restart,9410.298844461247,971.2244279895327,939.6614327308632,1306.4988600494894,1211.6794408156275,7.202684313176356,0.7433794683546401,0.7755033229732291,0.012799595198354628,0.014431350190989869,0.013429624776822023,0.015824840843622685,0.014682524294278807,0.8088293161894761,0.911942833017851,0.9146672947822063,False,1e-24,False
UniGCN,random,4,70,base,0.9412109403283413,0.00014156247547493134,1.9668931146030295e-17,1.1395949270615566,1.4196719426624715,0.825917102628082,0.00012422174942455203,1.3854560729814047e-17,1.2802057864035024e-06,2.103466097646554e-09,2.8110802024157496e-22,1.3803233128168074e-05,1.720287320713851e-05,0.09274680609363929,0.00015238937704776127,1.6340759875212373e-17,False,1e-24,False
UniGCN,random,4,70,restart,9410.29860675431,971.2244279406586,939.6614327308614,1306.4986304436704,1211.6791481323653,7.202685397043769,0.7433795989597349,0.7755035102974401,0.012799594875033059,0.014431350190263651,0.013429624776821997,0.015824838062544453,0.014682520747689698,0.8088294379029514,0.9119429932380148,0.914667515721723,False,1e-24,False
UniGCN,random,4,71,base,0.8896162244060376,0.00013380239263967943,1.0986298498021689e-17,1.0771253212472656,1.341849249206991,0.8259171025483828,0.00012422175024605486,8.187431266600474e-18,1.2100282618535477e-06,1.9881596147377274e-09,1.5701598615770093e-22,1.3046576080998851e-05,1.625985680460125e-05,0.09274680608468941,0.00015238937805554217,9.656664756928741e-18,False,1e-24,False
UniGCN,random,4,71,restart,9410.298398764917,971.224427897895,939.6614327308599,1306.4984295427334,1211.6788920397885,7.202686345408362,0.7433797132368675,0.7755036742028215,0.01279959459213237,0.01443135018962823,0.013429624776821976,0.01582483562915132,0.01468251764448818,0.8088295444000644,0.9119431334278053,0.9146677090399041,False,1e-24,False
UniGCN,random,4,72,base,0.8408497955459153,0.00012646769695835575,6.136636610352667e-18,1.0180801354202254,1.2682925917522694,0.825917102487069,0.0001242217508803024,4.838502290606545e-18,1.1436976852166205e-06,1.8791739273197997e-09,8.770470320276499e-23,1.2331396989101563e-05,1.536853408862127e-05,0.09274680607780414,0.0001523893788336071,5.706770905866735e-18,False,1e-24,False
UniGCN,random,4,72,restart,9410.298216777794,971.2244278604778,939.661432730859,1306.4982537579833,1211.6786679633194,7.202687175210694,0.7433798132273571,0.7755038176171843,0.012799594344599157,0.014431350189072252,0.013429624776821962,0.015824833499975568,0.014682514929241813,0.8088296375831643,0.911943256091417,0.9146678781899559,False,1e-24,False
UniGCN,random,4,73,base,0.7947566144619663,0.00011953506988728323,3.4278122504983607e-18,0.9622716518572129,1.1987681173904763,0.8259171024399009,0.00012422175136987253,2.859445626532137e-18,1.0810031768879872e-06,1.7761625469189946e-09,4.899023278608043e-23,1.1655422139743369e-05,1.452607134684457e-05,0.09274680607250739,0.0001523893794341886,3.3725727773409524e-18,False,1e-24,False
UniGCN,random,4,73,restart,9410.29805754217,971.2244278277387,939.6614327308585,1306.4980999493994,1211.678471900315,7.202687901273358,0.74337990071731,0.7755039431022958,0.012799594128011824,0.014431350188585783,0.013429624776821955,0.015824831636983998,0.01468251255344857,0.8088297191167625,0.9119433634199603,0.9146680261933545,False,1e-24,False
UniGCN,random,4,74,base,0.751190140716725,0.00011298247112677446,1.9147432933692075e-18,0.9095224430279772,1.1330547924170158,0.825917102403616,0.0001242217517476906,1.6898947042840757e-18,1.0217454171318189e-06,1.6787979783921335e-09,2.7365477690356546e-23,1.1016502459156697e-05,1.3729790203598297e-05,0.09274680606843276,0.00015238937989767797,1.9931460921511107e-18,False,1e-24,False
UniGCN,random,4,74,restart,9410.29791821369,971.2244277990925,939.661432730858,1306.4979653695377,1211.6783003485548,7.202688536565783,0.7433799772695286,0.7755040528996453,0.012799593938501568,0.01443135018816013,0.013429624776821948,0.015824830006898466,0.014682510474670304,0.8088297904572677,0.9119434573306078,0.9146681556938243,False,1e-24,False
UniGCN,random,4,75,base,0.7100118668362931,0.00010678906855583328,1.0695728376674312e-18,0.8596648075139549,1.0709436996154187,0.8259171023757041,0.0001242217520392095,9.98719949565528e-19,9.65736012398968e-07,1.5867706788316736e-09,1.5286316306086473e-23,1.0412606680159334e-05,1.297715910474117e-05,0.09274680606529838,0.00015238938025529964,1.1779401163773707e-18,False,1e-24,False
UniGCN,random,4,75,restart,9410.297796303592,971.2244277740277,939.6614327308577,1306.4978476144481,1211.6781502436766,7.20268909243592,0.743380044251431,0.7755041489704882,0.012799593772683252,0.014431350187787696,0.013429624776821943,0.01582482858060135,0.014682508655774609,0.8088298528790041,0.911943539500843,0.9146682690045677,False,1e-24,False
UniGCN,random,4,76,base,0.6710908779640615,0.00010093517200639676,5.974696891983364e-19,0.8125402368484103,1.0122373740632313,0.8259171023542334,0.0001242217522641005,5.90246620513554e-19,9.127968963816861e-07,1.4997880735221869e-09,8.539026357758686e-24,9.84181488430729e-06,1.2265785269292072e-05,0.09274680606288731,0.00015238938053118526,6.96166300834934e-19,False,1e-24,False
UniGCN,random,4,76,restart,9410.297689634275,971.2244277520966,939.6614327308578,1306.4977445807247,1211.6780189044275,7.2026895788130005,0.7433801028594792,0.775504233030883,0.012799593627594972,0.014431350187461823,0.013429624776821945,0.015824827332615362,0.014682507064271402,0.8088299074969806,0.9119436113984293,0.9146683681495895,False,1e-24,False
UniGCN,random,4,77,base,0.6343034356531373,9.540217066697797e-05,3.3375407103859124e-19,0.767998911582981,0.9567491753472885,0.8259171023377185,0.0001242217524375618,3.4884176505032526e-19,8.627597639010532e-07,1.4175736258258309e-09,4.7700073512210085e-24,9.30231239804967e-06,1.1593407082249309e-05,0.09274680606103276,0.0001523893807439794,4.114413750315364e-19,False,1e-24,False
UniGCN,random,4,77,restart,9410.297596300372,971.2244277329072,939.6614327308575,1306.4976544279318,1211.6779039847675,7.202690004384893,0.7433801541405533,0.7755043065823461,0.012799593500645107,0.014431350187176688,0.013429624776821941,0.015824826240648394,0.014682505671732547,0.8088299552868056,0.9119436743076297,0.9146684548998533,False,1e-24,False
UniGCN,random,4,78,base,0.5995325844742311,9.017247391700371e-05,1.8644123747246044e-19,0.7258992249785171,0.9043026941924954,0.8259171023250151,0.00012422175257133296,2.0617127281584037e-19,8.154655358272889e-07,1.3398659580442566e-09,2.6646149080576975e-24,8.792384023480097e-06,1.0957886904415527e-05,0.09274680605960622,0.00015238938090808354,2.431686812704719e-19,False,1e-24,False
UniGCN,random,4,78,restart,9410.297514634727,971.224427716117,939.6614327308575,1306.4975755457253,1211.677803431958,7.202690376753311,0.743380199010653,0.7755043709386763,0.01279959338956604,0.014431350186927205,0.013429624776821941,0.015824825285195313,0.014682504453283987,0.8088299971021177,0.9119437293521495,0.9146685308049186,False,1e-24,False
UniGCN,random,4,79,base,0.5666677801883117,8.522945540396476e-05,1.0415057297102393e-19,0.6861073328059263,0.8547311916176643,0.8259171023152444,0.00012422175267447978,1.2185184534322253e-19,7.707638533317844e-07,1.2664180204652197e-09,1.4885181689610623e-24,8.310408585343097e-06,1.0357204276369177e-05,0.09274680605850902,0.0001523893810346192,1.4371814335623758e-19,False,1e-24,False
UniGCN,random,4,79,restart,9410.297443178613,971.2244277014256,939.6614327308573,1306.4975065250862,1211.6777154498939,7.2026907025696065,0.74338023827126,0.7755044272494214,0.012799593292373663,0.014431350186708906,0.013429624776821938,0.015824824449189506,0.014682503387161424,0.8088300336898342,0.9119437775152085,0.9146685972206197,False,1e-24,False
UniGCN,random,4,80,base,0.5356045383018876,8.055740018574928e-05,5.81815438832842e-20,0.6484967278257501,0.8078770688353606,0.8259171023077291,0.0001242217527540014,7.201781821479223e-20,7.285125998629511e-07,1.1969963059545177e-09,8.315296085079469e-25,7.85485377695918e-06,9.789449494976485e-06,0.09274680605766508,0.00015238938113217257,8.494140645341204e-20,False,1e-24,False
UniGCN,random,4,80,restart,9410.297380655662,971.2244276885706,939.6614327308573,1306.497446133149,1211.6776384670163,7.202690987653588,0.743380272623656,0.7755044765204159,0.012799593207331893,0.014431350186517894,0.013429624776821938,0.01582482371769802,0.014682502454321488,0.8088300657034935,0.911943819657106,0.9146686553332878,False,1e-24,False
UniGCN,random,4,81,base,0.5062441018875891,7.614145477023097e-05,3.250217049977627e-20,0.6129478375936457,0.763591366210445,0.8259171023019484,0.00012422175281530075,4.256487427441487e-20,6.88577449326128e-07,1.131380107598016e-09,4.645204528356e-25,7.4242712886827215e-06,9.25281754202213e-06,0.09274680605701593,0.00015238938120737172,5.020313550180334e-20,False,1e-24,False
UniGCN,random,4,81,restart,9410.297325949081,971.2244276773231,939.6614327308574,1306.4973932911803,1211.6775711082419,7.202691237097477,0.7433803026814501,0.7755045196317456,0.012799593132921706,0.014431350186350769,0.01342962477682194,0.015824823077654794,0.014682501638101614,0.8088300937149294,0.9119438565305885,0.9146687061809401,False,1e-24,False
UniGCN,random,4,82,base,0.47849312761397056,7.196757989336243e-05,1.8156942194786576e-20,0.5793476443131128,0.7217332896843982,0.8259171022975029,0.00012422175286254725,2.5157412654093178e-20,6.508314390311058e-07,1.0693608170349147e-09,2.5949870057109353e-25,7.017292203404949e-06,8.745602345656526e-06,0.09274680605651672,0.0001523893812653315,2.967190712712574e-20,False,1e-24,False
UniGCN,random,4,82,restart,9410.297278081694,971.2244276674816,939.6614327308574,1306.4973470553066,1211.6775121703956,7.202691455356885,0.7433803289815389,0.7755045573534709,0.012799593067813978,0.014431350186204533,0.01342962477682194,0.015824822517627256,0.014682500923922327,0.8088301182244872,0.9119438887942958,0.9146687506718242,False,1e-24,False
UniGCN,random,4,83,base,0.45226338898634555,6.802250588570908e-05,1.0143223442629278e-20,0.5475893255268957,0.6821697631598211,0.825917102294084,0.00012422175289895793,1.486906044566635e-20,6.151545660495584e-07,1.0107412612524577e-09,1.44966772198037e-25,6.632622644463365e-06,8.26619135641549e-06,0.0927468060561328,0.0001523893813099984,1.753731143491211e-20,False,1e-24,False
UniGCN,random,4,83,restart,9410.297236198496,971.2244276588706,939.6614327308573,1306.4973065996571,1211.6774606007225,7.202691646330383,0.7433803519936972,0.7755045903593801,0.012799593010845758,0.014431350186076584,0.013429624776821938,0.01582482202761212,0.014682500299026869,0.8088301396699591,0.911943917024525,0.9146687896006396,False,1e-24,False
UniGCN,random,4,84,base,0.42747149585519073,6.42936904855691e-05,5.6664614139652885e-21,0.5175719145047349,0.6447750054220425,0.8259171022914539,0.0001242217529270146,8.788277098700907e-21,5.814334056991171e-07,9.553350757342781e-10,8.098496751189982e-26,6.2690396621213024e-06,7.813060420568283e-06,0.09274680605583745,0.00015238938134441696,1.0365332296509921e-20,False,1e-24,False
UniGCN,random,4,84,restart,9410.297199551356,971.2244276513361,939.6614327308571,1306.4972712016083,1211.6774154780796,7.202691813429156,0.7433803721289705,0.7755046192390275,0.01279959296099946,0.01443135018596463,0.013429624776821936,0.015824821598856686,0.014682499752253294,0.8088301584344059,0.9119439417255276,0.9146688236627359,False,1e-24,False
UniGCN,random,4,85,base,0.4040386293003702,6.076927896459257e-05,3.165558321824495e-21,0.4891999792477726,0.6094301302527758,0.8259171022894313,0.00012422175294863174,5.194292445815738e-21,5.495607509411547e-07,9.029661119699938e-10,4.524210422013318e-26,5.925387345539879e-06,7.384768934495297e-06,0.09274680605561031,0.00015238938137093587,6.126407558779656e-21,False,1e-24,False
UniGCN,random,4,85,restart,9410.297167485689,971.2244276447434,939.6614327308573,1306.4972402288777,1211.6773759964829,7.202691959637936,0.7433803897470156,0.775504644508263,0.01279959291738474,0.01443135018586667,0.013429624776821938,0.015824821223702486,0.014682499273835088,0.8088301748529996,0.9119439633385136,0.9146688534665325,False,1e-24,False
UniGCN,random,4,86,base,0.3818902910483136,5.743806643915402e-05,1.7684424439808454e-21,0.46238331908909247,0.5760227684644958,0.8259171022878761,0.0001242217529652855,3.070091219996361e-21,5.194352715458415e-07,8.534678774427485e-10,2.5274548507378365e-26,5.600573147881447e-06,6.979955264690018e-06,0.09274680605543567,0.0001523893813913659,3.621018695526097e-21,False,1e-24,False
UniGCN,random,4,86,restart,9410.297139428738,971.2244276389748,939.6614327308573,1306.4972131282284,1211.6773414507106,7.202692087568309,0.743380405162527,0.7755046666184452,0.01279959287922255,0.014431350185780954,0.013429624776821938,0.015824820895448496,0.01468249885522673,0.8088301892190097,0.9119439822495351,0.9146688795443841,False,1e-24,False
UniGCN,random,4,87,base,0.36095606662549234,5.4289462247677155e-05,9.879468541467431e-22,0.43703667792582246,0.5444467106539007,0.8259171022866799,0.00012422175297811415,1.814588709628133e-21,4.909611919408848e-07,8.066830063145783e-10,1.4119719175951974e-26,5.2935644128612196e-06,6.5973324188245e-06,0.09274680605530135,0.0001523893814071035,2.1402164207556783e-21,False,1e-24,False
UniGCN,random,4,87,restart,9410.297114879342,971.2244276339277,939.6614327308574,1306.4971894155879,1211.6773112237045,7.202692199505368,0.7433804186508569,0.7755046859645073,0.012799592845831227,0.01443135018570596,0.01342962477682194,0.015824820608231437,0.014682498488951017,0.8088302017890421,0.9119439987963813,0.9146689023620945,False,1e-24,False
UniGCN,random,4,88,base,0.3411694014952034,5.1313456280671715e-05,5.519224779233829e-22,0.41307947317110016,0.5146015695386925,0.8259171022857601,0.00012422175298799549,1.0725238914800555e-21,4.640479867197602e-07,7.6246275912698e-10,7.888066410115012e-27,5.003385091704215e-06,6.235683954115671e-06,0.09274680605519806,0.00015238938141922545,1.2649881661992723e-21,False,1e-24,False
UniGCN,random,4,88,restart,9410.29709339901,971.2244276295113,939.6614327308572,1306.497168667401,1211.6772847755499,7.202692297448536,0.7433804304529334,0.7755047028920075,0.012799592816614346,0.014431350185640337,0.013429624776821936,0.015824820356921034,0.014682498168465532,0.8088302127876229,0.9119440132746116,0.9146689223272324,False,1e-24,False
UniGCN,random,4,89,base,0.32246738946594866,4.850058715644767e-05,3.083360547775654e-22,0.39043553956418015,0.48639246080416837,0.8259171022850526,0.00012422175299560583,6.339244121255158e-22,4.3861009284138313e-07,7.206665499262599e-10,4.406733506976187e-27,4.72911264007001e-06,5.8938601099842545e-06,0.0927468060551186,0.00015238938142856146,7.476820665477176e-22,False,1e-24,False
UniGCN,random,4,89,restart,9410.297074604054,971.2244276256471,939.6614327308573,1306.4971505130632,1211.6772616338299,7.202692383147271,0.7433804407795653,0.7755047177033053,0.012799592791050033,0.01443135018558292,0.013429624776821938,0.015824820137028375,0.014682497888045766,0.8088302224112086,0.9119440259428361,0.9146689397964158,False,1e-24,False
UniGCN,random,4,90,base,0.30479057269871385,4.5841912141338335e-05,1.7225511284213483e-22,0.3690328870242002,0.4597297014449668,0.8259171022845085,0.00012422175300146662,3.746878052488743e-22,4.1456663760624315e-07,6.811614993104083e-10,2.4618670627312914e-27,4.4698750850799425e-06,5.570774152711208e-06,0.09274680605505752,0.0001523893814357512,4.419254838276183e-22,False,1e-24,False
UniGCN,random,4,90,restart,9410.297058158763,971.2244276222657,939.6614327308572,1306.4971346283023,1211.6772413851875,7.202692458132323,0.7433804498152065,0.7755047306629592,0.012799592768681662,0.014431350185532675,0.013429624776821936,0.01582481994462575,0.014682497642682864,0.8088302308316954,0.911944037027334,0.914668955081678,False,1e-24,False
UniGCN,random,4,91,base,0.2880827526773247,4.332897871880611e-05,9.623241913691325e-23,0.3488034717777682,0.4345285246429276,0.8259171022840901,0.00012422175300597963,2.214639860892721e-22,3.918411815441738e-07,6.438220119765949e-10,1.3753520527268143e-27,4.224848253122191e-06,5.265398920470506e-06,0.09274680605501052,0.00015238938144128755,2.612056699787364e-22,False,1e-24,False
UniGCN,random,4,91,restart,9410.297043769386,971.2244276193073,939.6614327308574,1306.4971207293852,1211.6772236679424,7.2026925237430675,0.7433804577212514,0.775504742002454,0.012799592749109679,0.014431350185488717,0.01342962477682194,0.015824819776276464,0.014682497427994165,0.8088302381994893,0.9119440467260966,0.9146689684560436,False,1e-24,False
UniGCN,random,4,92,base,0.2722908115409132,4.095379771704729e-05,5.376158459169487e-23,0.3296829800327341,0.41070881027459993,0.8259171022837684,0.00012422175300945472,1.3089951626737656e-22,3.703614753963418e-07,6.085293774262857e-10,7.683596275475023e-28,3.993253149621293e-06,4.9767635577541644e-06,0.0927468060549744,0.00015238938144555064,1.5438941766689745e-22,False,1e-24,False
UniGCN,random,4,92,restart,9410.297031178909,971.2244276167189,939.6614327308573,1306.4971085680497,1211.6772081656297,7.202692581151447,0.7433804646389174,0.7755047519243349,0.012799592731984505,0.014431350185450257,0.013429624776821938,0.015824819628973464,0.01468249724014491,0.8088302446461942,0.9119440552123627,0.9146689801584047,False,1e-24,False
UniGCN,random,4,93,base,0.2573645432104703,3.8708817909664736e-05,3.003475435940888e-23,0.31161062351039936,0.38819483019162215,0.8259171022835211,0.00012422175301213023,7.737031001825298e-23,3.5005923041884685e-07,5.751713925585618e-10,4.292561844734234e-28,3.7743534824418516e-06,4.703950428807521e-06,0.09274680605494663,0.00015238938144883284,9.12544022242688e-23,False,1e-24,False
UniGCN,random,4,93,restart,9410.297020162438,971.2244276144538,939.6614327308573,1306.4970979270713,1211.6771946013482,7.202692631382884,0.743380470691767,0.775504760605826,0.012799592717000244,0.0144313501854166,0.013429624776821938,0.015824819500085643,0.014682497075779743,0.8088302502869604,0.9119440626377128,0.9146689903977883,False,1e-24,False
UniGCN,random,4,94,base,0.2432564937725977,3.6586902008661026e-05,1.6779435746553993e-23,0.2945289461861132,0.36691500746416295,0.8259171022833308,0.00012422175301419005,4.5731124116510454e-23,3.3086990127767626e-07,5.436420049518239e-10,2.3981140248368235e-28,3.5674533210527262e-06,4.4460922002619e-06,0.09274680605492526,0.0001523893814513597,5.393756847182703e-23,False,1e-24,False
UniGCN,random,4,94,restart,9410.297010523198,971.2244276124718,939.6614327308573,1306.4970886163808,1211.6771827328132,7.2026926753346086,0.7433804759879161,0.7755047682019955,0.012799592703889251,0.014431350185387147,0.013429624776821938,0.01582481938731081,0.014682496931962783,0.8088302552225431,0.9119440691347784,0.9146689993570896,False,1e-24,False
UniGCN,random,4,95,base,0.2299218106130054,3.458130397342935e-05,9.374148844467607e-24,0.2783836416238436,0.3468016888220069,0.8259171022831844,0.0001242217530157758,2.7030286029774243e-23,3.1273248084478997e-07,5.138409756998069e-10,1.339751714800211e-28,3.3718948840097323e-06,4.202369083689716e-06,0.09274680605490881,0.00015238938145330504,3.188086738977952e-23,False,1e-24,False
UniGCN,random,4,95,restart,9410.29700208901,971.2244276107381,939.6614327308573,1306.497080469672,1211.67717234803,7.202692713791681,0.7433804806219643,0.7755047748485259,0.01279959269241733,0.014431350185361387,0.013429624776821938,0.01582481928863459,0.014682496806125182,0.8088302595411008,0.9119440748196099,0.9146690071963388,False,1e-24,False
UniGCN,random,4,96,base,0.2173180998201147,3.268564756360365e-05,5.237063412863415e-24,0.26312338032398785,0.32779092956982187,0.8259171022830719,0.00012422175301699648,1.5976840542037882e-23,2.955893062429455e-07,4.856735607300054e-10,7.484801878350899e-29,3.18705644772272e-06,3.972006229315458e-06,0.09274680605489619,0.0001523893814548025,1.8843882527447193e-23,False,1e-24,False
UniGCN,random,4,96,restart,9410.296994709228,971.2244276092207,939.6614327308573,1306.4970733414286,1211.6771632615062,7.202692747441022,0.7433804846766843,0.7755047806641363,0.012799592682379582,0.01443135018533884,0.013429624776821938,0.01582481920229443,0.014682496696019242,0.8088302633197716,0.9119440797937489,0.9146690140555599,False,1e-24,False
UniGCN,random,4,97,base,0.20540529140542166,3.08939060675837e-05,2.9258009496512273e-24,0.2486996465355227,0.3098222902928081,0.8259171022829856,0.00012422175301793605,9.443481122310791e-24,2.7938587552263736e-07,4.590502095913634e-10,4.18154960465847e-29,3.012350369858559e-06,3.7542712625966233e-06,0.0927468060548865,0.00015238938145595513,1.1138112598092662e-23,False,1e-24,False
UniGCN,random,4,97,restart,9410.296988252034,971.2244276078931,939.6614327308574,1306.497067104326,1211.6771553109393,7.202692776883674,0.7433804882245013,0.7755047857527052,0.012799592673596708,0.014431350185319113,0.01342962477682194,0.01582481912674813,0.014682496599678256,0.8088302666260501,0.9119440841460434,0.9146690200572718,False,1e-24,False
UniGCN,random,4,98,base,0.19414551191212762,2.920038314228796e-05,1.6345692050846663e-24,0.2350665840136857,0.29283864470641036,0.825917102282919,0.0001242217530186592,5.581808393914086e-24,2.6407067438832635e-07,4.3388628075361413e-10,2.3361234516392756e-29,2.8472212210959983e-06,3.5484719558428084e-06,0.09274680605487902,0.00015238938145684225,6.58346319404521e-24,False,1e-24,False
UniGCN,random,4,98,restart,9410.296982602089,971.2244276067314,939.6614327308573,1306.4970616469589,1211.6771483543168,7.202692802645533,0.7433804913287859,0.7755047902051239,0.01279959266591183,0.014431350185301853,0.013429624776821938,0.015824819060646297,0.014682496515381392,0.808830269518992,0.9119440879542332,0.9146690253086764,False,1e-24,False
UniGCN,random,4,99,base,0.18350296400703026,2.7599694703220098e-05,9.131944429924556e-25,0.2221808502328148,0.2767859980392052,0.8259171022828679,0.00012422175301921582,3.2992797665404545e-24,2.4959501242308276e-07,4.1010177251314984e-10,1.305135902196836e-29,2.6911440192928143e-06,3.3539540274705494e-06,0.09274680605487327,0.00015238938145752508,3.891335097342196e-24,False,1e-24,False
UniGCN,random,4,99,restart,9410.296977658476,971.224427605715,939.6614327308574,1306.4970568718472,1211.6771422673803,7.202692825186763,0.743380494044987,0.7755047941009212,0.01279959265918768,0.01443135018528675,0.01342962477682194,0.015824819002808223,0.014682496441622945,0.8088302720502716,0.9119440912863404,0.9146690299035741,False,1e-24,False
UniGCN,random,4,100,base,0.17344381267287162,2.6086751807273785e-05,5.101823094902039e-25,0.21000147859085894,0.26161331537156196,0.8259171022828284,0.00012422175301964424,1.9501389245635548e-24,2.3591286829096508e-07,3.8762106864991573e-10,7.291516652241212e-30,2.5436225604512943e-06,3.1700990618972305e-06,0.09274680605486885,0.00015238938145805065,2.3000911043699077e-24,False,1e-24,False
UniGCN,random,4,100,restart,9410.296973332888,971.2244276048258,939.6614327308573,1306.4970526936986,1211.6771369414053,7.202692844909986,0.7433804964216206,0.7755047975096833,0.01279959265330415,0.014431350185273537,0.013429624776821938,0.015824818952200802,0.014682496377085448,0.8088302742651016,0.9119440942018824,0.9146690339240381,False,1e-24,False
UniGCN,random,4,101,base,0.16393607763932327,2.4656744473856896e-05,2.8502935185550315e-25,0.19848974816747494,0.24727235938432823,0.8259171022827982,0.00012422175301997395,1.1526939467281514e-24,2.2298074342499854e-07,3.6637269802672015e-10,4.073634516078465e-30,2.40418784117581e-06,2.996322543460964e-06,0.09274680605486546,0.00015238938145845514,1.3595447275756666e-24,False,1e-24,False
UniGCN,random,4,101,restart,9410.296969548068,971.2244276040476,939.6614327308572,1306.4970490378832,1211.67713228126,7.202692862167504,0.7433804985011382,0.7755048004922972,0.012799592648156156,0.014431350185261973,0.013429624776821936,0.01582481890792009,0.014682496320616141,0.8088302762030438,0.9119440967529363,0.9146690374418817,False,1e-24,False
UniGCN,random,4,102,base,0.15494953171062267,2.3305126392898912e-05,1.5924140982003428e-25,0.18760906062164515,0.23371753700170741,0.8259171022827752,0.0001242217530202276,6.813412971182857e-25,2.1075752373559505e-07,3.4628910736667493e-10,2.2758754465425888e-30,2.272396567607135e-06,2.8320719981158214e-06,0.09274680605486287,0.0001523893814587663,8.036079054687625e-25,False,1e-24,True
UniGCN,random,4,102,restart,9410.296966236408,971.2244276033666,939.6614327308575,1306.4970458391015,1211.6771282037048,7.202692877267563,0.7433805003206837,0.7755048031020384,0.01279959264365174,0.014431350185251855,0.013429624776821941,0.015824818869175156,0.014682496271206371,0.8088302778987131,0.9119440989850688,0.9146690405199406,False,1e-24,False
UniGCN,random,4,103,base,0.14645560466662197,2.2027600471124925e-05,8.896628351431449e-26,0.17732482383744383,0.22090575444077096,0.8259171022827572,0.00012422175302042278,4.0273411500544702e-25,1.9920434889975485e-07,3.2730644648637606e-10,1.2715045693780423e-30,2.1478297460930687e-06,2.676825236994461e-06,0.09274680605486084,0.00015238938145900572,4.750047002716125e-25,False,1e-24,True
UniGCN,random,4,103,restart,9410.29696333876,971.224427602771,939.6614327308573,1306.4970430402172,1211.6771246359074,7.20269289047988,0.7433805019127581,0.7755048053855212,0.01279959263971045,0.014431350185243006,0.013429624776821938,0.015824818835273945,0.014682496227973591,0.8088302793823973,0.9119441009381505,0.9146690432131942,False,1e-24,False
UniGCN,random,4,104,base,0.1384272924317298,2.082010517064487e-05,4.970496717222411e-26,0.16760434194803825,0.20879628020677665,0.8259171022827434,0.00012422175302057302,2.380548500337263e-25,1.8828448881549195e-07,3.093643653020363e-10,7.103825222742926e-31,2.030091351114804e-06,2.5300886962540466e-06,0.0927468060548593,0.00015238938145919003,2.807737623293831e-25,False,1e-24,True
UniGCN,random,4,104,restart,9410.296960803362,971.2244276022499,939.6614327308573,1306.497040591237,1211.67712151414,7.202692902040454,0.7433805033057984,0.7755048073835334,0.01279959263626188,0.014431350185235262,0.013429624776821938,0.01582481880561091,0.014682496190145578,0.8088302806805981,0.9119441026470666,0.9146690455697494,False,1e-24,False
UniGCN,random,4,105,base,0.13083907122297278,1.9678801596425315e-05,2.7770070966096267e-26,0.15841671138828556,0.19735061559872444,0.8259171022827326,0.0001242217530206886,1.4071438734481333e-25,1.779632268287033e-07,2.924058219632063e-10,3.96889368989575e-31,1.918807066234078e-06,2.391395867927462e-06,0.09274680605485809,0.00015238938145933182,1.6596556609991338e-25,False,1e-24,True
UniGCN,random,4,105,restart,9410.296958584926,971.2244276017935,939.6614327308574,1306.497038448417,1211.6771187826419,7.202692912155777,0.743380504524687,0.7755048091317631,0.012799592633244433,0.014431350185228481,0.01342962477682194,0.01582481877965621,0.014682496157046651,0.8088302818165037,0.9119441041423415,0.9146690476316987,False,1e-24,False
UniGCN,random,4,106,base,0.12366681640423578,1.8600061291592093e-05,1.5515426522005591e-26,0.14973272264545343,0.18653237231345762,0.8259171022827245,0.0001242217530207775,8.317819759421036e-26,1.682077493612353e-07,2.7637690150410193e-10,2.2174620473390005e-31,1.8136230940583015e-06,2.260305816791142e-06,0.09274680605485718,0.0001523893814594409,9.81045144805686e-26,False,1e-24,True
UniGCN,random,4,106,restart,9410.29695664383,971.2244276013944,939.6614327308573,1306.497036573483,1211.6771163926232,7.202692921006526,0.7433805055911955,0.775504810661437,0.012799592630604213,0.01443135018522255,0.013429624776821938,0.015824818756946253,0.014682496128085604,0.8088302828104035,0.9119441054506838,0.9146690494358722,False,1e-24,False
UniGCN,random,4,107,base,0.11688772578869971,1.7580454701762426e-05,8.668734164788847e-27,0.14152476739570896,0.17630715675918707,0.8259171022827185,0.0001242217530208459,4.91683623293252e-26,1.5898704158925018e-07,2.6122664443598843e-10,1.2389339720456116e-31,1.7142050314402727e-06,2.1364017785343277e-06,0.09274680605485651,0.00015238938145952478,5.79916186409271e-26,False,1e-24,True
UniGCN,random,4,107,restart,9410.2969549454,971.2244276010452,939.6614327308573,1306.4970349329446,1211.677114301394,7.202692928750795,0.7433805065243742,0.775504811999878,0.012799592628294061,0.014431350185217361,0.013429624776821938,0.01582481873707539,0.014682496102745137,0.8088302836800504,0.9119441065954633,0.9146690510144964,False,1e-24,False
UniGCN,random,4,108,base,0.11048024714563848,1.6616740271731963e-05,4.8434820273630636e-27,0.13376675073114155,0.16664246071064392,0.8259171022827135,0.00012422175302089853,2.906511345732725e-26,1.5027178884023062e-07,2.469068847356798e-10,6.922296049943086e-32,1.6202368063365008e-06,2.019289834773001e-06,0.09274680605485594,0.00015238938145958935,3.428084433813464e-26,False,1e-24,True
UniGCN,random,4,108,restart,9410.296953459301,971.2244276007398,939.6614327308573,1306.497033497499,1211.6771124716008,7.202692935526911,0.743380507340891,0.7755048131709932,0.012799592626272718,0.014431350185212823,0.013429624776821938,0.01582481871968869,0.01468249608057262,0.8088302844409779,0.9119441075971276,0.914669052395768,False,1e-24,False
UniGCN,random,4,109,base,0.10442400968110373,1.5705854139852904e-05,2.7063204406830855e-27,0.1264340081982702,0.15750755795823054,0.82591710228271,0.00012422175302093905,1.7182162403919535e-26,1.4203428339514268e-07,2.3337209671508385e-10,3.86786844476433e-32,1.5314196729441636e-06,1.908597660696085e-06,0.09274680605485554,0.00015238938145963906,2.0265499242798394e-26,False,1e-24,True
UniGCN,random,4,109,restart,9410.296952158986,971.2244276004725,939.6614327308572,1306.497032241506,1211.6771108705605,7.202692941455907,0.7433805080553306,0.7755048141957006,0.012799592624504069,0.01443135018520885,0.013429624776821936,0.0158248187044756,0.014682496061172013,0.8088302851067777,0.9119441084735684,0.914669053604359,False,1e-24,False
UniGCN,random,4,110,base,0.09869975927465813,1.4844900397339194e-05,1.5122198718985786e-27,0.11950322738428258,0.14887340662259413,0.8259171022827071,0.0001242217530209702,1.0157756890269701e-26,1.3424833639945878e-07,2.205792502849562e-10,2.1612619984445533e-32,1.4474712619220269e-06,1.803973341362395e-06,0.09274680605485522,0.00015238938145967728,1.1980565060968843e-26,False,1e-24,True
UniGCN,random,4,110,restart,9410.296951021233,971.2244276002384,939.6614327308572,1306.497031142532,1211.6771094696746,7.202692946643688,0.743380508680454,0.7755048150923038,0.012799592622956534,0.014431350185205373,0.013429624776821936,0.015824818691164384,0.014682496044196781,0.8088302856893423,0.9119441092404403,0.9146690546618577,False,1e-24,False
UniGCN,random,4,111,base,0.09328929726626163,1.4031141881531084e-05,8.450348524628287e-28,0.11295237380171048,0.14071255682405878,0.825917102282705,0.0001242217530209941,6.005397610104019e-27,1.2688919460298836e-07,2.0848767415271585e-10,1.2077223345148584e-32,1.3681246826757564e-06,1.7050842528850836e-06,0.09274680605485498,0.0001523893814597066,7.083065440733115e-27,False,1e-24,True
UniGCN,random,4,111,restart,9410.296950025715,971.2244276000338,939.6614327308574,1306.4970301809465,1211.6771082439213,7.202692951182915,0.7433805092274275,0.7755048158768179,0.01279959262160246,0.014431350185202333,0.01342962477682194,0.015824818679517273,0.014682496029343718,0.8088302861990774,0.9119441099114416,0.9146690555871526,False,1e-24,False
UniGCN,random,4,112,base,0.08817542259869991,1.3261991473848799e-05,4.722369109531718e-28,0.10676062083591333,0.1329990634133778,0.8259171022827031,0.0001242217530210126,3.5506784697077156e-27,1.1993346166381223e-07,1.9705892651939819e-10,6.749201679412834e-33,1.2931276748536008e-06,1.6116160049466292e-06,0.09274680605485477,0.00015238938145972932,4.187847265537885e-27,False,1e-24,True
UniGCN,random,4,112,restart,9410.296949154654,971.2244275998548,939.6614327308573,1306.4970293395743,1211.677107171406,7.202692955154669,0.7433805097060209,0.7755048165632555,0.012799592620417669,0.014431350185199674,0.013429624776821938,0.015824818669326234,0.014682496016347515,0.8088302866450876,0.9119441104985573,0.9146690563967714,False,1e-24,False
UniGCN,random,4,113,base,0.08334187713161334,1.2535003874769464e-05,2.6394376880514225e-28,0.10090828353265698,0.1257084034863568,0.8259171022827019,0.00012422175302102684,2.0996509500161472e-27,1.1335902376612907e-07,1.8625667286466012e-10,3.772279731574959e-33,1.2222418063548564e-06,1.5232714412823696e-06,0.09274680605485464,0.00015238938145974677,2.4764330436072874e-27,False,1e-24,True
UniGCN,random,4,113,restart,9410.29694839249,971.224427599698,939.6614327308574,1306.4970286033865,1211.677106232972,7.202692958629893,0.7433805101247825,0.7755048171638778,0.012799592619380998,0.014431350185197343,0.01342962477682194,0.01582481866040923,0.01468249600497604,0.8088302870353397,0.9119441110122742,0.9146690571051752,False,1e-24,False
UniGCN,random,4,114,base,0.07877329395326702,1.184786782967831e-05,1.4754161714089486e-28,0.09537675601528338,0.11881739842010923,0.8259171022827009,0.00012422175302103777,1.2417509481164014e-27,1.0714497931553616e-07,1.7604657043129223e-10,2.1086622140160446e-33,1.1552417153013972e-06,1.439769694954915e-06,0.09274680605485452,0.00015238938145976016,1.4645829964368534e-27,False,1e-24,True
UniGCN,random,4,114,restart,9410.296947725605,971.2244275995608,939.6614327308572,1306.4970279592337,1211.6771054118565,7.202692961670657,0.7433805104911925,0.7755048176894128,0.012799592618473922,0.014431350185195306,0.013429624776821936,0.015824818652606994,0.014682495995026175,0.808830287376804,0.9119441114617688,0.9146690577250175,False,1e-24,False
UniGCN,random,4,115,base,0.07445514852573484,1.1198398780878313e-05,8.249729384178567e-29,0.09014845233250766,0.11230414018307984,0.8259171022827001,0.0001242217530210461,7.345881790938196e-28,1.0127157248823129e-07,1.663961590419868e-10,1.179049882018237e-33,1.0919143935623501e-06,1.3608452954159392e-06,0.09274680605485443,0.00015238938145977038,8.664099335831285e-28,False,1e-24,True
UniGCN,random,4,115,restart,9410.296947142091,971.224427599441,939.6614327308572,1306.49702739561,1211.6771046933932,7.20269296433128,0.7433805108117956,0.7755048181492481,0.012799592617680244,0.014431350185193524,0.013429624776821936,0.015824818645780156,0.014682495986320196,0.80883028767558,0.9119441118550695,0.9146690582673701,False,1e-24,False
UniGCN,random,4,116,base,0.07037371250817583,1.0584531922397373e-05,4.614044022523646e-29,0.08520675054878318,0.10614792168455942,0.8259171022826995,0.00012422175302105248,4.346805805802996e-28,9.572013042287243e-08,1.5727475790124374e-10,6.594383654349579e-34,1.0320585095540595e-06,1.2862473245164985e-06,0.09274680605485437,0.00015238938145977821,5.1268395499507935e-28,False,1e-24,True
UniGCN,random,4,116,restart,9410.296946631526,971.2244275993361,939.6614327308574,1306.4970269024477,1211.6771040647488,7.202692966659285,0.7433805110923185,0.7755048185515969,0.01279959261698579,0.014431350185191965,0.01342962477682194,0.015824818639806774,0.0146824959787026,0.8088302879370046,0.9119441121992018,0.9146690587419204,False,1e-24,False
UniGCN,random,4,117,base,0.0665160101113975,1.0004315635512743e-05,2.581341735182502e-29,0.0805359398994865,0.1003291709422565,0.8259171022826991,0.0001242217530210575,2.5728725862472927e-28,9.047300385541516e-08,1.4865336805432548e-10,3.68924909725233e-34,9.754837681623847e-07,1.2157386187826565e-06,0.09274680605485432,0.00015238938145978437,3.0345742417448652e-28,False,1e-24,True
UniGCN,random,4,117,restart,9410.29694618479,971.2244275992442,939.6614327308573,1306.4970264709386,1211.677103514695,7.202692968696252,0.7433805113377715,0.7755048189036455,0.012799592616378154,0.014431350185190601,0.013429624776821938,0.015824818634580164,0.014682495972037324,0.808830288165747,0.9119441125003119,0.9146690591571441,False,1e-24,False
UniGCN,random,4,118,base,0.06286977684494796,9.455905284122803e-06,1.445179002848529e-29,0.07612117084291663,0.09482938885863039,0.8259171022826989,0.00012422175302106132,1.5239779779694359e-28,8.551351100819301e-08,1.4050458019315635e-10,2.065447305546319e-34,9.220103057523813e-07,1.149095015420266e-06,0.0927468060548543,0.00015238938145978906,1.7974556305867438e-28,False,1e-24,True
UniGCN,random,4,118,restart,9410.2969457939,971.2244275991636,939.6614327308571,1306.4970260933744,1211.6771030334062,7.202692970478567,0.743380511552539,0.7755048192116827,0.012799592615846477,0.014431350185189403,0.013429624776821936,0.01582481863000695,0.014682495966205305,0.8088302883658929,0.9119441127637786,0.9146690595204585,False,1e-24,False
UniGCN,random,4,119,base,0.05942342052558374,8.937557350240304e-06,8.099738828636002e-30,0.07194840785031235,0.089631090408162,0.8259171022826985,0.00012422175302106427,9.036751412653151e-29,8.082588455485067e-08,1.328024875160609e-10,1.1576132580296405e-34,8.714681183419614e-07,1.0861046396517894e-06,0.09274680605485426,0.0001523893814597927,1.0658395294221161e-28,False,1e-24,True
UniGCN,random,4,119,restart,9410.29694545188,971.2244275990934,939.6614327308571,1306.497025763012,1211.6771026122858,7.202692972038064,0.7433805117404573,0.7755048194812106,0.012799592615381274,0.014431350185188358,0.013429624776821936,0.01582481862600547,0.01468249596110238,0.8088302885410176,0.9119441129943079,0.9146690598383532,False,1e-24,False
UniGCN,random,4,120,base,0.05616598442315163,8.447623890962461e-06,4.547421845495911e-30,0.06800438478379747,0.08471774904858477,0.8259171022826982,0.00012422175302106647,5.367732141806566e-29,7.63952214925211e-08,1.255226033643025e-10,6.499167355358009e-35,8.236965211215776e-07,1.026567231119449e-06,0.09274680605485422,0.00015238938145979537,6.330970985963391e-29,False,1e-24,True
UniGCN,random,4,120,restart,9410.29694515262,971.2244275990317,939.6614327308572,1306.4970254739499,1211.6771022438122,7.202692973402604,0.743380511904883,0.7755048197170434,0.01279959261497423,0.014431350185187444,0.013429624776821936,0.015824818622504233,0.014682495956637402,0.8088302886942492,0.9119441131960175,0.9146690601165062,False,1e-24,False
UniGCN,random,4,121,base,0.053087112426716425,7.984547299295463e-06,2.558328683426744e-30,0.0642765627203898,0.08007374417934589,0.8259171022826979,0.00012422175302106823,3.194965727713075e-29,7.220743576187817e-08,1.186417833735717e-10,3.65635888389631e-35,7.785436376016203e-07,9.7029350721319e-07,0.09274680605485419,0.00015238938145979754,3.768301917630935e-29,False,1e-24,True
UniGCN,random,4,121,restart,9410.29694489077,971.224427598978,939.6614327308571,1306.497025221025,1211.6771019214038,7.202692974596551,0.7433805120487529,0.775504819923393,0.012799592614618069,0.014431350185186645,0.013429624776821936,0.015824818619440705,0.014682495952730619,0.8088302888283242,0.9119441133725104,0.9146690603598852,False,1e-24,False
UniGCN,random,4,122,base,0.05017701612019019,7.546855352176749e-06,1.444083012362054e-30,0.060753090087987315,0.07568431148025691,0.8259171022826981,0.00012422175302106956,1.908034814769715e-29,6.824921346443367e-08,1.121381518929244e-10,2.063880917858197e-35,7.35865916763412e-07,9.171045612993324e-07,0.0927468060548542,0.00015238938145979917,2.250431417475602e-29,False,1e-24,True
UniGCN,random,4,122,restart,9410.296944661653,971.224427598931,939.6614327308573,1306.4970249997198,1211.6771016393009,7.202692975641236,0.743380512174637,0.7755048201039464,0.01279959261430643,0.014431350185185947,0.013429624776821938,0.015824818616760165,0.014682495949312237,0.8088302889456377,0.911944113526939,0.9146690605728388,False,1e-24,False
UniGCN,random,4,123,base,0.04742644366278924,7.133156529951837e-06,8.199921683595335e-31,0.057422764986595425,0.07153549597244949,0.8259171022826975,0.00012422175302107062,1.1462731294619633e-29,6.450797053470487e-08,1.0599103243724272e-10,1.1719313741543445e-35,6.955276766787234e-07,8.668312939367543e-07,0.09274680605485415,0.00015238938145980047,1.3519716954748644e-29,False,1e-24,True
UniGCN,random,4,123,restart,9410.296944461183,971.2244275988897,939.6614327308574,1306.497024806081,1211.6771013924656,7.20269297655532,0.7433805122847833,0.7755048202619276,0.012799592614033756,0.014431350185185333,0.01342962477682194,0.015824818614414735,0.014682495946321211,0.8088302890482852,0.9119441136620613,0.9146690607591696,False,1e-24,False
UniGCN,random,4,124,base,0.044826650375383,6.742135592425065e-06,4.699807189823829e-31,0.05427499957500526,0.06761410765240625,0.8259171022826977,0.0001242217530210715,6.950926889377608e-30,6.097181273268295e-08,1.0018088195210807e-10,6.716956223191314e-36,6.574006731468658e-07,8.193138752723099e-07,0.09274680605485416,0.00015238938145980158,8.198269827859124e-30,False,1e-24,True
UniGCN,random,4,124,restart,9410.296944285772,971.2244275988538,939.6614327308572,1306.49702463665,1211.6771011764883,7.202692977355131,0.7433805123811599,0.7755048204001584,0.01279959261379517,0.0144313501851848,0.013429624776821936,0.01582481861236252,0.014682495943704106,0.8088302891381004,0.9119441137802915,0.914669060922206,False,1e-24,False
UniGCN,random,4,125,base,0.04236937093922185,6.372549397419665e-06,2.7319851320447782e-31,0.05129978640970134,0.06390767955801789,0.8259171022826978,0.00012422175302107197,4.274893331973625e-30,5.7629497829409066e-08,9.468922868210208e-11,3.9045483768116423e-36,6.213636919779714e-07,7.744012369063222e-07,0.09274680605485418,0.00015238938145980212,5.042022391919251e-30,False,1e-24,True
UniGCN,random,4,125,restart,9410.296944132293,971.2244275988223,939.6614327308571,1306.4970244884005,1211.6771009875115,7.202692978054953,0.743380512465488,0.7755048205211085,0.012799592613586411,0.014431350185184332,0.013429624776821936,0.015824818610566862,0.01468249594141418,0.8088302892166873,0.9119441138837413,0.9146690610648606,False,1e-24,False
UniGCN,random,4,126,base,0.04004679311865802,6.02322294855346e-06,1.6214016149168372e-31,0.04848766662898169,0.06040442813334902,0.8259171022826977,0.00012422175302107246,2.6842429686403544e-30,5.447039986543832e-08,8.949861344500525e-11,2.3173043547806347e-36,5.873021636262316e-07,7.319505916126763e-07,0.09274680605485416,0.00015238938145980274,3.165930024969328e-30,False,1e-24,True
UniGCN,random,4,126,restart,9410.296943997997,971.2244275987946,939.6614327308572,1306.4970243586845,1211.67710082216,7.202692978667285,0.7433805125392734,0.7755048206269378,0.012799592613403746,0.01443135018518392,0.013429624776821936,0.015824818608995688,0.014682495939410532,0.8088302892854494,0.9119441139742578,0.9146690611896809,False,1e-24,False
UniGCN,random,4,127,base,0.03785153292431793,5.6930456596650285e-06,9.934743587706648e-32,0.04582969988114133,0.05709321576610365,0.8259171022826974,0.0001242217530210728,1.740091787508828e-30,5.1484475368560866e-08,8.459253412518821e-11,1.419871817544872e-36,5.551077989479326e-07,6.918269793865988e-07,0.09274680605485414,0.00015238938145980315,2.0523510355201622e-30,False,1e-24,True
UniGCN,random,4,127,restart,9410.296943880494,971.2244275987705,939.6614327308573,1306.4970242451852,1211.6771006774795,7.202692979203066,0.7433805126038348,0.7755048207195371,0.012799592613243921,0.014431350185183562,0.013429624776821938,0.01582481860762094,0.014682495937657367,0.8088302893456153,0.9119441140534585,0.9146690612988971,False,1e-24,False
UniGCN,random,4,128,base,0.03577661113776434,5.380967824014316e-06,6.364988762156736e-32,0.04331743590111372,0.05396351537868854,0.8259171022826977,0.00012422175302107314,1.1794985403546225e-30,4.8662231423378996e-08,7.995539320973118e-11,9.096830816609322e-37,5.246782449262803e-07,6.539028383769071e-07,0.09274680605485416,0.00015238938145980356,1.391159402089327e-30,False,1e-24,True
UniGCN,random,4,128,restart,9410.29694377768,971.2244275987493,939.6614327308574,1306.497024145875,1211.677100550887,7.202692979671866,0.7433805126603248,0.7755048208005598,0.012799592613104076,0.014431350185183248,0.01342962477682194,0.015824818606418056,0.014682495936123382,0.8088302893982594,0.9119441141227579,0.9146690613944595,False,1e-24,False
UniGCN,random,4,129,base,0.03381543112301489,5.08599727703238e-06,4.2924920308302014e-32,0.040942887645206344,0.051005376960301656,0.8259171022826977,0.0001242217530210734,8.41576376186989e-31,4.599469549122622e-08,7.557244820047527e-11,6.134822109705488e-37,4.959167592684875e-07,6.180575993386278e-07,0.09274680605485416,0.00015238938145980388,9.925971489178756e-31,False,1e-24,True
UniGCN,random,4,129,restart,9410.296943687716,971.2244275987307,939.6614327308571,1306.4970240589798,1211.67710044012,7.20269298008206,0.7433805127097528,0.7755048208714532,0.01279959261298171,0.01443135018518297,0.013429624776821936,0.015824818605365543,0.014682495934781164,0.8088302894443223,0.9119441141833938,0.9146690614780746,False,1e-24,False
UniGCN,random,4,130,base,0.03196175785437512,4.807196242010448e-06,3.0724170885859765e-32,0.03869850589851952,0.04820939593364379,0.8259171022826975,0.00012422175302107352,6.373066969797552e-31,4.3473386884479386e-08,7.142976474435518e-11,4.391093134225044e-37,4.6873190284059476e-07,5.841773023166588e-07,0.09274680605485415,0.00015238938145980402,7.5167130198509665e-31,False,1e-24,True
UniGCN,random,4,130,restart,9410.296943609004,971.2244275987146,939.6614327308573,1306.4970239829481,1211.6771003432007,7.202692980440975,0.7433805127530015,0.7755048209334843,0.01279959261287465,0.014431350185182731,0.013429624776821938,0.015824818604444617,0.014682495933606743,0.808830289484627,0.9119441142364494,0.9146690615512372,False,1e-24,False
UniGCN,random,4,131,base,0.03020969809391065,4.5436783487000355e-06,2.3532337514785703e-32,0.036577155274319983,0.045566683255684026,0.8259171022826975,0.00012422175302107357,5.164373580306673e-31,4.109028980457413e-08,6.751417233300425e-11,3.363237565541562e-37,4.4303724896220894e-07,5.521542343418288e-07,0.09274680605485415,0.0001523893814598041,6.091119756693637e-31,False,1e-24,True
UniGCN,random,4,131,restart,9410.29694354013,971.2244275987006,939.6614327308572,1306.4970239164215,1211.677100258398,7.2026929807550175,0.7433805127908436,0.7755048209877602,0.01279959261278097,0.014431350185182523,0.013429624776821936,0.01582481860363882,0.014682495932579148,0.8088302895198926,0.9119441142828723,0.9146690616152529,False,1e-24,False
UniGCN,random,4,132,base,0.02855368165553832,4.294605815345578e-06,1.9119055088247766e-32,0.03457209152906592,0.04306883715742302,0.8259171022826975,0.00012422175302107363,4.439185348414392e-31,3.883782785800559e-08,6.38132224307908e-11,2.732492012323536e-37,4.1875110863694173e-07,5.21886586987509e-07,0.09274680605485415,0.00015238938145980415,5.235796589631332e-31,False,1e-24,True
UniGCN,random,4,132,restart,9410.296943479865,971.2244275986881,939.6614327308572,1306.497023858212,1211.6771001841967,7.202692981029799,0.7433805128239546,0.7755048210352509,0.012799592612699,0.014431350185182337,0.013429624776821936,0.015824818602933763,0.014682495931680013,0.8088302895507492,0.9119441143234912,0.9146690616712657,False,1e-24,False
UniGCN,random,4,133,base,0.026988443696170795,4.059186785190655e-06,1.620498003115228e-32,0.032676940120962776,0.04070791643280811,0.8259171022826975,0.0001242217530210738,3.980793283267146e-31,3.670883996929525e-08,6.031514889816594e-11,2.316012914372758e-37,3.9579627084499473e-07,4.932781326980718e-07,0.09274680605485415,0.00015238938145980437,4.695146127205996e-31,False,1e-24,True
UniGCN,random,4,133,restart,9410.296943427136,971.2244275986773,939.6614327308572,1306.4970238072792,1211.677100119272,7.202692981270231,0.7433805128529264,0.7755048210768045,0.012799592612627279,0.014431350185182176,0.013429624776821936,0.015824818602316847,0.014682495930893286,0.8088302895777487,0.9119441143590324,0.9146690617202762,False,1e-24,False
UniGCN,random,4,134,base,0.02550900797761413,3.836672808989935e-06,1.4368445904339932e-32,0.03088567594388282,0.038476415191880255,0.8259171022826979,0.00012422175302107387,3.7343515066788576e-31,3.469655761434562e-08,5.7008830584499316e-11,2.053535777887126e-37,3.7409975707222397e-07,4.6623791886017603e-07,0.09274680605485419,0.00015238938145980445,4.404480405427894e-31,False,1e-24,True
UniGCN,random,4,134,restart,9410.296943380998,971.2244275986678,939.6614327308573,1306.497023762714,1211.6771000624635,7.202692981480604,0.7433805128782763,0.7755048211131634,0.012799592612564522,0.014431350185182035,0.013429624776821938,0.015824818601777053,0.014682495930204912,0.8088302896013727,0.9119441143901306,0.9146690617631597,False,1e-24,False
UniGCN,random,4,135,base,0.024110671046004242,3.62635646552326e-06,1.2794259263042814e-32,0.029192604172218202,0.03636723899788725,0.8259171022826975,0.00012422175302107387,3.518072753278327e-31,3.279458330180289e-08,5.388375597147816e-11,1.8285532981883864e-37,3.535925892952785e-07,4.406799786442629e-07,0.09274680605485415,0.00015238938145980445,4.149390457478618e-31,False,1e-24,True
UniGCN,random,4,135,restart,9410.296943340627,971.2244275986593,939.6614327308573,1306.4970237237198,1211.6771000127571,7.202692981664677,0.7433805129004569,0.7755048211449767,0.012799592612509611,0.014431350185181909,0.013429624776821938,0.01582481860130474,0.014682495929602595,0.8088302896220433,0.9119441144173407,0.9146690618006817,False,1e-24,False
UniGCN,random,4,136,base,0.022788987278485266,3.4275691125468773e-06,1.1736771425886484e-32,0.027592342155768775,0.03437368231249767,0.8259171022826975,0.000124221753021074,3.4144643914449627e-31,3.09968702340148e-08,5.0929989754661984e-11,1.6774173212888194e-37,3.342095706851837e-07,4.1652305769696073e-07,0.09274680605485415,0.00015238938145980461,4.027189588407409e-31,False,1e-24,True
UniGCN,random,4,136,restart,9410.296943305304,971.224427598652,939.6614327308574,1306.497023689601,1211.6770999692649,7.202692981825738,0.7433805129198646,0.775504821172813,0.012799592612461566,0.014431350185181801,0.01342962477682194,0.01582481860089148,0.014682495929075577,0.8088302896401296,0.9119441144411491,0.9146690618335135,False,1e-24,False
UniGCN,random,4,137,base,0.021539754749589638,3.2396787610316134e-06,1.105172371999079e-32,0.02607980230710484,0.03248940717740924,0.8259171022826974,0.000124221753021074,3.4016390818221366e-31,2.9297703082921382e-08,4.813814125694877e-11,1.579510422868344e-37,3.158890783321806e-07,3.936903558154975e-07,0.09274680605485414,0.00015238938145980461,4.012062778618279e-31,False,1e-24,True
UniGCN,random,4,137,restart,9410.296943274398,971.2244275986458,939.6614327308572,1306.4970236597474,1211.6770999312098,7.202692981966665,0.7433805129368461,0.7755048211971691,0.012799592612419529,0.014431350185181708,0.013429624776821936,0.01582481860052988,0.014682495928614444,0.8088302896559552,0.9119441144619812,0.9146690618622402,False,1e-24,False
UniGCN,random,4,138,base,0.020359001872386314,3.0620880659297835e-06,1.0328057299240155e-32,0.024650175926999713,0.030708423064575396,0.8259171022826978,0.00012422175302107406,3.363265276605619e-31,2.76916798197611e-08,4.5499334573532607e-11,1.4760841444690854e-37,2.985728673328453e-07,3.721092827828434e-07,0.09274680605485418,0.0001523893814598047,3.96680279897909e-31,False,1e-24,True
UniGCN,random,4,138,restart,9410.296943247355,971.2244275986401,939.6614327308573,1306.4970236336258,1211.677099897912,7.202692982089974,0.7433805129517046,0.7755048212184805,0.012799592612382745,0.014431350185181624,0.013429624776821938,0.015824818600213484,0.01468249592821096,0.8088302896698021,0.9119441144802088,0.914669061887376,False,1e-24,False
UniGCN,random,4,139,base,0.019242974771926123,2.8942324270829454e-06,9.67573749705536e-33,0.023298917916509707,0.02902506783098968,0.8259171022826975,0.00012422175302107403,3.333579633093813e-31,2.6173694540824755e-08,4.300518035343596e-11,1.382854712328055e-37,2.822058856166388e-07,3.517112275873319e-07,0.09274680605485415,0.00015238938145980467,3.9317900705478157e-31,False,1e-24,True
UniGCN,random,4,139,restart,9410.296943223693,971.2244275986354,939.6614327308574,1306.4970236107702,1211.6770998687773,7.202692982197866,0.7433805129647056,0.7755048212371277,0.012799592612350563,0.014431350185181555,0.01342962477682194,0.01582481859993665,0.01468249592785792,0.808830289681918,0.911944114496158,0.9146690619093694,False,1e-24,False
UniGCN,random,4,140,base,0.018188125350841806,2.7355781942329434e-06,9.090811884428959e-33,0.02202173232709778,0.027433989717478867,0.8259171022826977,0.00012422175302107406,3.313703904553474e-31,2.4738921234656603e-08,4.064774912790474e-11,1.2992572459821604e-37,2.667360989231804e-07,3.32431340293055e-07,0.09274680605485416,0.0001523893814598047,3.9083476450710072e-31,False,1e-24,True
UniGCN,random,4,140,restart,9410.29694320299,971.2244275986312,939.6614327308573,1306.4970235907713,1211.6770998432846,7.202692982292271,0.7433805129760815,0.7755048212534434,0.012799592612322401,0.014431350185181492,0.013429624776821938,0.015824818599694413,0.014682495927549012,0.8088302896925192,0.9119441145101134,0.914669061928613,False,1e-24,False
UniGCN,random,4,141,base,0.0171911000091605,2.585620970429511e-06,8.606375899886853e-33,0.02081455870286153,0.025930130334275034,0.8259171022826977,0.00012422175302107398,3.3190638801035067e-31,2.3382798439094892e-08,3.841954610087039e-11,1.2300217397223837e-37,2.521143253738072e-07,3.142083258675513e-07,0.09274680605485416,0.0001523893814598046,3.914669467545798e-31,False,1e-24,True
UniGCN,random,4,141,restart,9410.296943184874,971.2244275986272,939.6614327308572,1306.4970235732733,1211.6770998209793,7.202692982374873,0.7433805129860347,0.7755048212677195,0.012799592612297761,0.014431350185181433,0.013429624776821936,0.01582481859948247,0.014682495927278726,0.808830289701795,0.9119441145223234,0.9146690619454508,False,1e-24,False
UniGCN,random,4,142,base,0.016248728982466563,2.4438840084406516e-06,8.065684336297146e-33,0.019673559171444418,0.02450870857927405,0.8259171022826975,0.0001242217530210739,3.290946281485409e-31,2.210101473937321e-08,3.63134873213333e-11,1.152746195935298e-37,2.3829407911148753e-07,2.9698424931132125e-07,0.09274680605485415,0.0001523893814598045,3.8815061694632245e-31,False,1e-24,True
UniGCN,random,4,142,restart,9410.29694316902,971.224427598624,939.6614327308572,1306.4970235579622,1211.6770998014622,7.2026929824471475,0.7433805129947438,0.7755048212802108,0.012799592612276197,0.014431350185181385,0.013429624776821936,0.015824818599297016,0.014682495927042228,0.8088302897099111,0.9119441145330074,0.9146690619601837,False,1e-24,False
UniGCN,random,4,143,base,0.015358016264518375,2.3099166950675765e-06,7.575419722928747e-33,0.01859510624258944,0.023165205437852863,0.8259171022826978,0.00012422175302107398,3.2701716128751485e-31,2.0889495061177936e-08,3.432287716191321e-11,1.0826776630621698e-37,2.2523142251198444e-07,2.807043514696296e-07,0.09274680605485418,0.0001523893814598046,3.857003489236283e-31,False,1e-24,True
UniGCN,random,4,143,restart,9410.29694315515,971.2244275986211,939.6614327308574,1306.4970235445653,1211.6770997843848,7.2026929825103885,0.7433805130023644,0.7755048212911411,0.012799592612257332,0.014431350185181342,0.01342962477682194,0.01582481859913475,0.014682495926835293,0.8088302897170129,0.9119441145423559,0.9146690619730754,False,1e-24,False
UniGCN,random,4,144,base,0.014516130082280799,2.183293118545518e-06,7.138392912133788e-33,0.017575771275544036,0.021895349615920996,0.8259171022826973,0.000124221753021074,3.260232440839024e-31,1.9744387715084284e-08,3.244138703196652e-11,1.0202178676299941e-37,2.128848264964151e-07,2.653168749410227e-07,0.09274680605485412,0.00015238938145980461,3.8452807340534907e-31,False,1e-24,True
UniGCN,random,4,144,restart,9410.296943143016,971.2244275986186,939.6614327308572,1306.4970235328435,1211.6770997694425,7.202692982565722,0.7433805130090321,0.7755048213007043,0.012799592612240828,0.014431350185181305,0.013429624776821936,0.01582481859899277,0.01468249592665423,0.8088302897232266,0.9119441145505355,0.9146690619843547,False,1e-24,False
UniGCN,random,4,145,base,0.013720393893091489,2.063610714475902e-06,6.802663025188874e-33,0.01661231357865166,0.02069510396053052,0.8259171022826975,0.00012422175302107406,3.287088114252936e-31,1.8662052151182476e-08,3.0663035257594965e-11,9.72235410853709e-38,2.0121503850111017e-07,2.5077289952908473e-07,0.09274680605485415,0.0001523893814598047,3.8769556546158947e-31,False,1e-24,True
UniGCN,random,4,145,restart,9410.296943132398,971.2244275986167,939.6614327308572,1306.497023522587,1211.677099756368,7.202692982614139,0.7433805130148664,0.7755048213090723,0.012799592612226386,0.014431350185181276,0.013429624776821936,0.01582481859886854,0.0146824959264958,0.8088302897286636,0.9119441145576928,0.9146690619942244,False,1e-24,False
UniGCN,random,4,146,base,0.012968277875338809,1.9504889859849375e-06,6.342353417113405e-33,0.01570167010647515,0.01956065262487249,0.8259171022826975,0.00012422175302107406,3.2424037882298156e-31,1.763904738496307e-08,2.8982168064579122e-11,9.064480421026693e-38,1.901849576850187e-07,2.3702618671429612e-07,0.09274680605485415,0.0001523893814598047,3.8242527320210104e-31,False,1e-24,True
UniGCN,random,4,146,restart,9410.296943123105,971.2244275986145,939.6614327308572,1306.4970235136125,1211.6770997449287,7.202692982656504,0.7433805130199712,0.7755048213163939,0.012799592612213745,0.014431350185181244,0.013429624776821936,0.015824818598759834,0.014682495926357184,0.8088302897334209,0.9119441145639552,0.9146690620028598,False,1e-24,False
UniGCN,random,4,147,base,0.012257390885598586,1.8435682940397796e-06,6.0029077569864565e-33,0.014840945721696759,0.01848838893685473,0.8259171022826977,0.000124221753021074,3.246852809884515e-31,1.6672121057665048e-08,2.739344160377788e-11,8.579345276725069e-38,1.7975951697791612e-07,2.2403303265153826e-07,0.09274680605485416,0.00015238938145980461,3.829500130040828e-31,False,1e-24,True
UniGCN,random,4,147,restart,9410.296943114978,971.224427598613,939.6614327308574,1306.4970235057604,1211.6770997349192,7.202692982693571,0.7433805130244379,0.7755048213228003,0.01279959261220269,0.014431350185181222,0.01342962477682194,0.015824818598664726,0.014682495926235894,0.8088302897375834,0.9119441145694346,0.9146690620104159,False,1e-24,False
UniGCN,random,4,148,base,0.011585472856659462,1.7425087140763737e-06,5.7298571960611054e-33,0.014027403990835328,0.01747490393269231,0.8259171022826975,0.00012422175302107398,3.2789062635941615e-31,1.5758199096306817e-08,2.5891804961848222e-11,8.1891018921827e-38,1.6990557159442008e-07,2.1175212922588851e-07,0.09274680605485415,0.0001523893814598046,3.8673055719061503e-31,False,1e-24,True
UniGCN,random,4,148,restart,9410.296943107864,971.2244275986117,939.6614327308574,1306.4970234988893,1211.6770997261608,7.2026929827260044,0.7433805130283462,0.7755048213284059,0.012799592612193014,0.014431350185181201,0.01342962477682194,0.015824818598581505,0.014682495926129763,0.8088302897412255,0.9119441145742292,0.9146690620170275,False,1e-24,False
UniGCN,random,4,149,base,0.010950387612268632,1.6469889553039708e-06,5.3779338690453865e-33,0.013258458484518095,0.016516975519056527,0.8259171022826978,0.0001242217530210741,3.2560040201310306e-31,1.4894375940527314e-08,2.4472484103272908e-11,7.686133688167285e-38,1.6059179365937608e-07,2.001444327249726e-07,0.09274680605485418,0.00015238938145980472,3.8402935237919625e-31,False,1e-24,True
UniGCN,random,4,149,restart,9410.296943101639,971.2244275986101,939.6614327308573,1306.4970234928778,1211.6770997184974,7.202692982754383,0.7433805130317656,0.7755048213333107,0.012799592612184548,0.014431350185181178,0.013429624776821938,0.015824818598508688,0.014682495926036902,0.8088302897444123,0.9119441145784238,0.9146690620228123,False,1e-24,False
UniGCN,random,4,150,base,0.01035011607575431,1.5567053392505274e-06,5.090620828663608e-33,0.012531664554648776,0.015611558229326502,0.8259171022826977,0.00012422175302107398,3.260802511757484e-31,1.407790530516594e-08,2.3130966692643942e-11,7.275506392908233e-38,1.5178857260960238e-07,1.8917303971035429e-07,0.09274680605485416,0.0001523893814598046,3.845953104125127e-31,False,1e-24,True
UniGCN,random,4,150,restart,9410.296943096195,971.2244275986093,939.6614327308573,1306.4970234876173,1211.6770997117922,7.202692982779217,0.743380513034758,0.7755048213376021,0.012799592612177143,0.014431350185181166,0.013429624776821938,0.01582481859844497,0.014682495925955651,0.8088302897472011,0.9119441145820949,0.9146690620278739,False,1e-24,False
UniGCN,random,4,151,base,0.009782749850933754,1.4713708343015855e-06,4.826734396158627e-33,0.01184471156232975,0.014755773541376154,0.8259171022826979,0.00012422175302107398,3.271081914224387e-31,1.3306191449213734e-08,2.186298774894895e-11,6.898360364690737e-38,1.434679210553506e-07,1.7880306969333003e-07,0.09274680605485419,0.0001523893814598046,3.8580771440458488e-31,False,1e-24,True
UniGCN,random,4,151,restart,9410.296943091429,971.2244275986081,939.6614327308573,1306.4970234830148,1211.677099705925,7.202692982800942,0.7433805130373758,0.7755048213413572,0.01279959261217066,0.014431350185181149,0.013429624776821938,0.015824818598389224,0.014682495925884557,0.8088302897496407,0.9119441145853063,0.9146690620323028,False,1e-24,False
UniGCN,random,4,152,base,0.009246485154899063,1.3907141431631792e-06,4.513163285243481e-33,0.011195415531829183,0.013946900726114762,0.8259171022826974,0.00012422175302107387,3.2359614324871793e-31,1.2576780923377696e-08,2.066451608625165e-11,6.450205080909094e-38,1.356033858021945e-07,1.6900155424212894e-07,0.09274680605485414,0.00015238938145980445,3.8166542963669246e-31,False,1e-24,True
UniGCN,random,4,152,restart,9410.29694308726,971.2244275986072,939.6614327308574,1306.4970234789878,1211.6770997007916,7.202692982819953,0.7433805130396667,0.7755048213446428,0.012799592612164989,0.014431350185181135,0.01342962477682194,0.015824818598340448,0.014682495925822351,0.8088302897517756,0.9119441145881166,0.914669062036178,False,1e-24,False
UniGCN,random,4,153,base,0.008739617083391753,1.3144788403476464e-06,4.285481447058057e-33,0.01058171220723836,0.013182368197686464,0.8259171022826975,0.0001242217530210739,3.2509192451551825e-31,1.1887354770022025e-08,1.9531741497658862e-11,6.124802595628725e-38,1.281699637504646e-07,1.597373321679649e-07,0.09274680605485415,0.0001523893814598045,3.834296286599085e-31,False,1e-24,True
UniGCN,random,4,153,restart,9410.296943083611,971.2244275986066,939.6614327308571,1306.497023475464,1211.6770996962998,7.202692982836586,0.743380513041671,0.7755048213475175,0.012799592612160026,0.014431350185181126,0.013429624776821936,0.015824818598297766,0.014682495925767923,0.8088302897536434,0.9119441145905753,0.9146690620395687,False,1e-24,False
UniGCN,random,4,154,base,0.008260534190534453,1.2424225569401981e-06,4.078845566106436e-33,0.010001650489744928,0.012459745337829228,0.8259171022826975,0.00012422175302107398,3.273618726156938e-31,1.1235721150688099e-08,1.846106264182874e-11,5.829478955650925e-38,1.2114402240485614e-07,1.509809504567153e-07,0.09274680605485415,0.0001523893814598046,3.861069186554218e-31,False,1e-24,True
UniGCN,random,4,154,restart,9410.29694308042,971.2244275986059,939.6614327308574,1306.4970234723808,1211.6770996923697,7.202692982851141,0.7433805130434248,0.7755048213500331,0.012799592612155688,0.014431350185181116,0.01342962477682194,0.01582481859826042,0.0146824959257203,0.8088302897552778,0.9119441145927268,0.9146690620425356,False,1e-24,False
UniGCN,random,4,155,base,0.0078077133656875115,1.1743162100544518e-06,3.830630882191935e-33,0.009453386234657558,0.011776734768400953,0.8259171022826975,0.00012422175302107398,3.252710498728552e-31,1.0619808377754508e-08,1.7449075593508915e-11,5.474730963133923e-38,1.145032247414917e-07,1.4270457063126457e-07,0.09274680605485415,0.0001523893814598046,3.8364089803963744e-31,False,1e-24,True
UniGCN,random,4,155,restart,9410.296943077627,971.2244275986053,939.6614327308574,1306.497023469683,1211.6770996889306,7.202692982863876,0.7433805130449594,0.7755048213522341,0.012799592612151887,0.014431350185181107,0.01342962477682194,0.015824818598227743,0.014682495925678628,0.8088302897567079,0.9119441145946096,0.9146690620451315,False,1e-24,False
UniGCN,random,4,156,base,0.0073797149911428795,1.109943274527193e-06,3.647870031798517e-33,0.008935176388461474,0.011131165047505467,0.8259171022826975,0.00012422175302107398,3.277168217549714e-31,1.0037658328083191e-08,1.6492563021704142e-11,5.213529475110364e-38,1.0822645819357403e-07,1.3488188024681904e-07,0.09274680605485415,0.0001523893814598046,3.8652556337220216e-31,False,1e-24,True
UniGCN,random,4,156,restart,9410.296943075182,971.224427598605,939.6614327308573,1306.4970234673226,1211.6770996859218,7.202692982875018,0.7433805130463021,0.7755048213541599,0.012799592612148561,0.014431350185181102,0.013429624776821938,0.015824818598199154,0.014682495925642167,0.8088302897579591,0.9119441145962567,0.914669062047403,False,1e-24,False
UniGCN,random,4,157,base,0.006975178365260521,1.049099094536915e-06,3.4102568005506224e-33,0.008445373447265214,0.010520983765997718,0.8259171022826975,0.00012422175302107395,3.241385859345277e-31,9.487420217712227e-09,1.5588483961068342e-11,4.873933060219359e-38,1.0229376752985962e-07,1.2748800923781598e-07,0.09274680605485415,0.00015238938145980456,3.8230521359287438e-31,False,1e-24,True
UniGCN,random,4,157,restart,9410.296943073045,971.2244275986043,939.6614327308573,1306.4970234652571,1211.6770996832888,7.202692982884769,0.7433805130474769,0.775504821355845,0.012799592612145654,0.014431350185181092,0.013429624776821938,0.015824818598174136,0.014682495925610262,0.8088302897590541,0.9119441145976978,0.9146690620493905,False,1e-24,False
UniGCN,random,4,158,base,0.006592817376496494,9.915902329576316e-07,3.234350824990522e-33,0.007982420219020823,0.009944251022420499,0.8259171022826974,0.00012422175302107395,3.252483085652497e-31,8.967344717803662e-09,1.4733964144002184e-11,4.6225285473292797e-38,9.668629141255838e-08,1.2049945085047674e-07,0.09274680605485414,0.00015238938145980456,3.836140758072999e-31,False,1e-24,True
UniGCN,random,4,158,restart,9410.296943071173,971.2244275986039,939.6614327308573,1306.49702346345,1211.677099680985,7.2026929828933,0.7433805130485049,0.7755048213573195,0.012799592612143109,0.014431350185181087,0.013429624776821938,0.015824818598152247,0.014682495925582347,0.808830289760012,0.911944114598959,0.9146690620511295,False,1e-24,False
UniGCN,random,4,159,base,0.00623141641456945,9.372338563794005e-07,3.082940442836571e-33,0.0075448448728653895,0.009399133255627967,0.8259171022826977,0.00012422175302107395,3.2800263162463227e-31,8.475778393139617e-09,1.3926286862719645e-11,4.4061330937313454e-38,9.138620243296253e-08,1.1389398690962886e-07,0.09274680605485416,0.00015238938145980456,3.868626617863037e-31,False,1e-24,True
UniGCN,random,4,159,restart,9410.296943069536,971.2244275986038,939.6614327308572,1306.4970234618686,1211.6770996789694,7.202692982900764,0.7433805130494046,0.7755048213586095,0.012799592612140882,0.014431350185181085,0.013429624776821936,0.015824818598133093,0.014682495925557922,0.8088302897608503,0.9119441146000625,0.9146690620526511,False,1e-24,False
UniGCN,random,4,160,base,0.005889826505766282,8.858571538404163e-07,2.8949469507781168e-33,0.0071312562598446995,0.008883897415488624,0.8259171022826975,0.000124221753021074,3.258645181709239e-31,8.011158445485475e-09,1.3162884332232232e-11,4.137453123383704e-38,8.637665043416542e-08,1.0765061718220591e-07,0.09274680605485415,0.00015238938145980461,3.8434086414765145e-31,False,1e-24,True
UniGCN,random,4,160,restart,9410.296943068106,971.2244275986034,939.6614327308573,1306.4970234604853,1211.677099677206,7.202692982907296,0.7433805130501914,0.7755048213597383,0.012799592612138937,0.014431350185181078,0.013429624776821938,0.01582481859811634,0.014682495925536552,0.8088302897615838,0.9119441146010278,0.9146690620539825,False,1e-24,False
UniGCN,random,4,161,base,0.00556696166010018,8.372967874226814e-07,2.7365750786185728e-33,0.006740339490142563,0.008396905453135053,0.8259171022826974,0.00012422175302107403,3.259028095400134e-31,7.572007745108122e-09,1.2441329526791662e-11,3.911108320434376e-38,8.164170894068025e-08,1.017494926128547e-07,0.09274680605485414,0.00015238938145980467,3.843860268980112e-31,False,1e-24,True
UniGCN,random,4,161,restart,9410.29694306685,971.224427598603,939.6614327308571,1306.4970234592745,1211.6770996756625,7.20269298291301,0.74338051305088,0.775504821360726,0.01279959261213723,0.014431350185181073,0.013429624776821936,0.015824818598101673,0.01468249592551785,0.8088302897622255,0.9119441146018726,0.9146690620551473,False,1e-24,False
UniGCN,random,4,162,base,0.005261795418707894,7.913983729645842e-07,2.5765131393487186e-33,0.0063708517527548076,0.007936609113243696,0.8259171022826975,0.000124221753021074,3.2463651700438804e-31,7.156930134653312e-09,1.1759328463837413e-11,3.6823480765242385e-38,7.716632452464639e-08,9.617185221939125e-08,0.09274680605485415,0.00015238938145980461,3.8289249832933563e-31,False,1e-24,True
UniGCN,random,4,162,restart,9410.296943065754,971.2244275986028,939.6614327308573,1306.4970234582154,1211.6770996743123,7.202692982918009,0.7433805130514824,0.7755048213615902,0.012799592612135738,0.01443135018518107,0.013429624776821938,0.015824818598088843,0.01468249592550149,0.8088302897627868,0.9119441146026116,0.9146690620561666,False,1e-24,False
UniGCN,random,4,163,base,0.0049733575905096415,7.480159892394503e-07,2.4384538691565697e-33,0.00602161836431781,0.007501545011788262,0.8259171022826974,0.00012422175302107398,3.2506021963804454e-31,6.764605990452177e-09,1.1114712910918008e-11,3.4850340088122044e-38,7.293626894764787e-08,9.089996344748298e-08,0.09274680605485414,0.0001523893814598046,3.8339223434623994e-31,False,1e-24,True
UniGCN,random,4,163,restart,9410.296943064794,971.2244275986027,939.6614327308572,1306.4970234572884,1211.677099673131,7.202692982922386,0.7433805130520098,0.7755048213623462,0.012799592612134432,0.014431350185181067,0.013429624776821936,0.015824818598077616,0.014682495925487173,0.8088302897632783,0.9119441146032585,0.9146690620570583,False,1e-24,False
UniGCN,random,4,164,base,0.004700731167756749,7.070117140396407e-07,2.3239274833576787e-33,0.005691529034529869,0.007090329983617713,0.8259171022826975,0.0001242217530210739,3.2776013087220756e-31,6.393788027145263e-09,1.0505433492399768e-11,3.321353098353342e-38,6.893809392599161e-08,8.591706579493022e-08,0.09274680605485415,0.0001523893814598045,3.8657664430496966e-31,False,1e-24,True
UniGCN,random,4,164,restart,9410.296943063953,971.2244275986026,939.6614327308573,1306.4970234564773,1211.6770996720968,7.202692982926213,0.7433805130524711,0.7755048213630081,0.012799592612133289,0.014431350185181066,0.013429624776821938,0.01582481859806779,0.014682495925474643,0.8088302897637081,0.9119441146038245,0.914669062057839,False,1e-24,False
UniGCN,random,4,165,base,0.004443049410660891,6.682551856913007e-07,2.180635382812479e-33,0.005379534336292397,0.006701656685067871,0.8259171022826975,0.00012422175302107387,3.2538751017658177e-31,6.043297332286086e-09,9.929553174047697e-12,3.1165602786446444e-38,6.515908837563462e-08,8.120731752631708e-08,0.09274680605485415,0.00015238938145980445,3.8377825712992566e-31,False,1e-24,True
UniGCN,random,4,165,restart,9410.296943063218,971.2244275986025,939.6614327308572,1306.4970234557677,1211.6770996711925,7.2026929829295625,0.7433805130528749,0.7755048213635868,0.01279959261213229,0.014431350185181064,0.013429624776821936,0.015824818598059197,0.014682495925463685,0.8088302897640842,0.9119441146043198,0.9146690620585215,False,1e-24,False
UniGCN,random,4,166,base,0.004199493091836306,6.316231886057226e-07,2.0733857126041242e-33,0.005084642369348699,0.00633428943762632,0.8259171022826975,0.000124221753021074,3.2732727688255036e-31,5.712019618317316e-09,9.385241104764575e-12,2.963279237392348e-38,6.158723800083209e-08,7.675574530862551e-08,0.09274680605485415,0.00015238938145980461,3.860661147224045e-31,False,1e-24,True
UniGCN,random,4,166,restart,9410.296943062578,971.2244275986022,939.6614327308573,1306.4970234551467,1211.6770996704013,7.202692982932495,0.743380513053228,0.7755048213640934,0.012799592612131419,0.014431350185181062,0.013429624776821938,0.015824818598051675,0.014682495925454097,0.8088302897644135,0.9119441146047531,0.914669062059119,False,1e-24,False
UniGCN,random,4,167,base,0.003969287891794479,5.969992615496934e-07,1.9621452297202018e-33,0.004805915606813355,0.005987060299436694,0.8259171022826975,0.00012422175302107395,3.277309951103741e-31,5.398901680003814e-09,8.870766795909741e-12,2.8042945336377286e-38,5.8211187098029956e-08,7.25481966076928e-08,0.09274680605485415,0.00015238938145980456,3.8654228013441335e-31,False,1e-24,True
UniGCN,random,4,167,restart,9410.296943062014,971.2244275986022,939.6614327308572,1306.4970234546035,1211.6770996697087,7.2026929829350586,0.743380513053537,0.7755048213645366,0.012799592612130652,0.014431350185181062,0.013429624776821936,0.015824818598045097,0.014682495925445705,0.8088302897647014,0.9119441146051321,0.9146690620596417,False,1e-24,False
UniGCN,random,4,168,base,0.0037517019372109448,5.642733273894405e-07,1.8360691383132914e-33,0.004542467914566563,0.005658865352152795,0.8259171022826978,0.00012422175302107398,3.244588842557984e-31,5.1029480460598685e-09,8.384494619692425e-12,2.624106804105993e-38,5.502020245356784e-08,6.857129469417041e-08,0.09274680605485418,0.0001523893814598046,3.826829894068022e-31,False,1e-24,True
UniGCN,random,4,168,restart,9410.296943061521,971.224427598602,939.6614327308572,1306.497023454128,1211.6770996691027,7.202692982937303,0.7433805130538075,0.7755048213649245,0.01279959261212998,0.014431350185181059,0.013429624776821936,0.015824818598039338,0.014682495925438363,0.8088302897649534,0.9119441146054639,0.9146690620600992,False,1e-24,False
UniGCN,random,4,169,base,0.0035460434741378917,5.333413431310371e-07,1.719919432054658e-33,0.0042934617340374915,0.005348661191337643,0.8259171022826978,0.00012422175302107395,3.215607365147996e-31,4.823217814325496e-09,7.924878609148655e-12,2.4581058468826787e-38,5.200413922041533e-08,6.481239611593838e-08,0.09274680605485418,0.00015238938145980456,3.792647694255191e-31,False,1e-24,True
UniGCN,random,4,169,restart,9410.296943061092,971.2244275986017,939.6614327308573,1306.4970234537125,1211.6770996685725,7.202692982939267,0.7433805130540437,0.7755048213652639,0.012799592612129398,0.014431350185181054,0.013429624776821938,0.015824818598034304,0.014682495925431938,0.8088302897651739,0.9119441146057538,0.9146690620604996,False,1e-24,False
UniGCN,random,4,170,base,0.0033516586687651114,5.041049691446784e-07,1.6390969243974104e-33,0.004058105419420041,0.005055461609249643,0.8259171022826978,0.00012422175302107406,3.2422299902316803e-31,4.558821660430026e-09,7.490457543169828e-12,2.3425944601692533e-38,4.91534086654559e-08,6.125955050177029e-08,0.09274680605485418,0.0001523893814598047,3.824047745994408e-31,False,1e-24,True
UniGCN,random,4,170,restart,9410.296943060715,971.224427598602,939.6614327308573,1306.4970234533484,1211.6770996681087,7.2026929829409845,0.743380513054251,0.7755048213655608,0.012799592612128884,0.014431350185181059,0.013429624776821938,0.015824818598029894,0.014682495925426317,0.8088302897653669,0.911944114606008,0.9146690620608497,False,1e-24,False
UniGCN,random,4,171,base,0.003167929528737494,4.7647125652121334e-07,1.5562019097736647e-33,0.0038356507208554755,0.0047783344594697135,0.8259171022826975,0.000124221753021074,3.2567873240634723e-31,4.3089190104329476e-09,7.079850300957115e-12,2.224121050120835e-38,4.645894768478045e-08,5.7901462568455926e-08,0.09274680605485415,0.00015238938145980461,3.8412173915145817e-31,False,1e-24,True
UniGCN,random,4,171,restart,9410.296943060386,971.2244275986018,939.6614327308574,1306.4970234530301,1211.6770996677028,7.202692982942487,0.743380513054432,0.7755048213658207,0.012799592612128437,0.014431350185181055,0.01342962477682194,0.01582481859802604,0.0146824959254214,0.8088302897655356,0.9119441146062299,0.9146690620611563,False,1e-24,False
UniGCN,random,4,172,base,0.002994271938420435,4.503523515669762e-07,1.4754194996384492e-33,0.0036253904055803723,0.004516398693401339,0.8259171022826975,0.00012422175302107398,3.2668052574590082e-31,4.072715368453146e-09,6.6917514711325426e-12,2.108666970715831e-38,4.391218999007232e-08,5.4727456210593954e-08,0.09274680605485415,0.0001523893814598046,3.853033041772626e-31,False,1e-24,True
UniGCN,random,4,172,restart,9410.296943060099,971.2244275986019,939.6614327308572,1306.4970234527511,1211.6770996673476,7.202692982943804,0.7433805130545907,0.7755048213660477,0.012799592612128046,0.014431350185181057,0.013429624776821936,0.01582481859802266,0.014682495925417096,0.8088302897656834,0.9119441146064248,0.9146690620614241,False,1e-24,False
UniGCN,random,4,173,base,0.002830133801866839,4.256652164974313e-07,1.4002881380449183e-33,0.0034266560094770035,0.004268821559221918,0.8259171022826977,0.00012422175302107398,3.2802686142265225e-31,3.849459790790504e-09,6.324927201547029e-12,2.001289360011886e-38,4.1505038874479196e-08,5.1727440558887934e-08,0.09274680605485416,0.0001523893814598046,3.8689123961846963e-31,False,1e-24,True
UniGCN,random,4,173,restart,9410.296943059846,971.2244275986019,939.6614327308575,1306.4970234525078,1211.6770996670368,7.202692982944954,0.7433805130547292,0.775504821366247,0.012799592612127703,0.014431350185181057,0.013429624776821941,0.01582481859801971,0.01468249592541333,0.8088302897658126,0.9119441146065946,0.9146690620616591,False,1e-24,False
UniGCN,random,4,174,base,0.0026749932875818135,4.023313654416625e-07,1.3116682493622039e-33,0.0032388157118778344,0.004034815954380253,0.8259171022826977,0.00012422175302107406,3.2508750440977076e-31,3.638442498509542e-09,5.978211276591085e-12,1.8746339699621099e-38,3.9229841471388486e-08,4.889187789903759e-08,0.09274680605485416,0.0001523893814598047,3.8342441536675173e-31,False,1e-24,True
UniGCN,random,4,174,restart,9410.296943059626,971.2244275986016,939.6614327308573,1306.4970234522943,1211.6770996667647,7.202692982945962,0.7433805130548504,0.7755048213664208,0.012799592612127403,0.014431350185181052,0.013429624776821938,0.015824818598017126,0.01468249592541003,0.8088302897659257,0.9119441146067433,0.9146690620618642,False,1e-24,False
UniGCN,random,4,175,base,0.0025283571695047503,3.802766149184032e-07,1.2419917553913587e-33,0.0030612723268676617,0.0038136379232231827,0.8259171022826975,0.000124221753021074,3.2567112567982357e-31,3.4389926208949495e-09,5.6505014095370595e-12,1.7750524465326e-38,3.707936442426914e-08,4.621175334923219e-08,0.09274680605485415,0.00015238938145980461,3.841127673988358e-31,False,1e-24,True
UniGCN,random,4,175,restart,9410.29694305943,971.2244275986016,939.6614327308573,1306.4970234521077,1211.6770996665268,7.20269298294684,0.7433805130549567,0.7755048213665732,0.012799592612127136,0.014431350185181052,0.013429624776821938,0.015824818598014864,0.014682495925407149,0.8088302897660244,0.9119441146068736,0.9146690620620438,False,1e-24,False
UniGCN,random,4,176,base,0.002389759258934424,3.594308479903186e-07,1.1661542026354411e-33,0.0028934614046973064,0.003604584291795774,0.8259171022826978,0.00012422175302107398,3.2351974825215498e-31,3.2504760626049774e-09,5.340755738125481e-12,1.6666655486533796e-38,3.504677089022899e-08,4.367854619984457e-08,0.09274680605485418,0.0001523893814598046,3.8157532556779793e-31,False,1e-24,True
UniGCN,random,4,176,restart,9410.296943059262,971.2244275986017,939.6614327308575,1306.4970234519442,1211.6770996663188,7.202692982947614,0.7433805130550497,0.7755048213667065,0.012799592612126908,0.014431350185181054,0.013429624776821941,0.015824818598012883,0.014682495925404628,0.8088302897661113,0.9119441146069878,0.914669062062201,False,1e-24,False
UniGCN,random,4,177,base,0.002258758922411842,3.397277913467287e-07,1.1099387460544949e-33,0.0027348494372728305,0.003406990432295547,0.8259171022826975,0.00012422175302107398,3.2578275992006386e-31,3.072293487741886e-09,5.047989512254132e-12,1.5863225163395197e-38,3.312559880417671e-08,4.1284202824207605e-08,0.09274680605485415,0.0001523893814598046,3.842444343891643e-31,False,1e-24,True
UniGCN,random,4,177,restart,9410.296943059113,971.2244275986014,939.6614327308573,1306.4970234518014,1211.6770996661367,7.202692982948286,0.7433805130551308,0.7755048213668229,0.012799592612126705,0.01443135018518105,0.013429624776821938,0.015824818598011155,0.014682495925402422,0.8088302897661868,0.9119441146070872,0.9146690620623383,False,1e-24,False
UniGCN,random,4,178,base,0.0021349396808488766,3.2110480460607324e-07,1.0543737045864959e-33,0.0025849321620151204,0.0032202281500734705,0.8259171022826975,0.00012422175302107406,3.274220506899302e-31,2.9038784144303672e-09,4.771271963239337e-12,1.5069090561685397e-38,3.130974033448546e-08,3.90211110743511e-08,0.09274680605485415,0.0001523893814598047,3.8617789567735895e-31,False,1e-24,True
UniGCN,random,4,178,restart,9410.296943058986,971.2244275986014,939.6614327308573,1306.4970234516763,1211.6770996659773,7.202692982948879,0.743380513055202,0.7755048213669249,0.012799592612126532,0.01443135018518105,0.013429624776821938,0.01582481859800964,0.01468249592540049,0.8088302897662534,0.9119441146071746,0.9146690620624586,False,1e-24,False
UniGCN,random,4,179,base,0.002017907885448983,3.035026811682631e-07,9.908377193030454e-34,0.0024432329586974544,0.003043703686464021,0.8259171022826975,0.000124221753021074,3.255368529168938e-31,2.7446954138461746e-09,4.50972334469614e-12,1.4161035370250488e-38,2.9593422464843186e-08,3.688207608029721e-08,0.09274680605485415,0.00015238938145980461,3.8395439940582575e-31,False,1e-24,True
UniGCN,random,4,179,restart,9410.29694305887,971.2244275986014,939.6614327308573,1306.4970234515672,1211.6770996658379,7.202692982949392,0.7433805130552641,0.775504821367014,0.012799592612126374,0.01443135018518105,0.013429624776821938,0.015824818598008317,0.014682495925398801,0.808830289766311,0.9119441146072508,0.9146690620625638,False,1e-24,False
UniGCN,random,4,180,base,0.0019072914662104793,2.868654599837842e-07,9.355342835953247e-34,0.002309301334164219,0.0028768558310948585,0.8259171022826975,0.00012422175302107395,3.2519331468872525e-31,2.594238407969291e-09,4.262512135629683e-12,1.3370639633495252e-38,2.7971188640554968e-08,3.486029737597503e-08,0.09274680605485415,0.00015238938145980456,3.8354921328668894e-31,False,1e-24,True
UniGCN,random,4,180,restart,9410.296943058773,971.2244275986014,939.6614327308572,1306.4970234514715,1211.677099665716,7.202692982949845,0.7433805130553186,0.775504821367092,0.012799592612126242,0.01443135018518105,0.013429624776821936,0.01582481859800716,0.014682495925397323,0.8088302897663618,0.9119441146073176,0.9146690620626557,False,1e-24,False
UniGCN,random,4,181,base,0.0018027387490335911,2.711402476411247e-07,8.865982017249929e-34,0.00218271149011338,0.002719154137674736,0.8259171022826974,0.00012422175302107403,3.260566179169088e-31,2.452029060649797e-09,4.028852396845764e-12,1.2671246006520002e-38,2.6437881420946936e-08,3.2949347279032526e-08,0.09274680605485414,0.00015238938145980467,3.8456743616840655e-31,False,1e-24,True
UniGCN,random,4,181,restart,9410.296943058684,971.2244275986014,939.6614327308574,1306.4970234513876,1211.6770996656091,7.202692982950239,0.7433805130553662,0.7755048213671606,0.012799592612126121,0.01443135018518105,0.01342962477682194,0.015824818598006142,0.01468249592539603,0.8088302897664061,0.9119441146073761,0.9146690620627366,False,1e-24,False
UniGCN,random,4,182,base,0.0017039173376705908,2.5627705020690226e-07,8.487091121102091e-34,0.002063060969389357,0.002570097237587238,0.8259171022826977,0.00012422175302107403,3.3022451434832176e-31,2.317615256871294e-09,3.808001272276029e-12,1.212973579982445e-38,2.4988626082719914e-08,3.114315045581054e-08,0.09274680605485416,0.00015238938145980467,3.8948326107968743e-31,False,1e-24,True
UniGCN,random,4,182,restart,9410.29694305861,971.2244275986014,939.6614327308573,1306.4970234513144,1211.6770996655157,7.202692982950587,0.743380513055408,0.7755048213672203,0.012799592612126022,0.01443135018518105,0.013429624776821938,0.015824818598005254,0.014682495925394896,0.8088302897664451,0.9119441146074273,0.9146690620628071,False,1e-24,False
UniGCN,random,4,183,base,0.0016105130569644929,2.4222861428407703e-07,7.891586200843875e-34,0.0019499693764825818,0.0024292112459288946,0.8259171022826977,0.00012422175302107406,3.2486208081200647e-31,2.190569665377118e-09,3.5992566272740005e-12,1.1278641208384536e-38,2.3618815122124286e-08,2.943596460651136e-08,0.09274680605485416,0.0001523893814598047,3.831585395332909e-31,False,1e-24,True
UniGCN,random,4,183,restart,9410.296943058544,971.2244275986014,939.6614327308573,1306.4970234512502,1211.6770996654338,7.2026929829508894,0.7433805130554445,0.7755048213672727,0.01279959261212593,0.01443135018518105,0.013429624776821938,0.01582481859800448,0.014682495925393904,0.8088302897664791,0.911944114607472,0.9146690620628689,False,1e-24,False
UniGCN,random,4,184,base,0.0015222289540166363,2.2895027678293398e-07,7.465494423303558e-34,0.001843077168167905,0.0022960482549240937,0.8259171022826977,0.000124221753021074,3.251453625721104e-31,2.070488380089613e-09,3.401954816373489e-12,1.0669671584482292e-38,2.232409360668489e-08,2.7822362209155568e-08,0.09274680605485416,0.00015238938145980461,3.8349265616889986e-31,False,1e-24,True
UniGCN,random,4,184,restart,9410.296943058485,971.2244275986013,939.6614327308572,1306.497023451194,1211.6770996653624,7.202692982951154,0.7433805130554764,0.7755048213673184,0.012799592612125852,0.014431350185181048,0.013429624776821936,0.0158248185980038,0.01468249592539304,0.8088302897665088,0.9119441146075112,0.9146690620629226,False,1e-24,False
UniGCN,random,4,185,base,0.0014387843541076423,2.163998229272281e-07,7.073622602341789e-34,0.0017420445104370423,0.002170184909927051,0.8259171022826974,0.00012422175302107403,3.2594561735200543e-31,1.956989636003242e-09,3.215468573412657e-12,1.0109609062725707e-38,2.110034532990603e-08,2.629721326428751e-08,0.09274680605485414,0.00015238938145980467,3.8443651656637286e-31,False,1e-24,True
UniGCN,random,4,185,restart,9410.296943058433,971.2244275986014,939.6614327308572,1306.497023451145,1211.6770996653,7.202692982951385,0.7433805130555043,0.7755048213673584,0.01279959261212578,0.01443135018518105,0.013429624776821936,0.015824818598003203,0.014682495925392282,0.8088302897665348,0.9119441146075455,0.9146690620629699,False,1e-24,False
UniGCN,random,4,186,base,0.0013599139683703075,2.0453735204405882e-07,6.693469145772964e-34,0.0016465501980909845,0.0020512210634836075,0.8259171022826975,0.00012422175302107406,3.2631632274706585e-31,1.849712595469067e-09,3.0392050173159383e-12,9.566294406882693e-39,1.9943679724939243e-08,2.4855668985570564e-08,0.09274680605485415,0.0001523893814598047,3.8487374499701465e-31,False,1e-24,True
UniGCN,random,4,186,restart,9410.29694305839,971.2244275986017,939.6614327308573,1306.497023451102,1211.6770996652451,7.202692982951589,0.743380513055529,0.7755048213673934,0.012799592612125724,0.014431350185181054,0.013429624776821938,0.015824818598002683,0.014682495925391618,0.8088302897665577,0.9119441146075757,0.9146690620630112,False,1e-24,False
UniGCN,random,4,187,base,0.0012853670503775283,1.9332515071079268e-07,6.313654530839254e-34,0.0015562906335575178,0.0019387785031738404,0.8259171022826974,0.00012422175302107395,3.2565115202709365e-31,1.748316201011932e-09,2.8726037671937668e-12,9.023464022912488e-39,1.885041949560946e-08,2.3493146384421407e-08,0.09274680605485414,0.00015238938145980456,3.8408920947668613e-31,False,1e-24,True
UniGCN,random,4,187,restart,9410.29694305835,971.2244275986014,939.6614327308572,1306.4970234510643,1211.6770996651971,7.202692982951767,0.7433805130555502,0.775504821367424,0.012799592612125668,0.01443135018518105,0.013429624776821936,0.015824818598002225,0.014682495925391037,0.8088302897665777,0.9119441146076017,0.9146690620630473,False,1e-24,False
UniGCN,random,4,188,base,0.0012149065989638678,1.827275728557392e-07,5.960368323421882e-34,0.0014709788616872905,0.0018324997491909944,0.8259171022826975,0.000124221753021074,3.2525888890589175e-31,1.6524780910332026e-09,2.715135160767607e-12,8.518547992608545e-39,1.7817088925475896e-08,2.220531369967401e-08,0.09274680605485415,0.00015238938145980461,3.8362655478871264e-31,False,1e-24,True
UniGCN,random,4,188,restart,9410.296943058318,971.2244275986014,939.6614327308572,1306.4970234510315,1211.6770996651553,7.2026929829519215,0.7433805130555688,0.7755048213674509,0.012799592612125625,0.01443135018518105,0.013429624776821936,0.01582481859800183,0.01468249592539053,0.808830289766595,0.9119441146076246,0.9146690620630791,False,1e-24,False
UniGCN,random,4,189,base,0.0011483086047463513,1.7271092643139193e-07,5.667720078395251e-34,0.0013903436574598314,0.0017320469178339953,0.8259171022826974,0.000124221753021074,3.272267061612278e-31,1.5618935749518351e-09,2.5662985704562275e-12,8.100295632193877e-39,1.684040282775958e-08,2.0988076625951426e-08,0.09274680605485414,0.00015238938145980461,3.85947496598044e-31,False,1e-24,True
UniGCN,random,4,189,restart,9410.296943058287,971.2244275986013,939.6614327308572,1306.4970234510029,1211.6770996651185,7.2026929829520565,0.7433805130555852,0.7755048213674745,0.012799592612125581,0.014431350185181048,0.013429624776821936,0.015824818598001483,0.014682495925390083,0.8088302897666102,0.9119441146076447,0.9146690620631068,False,1e-24,False
UniGCN,random,4,190,base,0.001085361337949016,1.6324336629994708e-07,5.331788227586986e-34,0.0013141286636991266,0.0016371006473003163,0.8259171022826974,0.00012422175302107411,3.2568481579794413e-31,1.4762746645255266e-09,2.4256208117697384e-12,7.620182418030439e-39,1.5917256101006858e-08,1.9837565296962034e-08,0.09274680605485414,0.00015238938145980475,3.841289142068966e-31,False,1e-24,True
UniGCN,random,4,190,restart,9410.296943058262,971.2244275986012,939.6614327308572,1306.4970234509776,1211.6770996650864,7.202692982952176,0.7433805130555995,0.775504821367495,0.012799592612125547,0.014431350185181047,0.013429624776821936,0.015824818598001177,0.014682495925389694,0.8088302897666236,0.9119441146076622,0.914669062063131,False,1e-24,False
UniGCN,random,4,191,base,0.0010258646752670526,1.5429479299055543e-07,5.012992806448791e-34,0.0012420915760573711,0.0015473590823640625,0.8259171022826974,0.0001242217530210741,3.2397087809701657e-31,1.3953491582722996e-09,2.2926546389512684e-12,7.164560559207044e-39,1.5044713857284046e-08,1.8750121982337336e-08,0.09274680605485414,0.00015238938145980472,3.821074106054391e-31,False,1e-24,True
UniGCN,random,4,191,restart,9410.296943058238,971.2244275986013,939.6614327308573,1306.4970234509553,1211.6770996650584,7.202692982952281,0.7433805130556121,0.775504821367513,0.012799592612125515,0.014431350185181048,0.013429624776821938,0.015824818598000907,0.014682495925389356,0.8088302897666354,0.9119441146076778,0.9146690620631522,False,1e-24,False
UniGCN,random,4,192,base,0.0009696294636304901,1.4583675700643811e-07,4.719558233096208e-34,0.001174003372675775,0.0014625369147113472,0.8259171022826975,0.00012422175302107406,3.226966913192534e-31,1.318859776081695e-09,2.166977323083647e-12,6.745184379722965e-39,1.4220002091518588e-08,1.7722289458896935e-08,0.09274680605485415,0.0001523893814598047,3.806045711738869e-31,False,1e-24,True
UniGCN,random,4,192,restart,9410.296943058218,971.2244275986013,939.6614327308573,1306.4970234509362,1211.677099665034,7.202692982952372,0.743380513055623,0.7755048213675286,0.012799592612125488,0.014431350185181048,0.013429624776821938,0.015824818598000674,0.014682495925389059,0.8088302897666456,0.9119441146076911,0.9146690620631707,False,1e-24,False
UniGCN,random,4,193,base,0.0009164769188446851,1.3784236837763374e-07,4.431580977123292e-34,0.0011096475860733425,0.0013823644758819591,0.8259171022826975,0.00012422175302107403,3.2057977866480615e-31,1.2465633412643086e-09,2.048189308140527e-12,6.333607788701718e-39,1.3440498862322458e-08,1.6750800019370172e-08,0.09274680605485415,0.00015238938145980467,3.7810777881520307e-31,False,1e-24,True
UniGCN,random,4,193,restart,9410.296943058202,971.2244275986013,939.6614327308573,1306.4970234509192,1211.6770996650123,7.202692982952453,0.7433805130556327,0.7755048213675424,0.012799592612125465,0.014431350185181048,0.013429624776821938,0.01582481859800047,0.014682495925388797,0.8088302897666547,0.911944114607703,0.914669062063187,False,1e-24,False
UniGCN,random,4,194,base,0.000866238057195765,1.3028621117182747e-07,4.232485700824674e-34,0.001048819614948797,0.0013065868799335934,0.8259171022826975,0.00012422175302107406,3.2393450185568884e-31,1.1782300074392302e-09,1.935912940709274e-12,6.049061167717438e-39,1.270372595625965e-08,1.5832565083630912e-08,0.09274680605485415,0.0001523893814598047,3.8206450665227226e-31,False,1e-24,True
UniGCN,random,4,194,restart,9410.296943058185,971.2244275986012,939.6614327308573,1306.4970234509046,1211.6770996649934,7.202692982952521,0.743380513055641,0.7755048213675546,0.012799592612125443,0.014431350185181047,0.013429624776821938,0.015824818598000293,0.014682495925388568,0.8088302897666624,0.9119441146077132,0.9146690620632013,False,1e-24,False
UniGCN,random,4,195,base,0.0008187531582139695,1.2314426269147223e-07,3.971759181270735e-34,0.0009913260737077266,0.001234963213102981,0.8259171022826977,0.00012422175302107403,3.2160951347621554e-31,1.1136425278014842e-09,1.8297912693471062e-12,5.676431281567899e-39,1.2007341009056762e-08,1.4964665379417134e-08,0.09274680605485416,0.00015238938145980467,3.7932229940640293e-31,False,1e-24,True
UniGCN,random,4,195,restart,9410.29694305817,971.2244275986014,939.6614327308573,1306.4970234508914,1211.6770996649768,7.202692982952581,0.7433805130556486,0.775504821367565,0.012799592612125424,0.01443135018518105,0.013429624776821938,0.015824818598000133,0.014682495925388367,0.8088302897666692,0.9119441146077224,0.9146690620632136,False,1e-24,False
UniGCN,random,4,196,base,0.0007738712568868953,1.1639381710031206e-07,3.780955290163397e-34,0.0009369841776469379,0.0011672657678876686,0.8259171022826975,0.000124221753021074,3.2391554641455535e-31,1.0525955644463122e-09,1.7294869097533976e-12,5.40373469381052e-39,1.1349130058708062e-08,1.4144341661317771e-08,0.09274680605485415,0.00015238938145980461,3.820421496596594e-31,False,1e-24,True
UniGCN,random,4,196,restart,9410.29694305816,971.2244275986012,939.6614327308573,1306.4970234508803,1211.6770996649625,7.202692982952635,0.7433805130556548,0.7755048213675743,0.012799592612125408,0.014431350185181047,0.013429624776821938,0.015824818597999998,0.014682495925388193,0.8088302897666751,0.9119441146077301,0.9146690620632245,False,1e-24,False
UniGCN,random,4,197,base,0.000731449663708284,1.1001341323649877e-07,3.589339996828429e-34,0.0008856211618413987,0.0011032793191134288,0.8259171022826975,0.00012422175302107392,3.2533375135797385e-31,9.94895035554491e-10,1.6346809721502439e-12,5.1298784514072677e-39,1.0727000506799884e-08,1.3368985938520328e-08,0.09274680605485415,0.00015238938145980453,3.837148512982159e-31,False,1e-24,True
UniGCN,random,4,197,restart,9410.29694305815,971.2244275986013,939.6614327308574,1306.4970234508705,1211.6770996649498,7.202692982952682,0.7433805130556603,0.7755048213675825,0.012799592612125396,0.014431350185181048,0.01342962477682194,0.01582481859799988,0.014682495925388039,0.8088302897666804,0.9119441146077368,0.9146690620632342,False,1e-24,False
UniGCN,random,4,198,base,0.0006913535110364706,1.0398276638280478e-07,3.394019385075868e-34,0.0008370737318862685,0.0010428004396857541,0.8259171022826975,0.000124221753021074,3.2547161047406626e-31,9.403574983632353e-10,1.5450720474612254e-12,4.850726574396314e-39,1.0138974465676699e-08,1.263613318343037e-08,0.09274680605485415,0.00015238938145980461,3.838774492150035e-31,False,1e-24,True
UniGCN,random,4,198,restart,9410.296943058142,971.2244275986012,939.6614327308572,1306.4970234508621,1211.6770996649389,7.202692982952722,0.7433805130556651,0.7755048213675894,0.012799592612125384,0.014431350185181047,0.013429624776821936,0.01582481859799978,0.014682495925387907,0.8088302897666849,0.9119441146077427,0.9146690620632423,False,1e-24,False
UniGCN,random,4,199,base,0.0006534553243202784,9.828270377701316e-08,3.198564622795483e-34,0.0007911875447478162,0.0009856368538500653,0.8259171022826974,0.000124221753021074,3.245175553553365e-31,8.888095659610212e-10,1.4603752490651786e-12,4.5713829696854096e-39,9.583182470298159e-09,1.1943453494802805e-08,0.09274680605485414,0.00015238938145980461,3.8275218902762478e-31,False,1e-24,True
UniGCN,random,4,199,restart,9410.296943058132,971.2244275986013,939.6614327308573,1306.4970234508542,1211.6770996649295,7.202692982952758,0.7433805130556697,0.7755048213675956,0.012799592612125371,0.014431350185181048,0.013429624776821938,0.015824818597999682,0.014682495925387794,0.808830289766689,0.9119441146077483,0.9146690620632497,False,1e-24,False
UniGCN,random,4,200,base,0.0006176346168291823,9.289510365746027e-08,3.0311318666702075e-34,0.0007478167180727251,0.0009316068259044933,0.8259171022826977,0.00012422175302107411,3.2536600016077533e-31,8.400873560521872e-10,1.3803213070785335e-12,4.332088367205367e-39,9.0578575347956e-09,1.1288744690469684e-08,0.09274680605485416,0.00015238938145980475,3.8375288714454253e-31,False,1e-24,True
UniGCN,random,4,200,restart,9410.296943058125,971.2244275986012,939.6614327308572,1306.4970234508478,1211.6770996649207,7.202692982952787,0.7433805130556733,0.775504821367601,0.012799592612125361,0.014431350185181047,0.013429624776821936,0.015824818597999606,0.014682495925387687,0.8088302897666921,0.9119441146077528,0.914669062063256,False,1e-24,False
UniGCN,random,4,201,base,0.0005837775065993026,8.780283764994053e-08,2.8550456658642693e-34,0.0007068233663957782,0.0008805385824218257,0.8259171022826977,0.00012422175302107411,3.242385652212736e-31,7.940359699388122e-10,1.3046557122866948e-12,4.080426276708863e-39,8.561329534832581e-09,1.0669925306115282e-08,0.09274680605485416,0.00015238938145980475,3.8242313414979925e-31,False,1e-24,True
UniGCN,random,4,201,restart,9410.29694305812,971.2244275986013,939.6614327308572,1306.4970234508419,1211.6770996649136,7.202692982952816,0.7433805130556767,0.7755048213676057,0.012799592612125354,0.014431350185181048,0.013429624776821936,0.015824818597999533,0.0146824959253876,0.8088302897666955,0.9119441146077569,0.9146690620632616,False,1e-24,False
UniGCN,random,4,202,base,0.0005517763543774165,8.298971631281119e-08,2.6957874298071504e-34,0.0006680771627714191,0.0008322697661437334,0.8259171022826977,0.00012422175302107417,3.239078889406138e-31,7.50509000063445e-10,1.2331379070028811e-12,3.852814684025966e-39,8.092019897909627e-09,1.0085027977839982e-08,0.09274680605485416,0.00015238938145980483,3.820331180530015e-31,False,1e-24,True
UniGCN,random,4,202,restart,9410.296943058114,971.2244275986012,939.6614327308572,1306.4970234508369,1211.677099664907,7.20269298295284,0.7433805130556795,0.7755048213676098,0.012799592612125347,0.014431350185181047,0.013429624776821936,0.015824818597999474,0.01468249592538752,0.8088302897666981,0.9119441146077605,0.9146690620632664,False,1e-24,False
UniGCN,random,4,203,base,0.0005215294214119283,7.84404376671707e-08,2.5858499470176502e-34,0.0006314549244355246,0.0007866469198110807,0.8259171022826977,0.00012422175302107406,3.2871799048531986e-31,7.093680645470467e-10,1.1655405202819433e-12,3.6956922257294154e-39,7.64843658473261e-09,9.532193187474624e-09,0.09274680605485416,0.0001523893814598047,3.8770639170275973e-31,False,1e-24,True
UniGCN,random,4,203,restart,9410.29694305811,971.2244275986013,939.6614327308573,1306.4970234508323,1211.6770996649016,7.202692982952861,0.7433805130556821,0.7755048213676133,0.012799592612125342,0.014431350185181048,0.013429624776821938,0.015824818597999418,0.014682495925387454,0.8088302897667006,0.9119441146077636,0.9146690620632706,False,1e-24,False
UniGCN,random,4,204,base,0.0004929405460028407,7.414053854847881e-08,2.4077449782659537e-34,0.0005968402211801099,0.0007435249982893065,0.8259171022826975,0.00012422175302107403,3.2382838287961598e-31,6.704823672423437e-10,1.101648645057775e-12,3.441144915612456e-39,7.229169345689313e-09,9.009663350760348e-09,0.09274680605485415,0.00015238938145980467,3.819393446395584e-31,False,1e-24,True
UniGCN,random,4,204,restart,9410.296943058105,971.2244275986011,939.6614327308572,1306.4970234508285,1211.6770996648963,7.202692982952878,0.7433805130556842,0.7755048213676167,0.012799592612125335,0.014431350185181045,0.013429624776821936,0.01582481859799937,0.014682495925387392,0.8088302897667025,0.9119441146077661,0.9146690620632746,False,1e-24,False
UniGCN,random,4,205,base,0.0004659188377824105,7.007634862495202e-08,2.271294816903137e-34,0.0005641230051959069,0.0007027669074378114,0.8259171022826974,0.00012422175302107406,3.2319319433864016e-31,6.33728281903903e-10,1.0412591549061337e-12,3.246130583427525e-39,6.832885237353521e-09,8.515777229598901e-09,0.09274680605485414,0.0001523893814598047,3.8119017159640034e-31,False,1e-24,True
UniGCN,random,4,205,restart,9410.296943058102,971.2244275986011,939.6614327308572,1306.497023450825,1211.677099664892,7.202692982952896,0.7433805130556861,0.7755048213676193,0.01279959261212533,0.014431350185181045,0.013429624776821936,0.015824818597999328,0.014682495925387338,0.8088302897667045,0.9119441146077685,0.9146690620632777,False,1e-24,False
UniGCN,random,4,206,base,0.00044037838875453616,6.623494693655108e-08,2.1778425404163685e-34,0.0005331992612060017,0.000664243068257317,0.8259171022826978,0.000124221753021074,3.2786831274432024e-31,5.989889591529136e-10,9.841800582607482e-13,3.112568753172372e-39,6.458324384762616e-09,8.048964650608741e-09,0.09274680605485418,0.00015238938145980461,3.8670423940015303e-31,False,1e-24,True
UniGCN,random,4,206,restart,9410.296943058102,971.2244275986013,939.6614327308572,1306.497023450822,1211.6770996648884,7.202692982952911,0.743380513055688,0.7755048213676217,0.01279959261212533,0.014431350185181048,0.013429624776821936,0.015824818597999293,0.014682495925387295,0.8088302897667061,0.9119441146077708,0.9146690620632805,False,1e-24,False
UniGCN,random,4,207,base,0.0004162380001742071,6.26041208163868e-08,2.071932826971429e-34,0.0005039706757782282,0.0006278310049295239,0.8259171022826977,0.00012422175302107398,3.300144164119467e-31,5.661539549871257e-10,9.30229888029601e-13,2.961202775784891e-39,6.1042959759959785e-09,7.607741513196038e-09,0.09274680605485416,0.0001523893814598046,3.8923546109558585e-31,False,1e-24,True
UniGCN,random,4,207,restart,9410.296943058098,971.2244275986011,939.6614327308574,1306.4970234508196,1211.6770996648852,7.2026929829529225,0.7433805130556892,0.775504821367624,0.012799592612125325,0.014431350185181045,0.01342962477682194,0.015824818597999262,0.014682495925387257,0.8088302897667075,0.9119441146077722,0.9146690620632831,False,1e-24,False
UniGCN,random,4,208,base,0.0003934209243987079,5.91723270639467e-08,1.9549109302939434e-34,0.00047634432476498895,0.0005934149554393544,0.8259171022826975,0.00012422175302107395,3.294340515645684e-31,5.35118879654904e-10,8.792371246708443e-13,2.7939552855390302e-39,5.769674476320116e-09,7.190705071270137e-09,0.09274680605485415,0.00015238938145980456,3.885509498508074e-31,False,1e-24,True
UniGCN,random,4,208,restart,9410.296943058096,971.2244275986012,939.6614327308573,1306.497023450817,1211.677099664882,7.202692982952935,0.7433805130556908,0.7755048213676259,0.012799592612125323,0.014431350185181047,0.013429624776821938,0.01582481859799923,0.014682495925387219,0.8088302897667088,0.9119441146077741,0.9146690620632855,False,1e-24,False
UniGCN,random,4,209,base,0.00037185462088986146,5.592865524670364e-08,1.8459141405435711e-34,0.00045023237787680765,0.0005608855035418647,0.8259171022826975,0.00012422175302107395,3.291071223782826e-31,5.057850657770842e-10,8.310396508941822e-13,2.6381772640902222e-39,5.4533960498644315e-09,6.796529473603013e-09,0.09274680605485415,0.00015238938145980456,3.881653532639883e-31,False,1e-24,True
UniGCN,random,4,209,restart,9410.29694305809,971.2244275986011,939.6614327308573,1306.497023450815,1211.6770996648795,7.202692982952942,0.7433805130556919,0.7755048213676273,0.012799592612125314,0.014431350185181045,0.013429624776821938,0.015824818597999207,0.014682495925387187,0.8088302897667097,0.9119441146077756,0.9146690620632871,False,1e-24,False
UniGCN,random,4,210,base,0.00035147052559158885,5.286279301343397e-08,1.719559628292797e-34,0.00042555181945038155,0.0005301392309037646,0.8259171022826975,0.00012422175302107398,3.243600035713912e-31,4.78059254661517e-10,7.854842362540948e-13,2.4575916159749527e-39,5.154455177451325e-09,6.423961548654524e-09,0.09274680605485415,0.0001523893814598046,3.825663645962647e-31,False,1e-24,True
UniGCN,random,4,210,restart,9410.296943058092,971.2244275986016,939.6614327308574,1306.4970234508135,1211.6770996648772,7.202692982952952,0.743380513055693,0.775504821367629,0.012799592612125318,0.014431350185181052,0.01342962477682194,0.01582481859799919,0.01468249592538716,0.8088302897667107,0.9119441146077769,0.9146690620632891,False,1e-24,False
UniGCN,random,4,211,base,0.00033220383294958744,4.9964993308968667e-08,1.6334444653319815e-34,0.00040222418452339983,0.0005010783883136277,0.8259171022826975,0.000124221753021074,3.2598581448090706e-31,4.5185329981302835e-10,7.42426049996308e-13,2.3345159755501237e-39,4.871901459828e-09,6.071816820462488e-09,0.09274680605485415,0.00015238938145980461,3.8448392706489854e-31,False,1e-24,True
UniGCN,random,4,211,restart,9410.296943058087,971.2244275986013,939.6614327308572,1306.497023450812,1211.6770996648754,7.202692982952955,0.7433805130556935,0.77550482136763,0.012799592612125309,0.014431350185181048,0.013429624776821936,0.015824818597999172,0.014682495925387139,0.8088302897667111,0.9119441146077776,0.9146690620632902,False,1e-24,False
UniGCN,random,4,212,base,0.0003139932898801185,4.7226043386145935e-08,1.5277479753530602e-34,0.0003801753093770468,0.0004736105849154951,0.8259171022826975,0.0001242217530210741,3.225747109570306e-31,4.27083886696186e-10,7.017282006087455e-13,2.183454736767686e-39,4.604836596136708e-09,5.738975742931221e-09,0.09274680605485415,0.00015238938145980472,3.8046070145131355e-31,False,1e-24,True
UniGCN,random,4,212,restart,9410.296943058087,971.2244275986013,939.6614327308573,1306.4970234508107,1211.6770996648738,7.202692982952963,0.7433805130556944,0.7755048213676311,0.012799592612125309,0.014431350185181048,0.013429624776821938,0.015824818597999155,0.014682495925387118,0.808830289766712,0.9119441146077787,0.9146690620632916,False,1e-24,False
UniGCN,random,4,213,base,0.00029678100103288594,4.463723551644709e-08,1.4642526592153585e-34,0.00035933509575311194,0.0004476484944778788,0.8259171022826978,0.00012422175302107411,3.2709875656416767e-31,4.03672267859936e-10,6.632613006130864e-13,2.0927073418962335e-39,4.352411528017343e-09,5.424380140546508e-09,0.09274680605485418,0.00015238938145980475,3.8579658646220762e-31,False,1e-24,True
UniGCN,random,4,213,restart,9410.296943058087,971.2244275986013,939.6614327308572,1306.4970234508094,1211.677099664872,7.20269298295297,0.7433805130556952,0.7755048213676322,0.012799592612125309,0.014431350185181048,0.013429624776821936,0.015824818597999137,0.014682495925387097,0.8088302897667127,0.9119441146077796,0.9146690620632929,False,1e-24,False
UniGCN,random,4,214,base,0.00028051224472889233,4.219033930619884e-08,1.3819541703740533e-34,0.0003396372879960992,0.0004231095777643278,0.8259171022826978,0.0001242217530210741,3.266185033381121e-31,3.815440125820113e-10,6.269030552133126e-13,1.975086485453702e-39,4.113823740262828e-09,5.1270298442012395e-09,0.09274680605485418,0.00015238938145980472,3.8523015185635384e-31,False,1e-24,True
UniGCN,random,4,214,restart,9410.296943058087,971.2244275986013,939.6614327308574,1306.4970234508085,1211.6770996648709,7.202692982952976,0.7433805130556957,0.7755048213676331,0.012799592612125309,0.014431350185181048,0.01342962477682194,0.015824818597999127,0.014682495925387083,0.8088302897667135,0.9119441146077804,0.9146690620632939,False,1e-24,False
UniGCN,random,4,215,base,0.00026513529898810034,3.987757553032865e-08,1.3028291968480545e-34,0.00032101926241182135,0.00039991582012291216,0.8259171022826974,0.0001242217530210741,3.2577585864136013e-31,3.606287702371792e-10,5.925378734934615e-13,1.862001211554364e-39,3.888314709445509e-09,4.845979511436273e-09,0.09274680605485414,0.00015238938145980472,3.842362946768826e-31,False,1e-24,True
UniGCN,random,4,215,restart,9410.296943058085,971.2244275986012,939.6614327308573,1306.4970234508075,1211.67709966487,7.202692982952978,0.7433805130556961,0.7755048213676337,0.012799592612125307,0.014431350185181047,0.013429624776821938,0.015824818597999116,0.014682495925387071,0.8088302897667137,0.9119441146077807,0.9146690620632946,False,1e-24,False
UniGCN,random,4,216,base,0.0002506012770938015,3.7691591400484916e-08,1.235602409129388e-34,0.00030342182817280486,0.00037799348346036253,0.8259171022826974,0.000124221753021074,3.268845795483024e-31,3.408600466370203e-10,5.600565009284984e-13,1.765920804019819e-39,3.6751674924031582e-09,4.580335620987346e-09,0.09274680605485414,0.00015238938145980461,3.8554397540832465e-31,False,1e-24,True
UniGCN,random,4,216,restart,9410.296943058085,971.2244275986012,939.6614327308572,1306.4970234508066,1211.6770996648686,7.202692982952985,0.7433805130556966,0.7755048213676344,0.012799592612125307,0.014431350185181047,0.013429624776821936,0.015824818597999106,0.014682495925387055,0.8088302897667144,0.9119441146077814,0.9146690620632955,False,1e-24,False
UniGCN,random,4,217,base,0.00023686397217091373,3.562543718889423e-08,1.1583234443488934e-34,0.00028678903913753704,0.0003572728718123384,0.8259171022826975,0.00012422175302107392,3.2421253773707054e-31,3.221749926301734e-10,5.293556720399821e-13,1.6554738425938157e-39,3.473704446917841e-09,4.329253632083052e-09,0.09274680605485415,0.00015238938145980453,3.8239243603689536e-31,False,1e-24,True
UniGCN,random,4,217,restart,9410.296943058082,971.2244275986013,939.6614327308573,1306.4970234508064,1211.677099664868,7.202692982952984,0.743380513055697,0.7755048213676349,0.012799592612125302,0.014431350185181048,0.013429624776821938,0.015824818597999103,0.014682495925387047,0.8088302897667143,0.9119441146077818,0.914669062063296,False,1e-24,False
UniGCN,random,4,218,base,0.00022387971028409054,3.36725441336372e-08,1.10751939041669e-34,0.00027106801598528993,0.00033768810976451843,0.8259171022826974,0.00012422175302107392,3.2797109474449706e-31,3.045142042909614e-10,5.003377820922325e-13,1.5828647774895828e-39,3.2832850773412043e-09,4.09193529946265e-09,0.09274680605485414,0.00015238938145980453,3.8682546561707445e-31,False,1e-24,True
UniGCN,random,4,218,restart,9410.296943058082,971.2244275986013,939.6614327308573,1306.4970234508055,1211.6770996648668,7.202692982952988,0.7433805130556974,0.7755048213676355,0.012799592612125302,0.014431350185181048,0.013429624776821938,0.015824818597999092,0.014682495925387033,0.8088302897667148,0.9119441146077824,0.9146690620632968,False,1e-24,False
UniGCN,random,4,219,base,0.0002116072115886064,3.182670355509925e-08,1.040475268243032e-34,0.00025620877810104585,0.00031917693302006616,0.8259171022826975,0.00012422175302107392,3.2598698734210185e-31,2.8782153406115374e-10,4.729105767852552e-13,1.4870454352327717e-39,3.10330399831693e-09,3.867626135577557e-09,0.09274680605485415,0.00015238938145980453,3.844853103958842e-31,False,1e-24,True
UniGCN,random,4,219,restart,9410.296943058083,971.2244275986014,939.6614327308574,1306.497023450805,1211.6770996648665,7.202692982952992,0.7433805130556977,0.7755048213676359,0.012799592612125306,0.01443135018518105,0.01342962477682194,0.015824818597999085,0.014682495925387031,0.8088302897667152,0.9119441146077828,0.9146690620632972,False,1e-24,False
UniGCN,random,4,220,base,0.00020000745909258598,3.008204711720287e-08,9.82466263240905e-35,0.0002421640846760512,0.00030168049044763826,0.8259171022826974,0.00012422175302107398,3.256645008045121e-31,2.7204391224444025e-10,4.4698685895788716e-13,1.4041390666494301e-39,2.9331890101265882e-09,3.655613011908311e-09,0.09274680605485414,0.0001523893814598046,3.8410495369049964e-31,False,1e-24,True
UniGCN,random,4,220,restart,9410.296943058082,971.2244275986014,939.6614327308574,1306.4970234508046,1211.6770996648659,7.202692982952993,0.743380513055698,0.7755048213676363,0.012799592612125302,0.01443135018518105,0.01342962477682194,0.01582481859799908,0.014682495925387022,0.8088302897667153,0.911944114607783,0.9146690620632977,False,1e-24,False
UniGCN,random,4,221,base,0.00018904357461334436,2.8433028170667282e-08,9.393634492136933e-35,0.00022888928451882077,0.0002851431569806012,0.8259171022826977,0.00012422175302107398,3.294357329702988e-31,2.5713117828611186e-10,4.2248421136870525e-13,1.3425366001601633e-39,2.7723992795399794e-09,3.4552218917710275e-09,0.09274680605485416,0.0001523893814598046,3.8855293298458043e-31,False,1e-24,True
UniGCN,random,4,221,restart,9410.296943058082,971.2244275986012,939.6614327308572,1306.4970234508041,1211.6770996648654,7.202692982952994,0.7433805130556981,0.7755048213676363,0.012799592612125302,0.014431350185181047,0.013429624776821936,0.015824818597999075,0.014682495925387017,0.8088302897667156,0.9119441146077831,0.9146690620632977,False,1e-24,False
UniGCN,random,4,222,base,0.00017868070153347507,2.6874404118981718e-08,8.808073908373424e-35,0.00021634217409910916,0.00026951235677262296,0.8259171022826975,0.00012422175302107395,3.268152159644558e-31,2.4303592130154506e-10,3.9932473467335973e-13,1.2588483838503093e-39,2.6204236203864955e-09,3.2658156874054783e-09,0.09274680605485415,0.00015238938145980456,3.8546216453825626e-31,False,1e-24,True
UniGCN,random,4,222,restart,9410.296943058082,971.2244275986012,939.6614327308572,1306.4970234508037,1211.6770996648647,7.202692982952997,0.7433805130556984,0.7755048213676369,0.012799592612125302,0.014431350185181047,0.013429624776821936,0.01582481859799907,0.014682495925387009,0.8088302897667158,0.9119441146077836,0.9146690620632983,False,1e-24,False
UniGCN,random,4,223,base,0.00016888589398394256,2.5401219751029853e-08,8.267813877492955e-35,0.00020448286337353962,0.00025473839604741157,0.8259171022826974,0.00012422175302107398,3.24560961589558e-31,2.2971332934649841e-10,3.7743479976530303e-13,1.1816345146426211e-39,2.4767788683810507e-09,3.086792234531985e-09,0.09274680605485414,0.0001523893814598046,3.828033845050082e-31,False,1e-24,True
UniGCN,random,4,223,restart,9410.296943058082,971.2244275986014,939.6614327308571,1306.4970234508035,1211.6770996648647,7.202692982952998,0.7433805130556985,0.7755048213676369,0.012799592612125302,0.01443135018518105,0.013429624776821936,0.015824818597999068,0.014682495925387009,0.8088302897667159,0.9119441146077837,0.9146690620632983,False,1e-24,False
UniGCN,random,4,224,base,0.00015962801210186615,2.400879148737594e-08,7.94900475994217e-35,0.00019327364896631983,0.0002407743051111918,0.8259171022826975,0.00012422175302107403,3.3014339949070754e-31,2.1712104695001478e-10,3.567448136925494e-13,1.1360703712713874e-39,2.3410083450377876e-09,2.9175823779377747e-09,0.09274680605485415,0.00015238938145980467,3.8938759017128155e-31,False,1e-24,True
UniGCN,random,4,224,restart,9410.296943058083,971.2244275986013,939.6614327308573,1306.4970234508032,1211.6770996648643,7.2026929829530015,0.7433805130556987,0.7755048213676372,0.012799592612125306,0.014431350185181048,0.013429624776821938,0.015824818597999064,0.014682495925387003,0.8088302897667163,0.911944114607784,0.9146690620632988,False,1e-24,False
UniGCN,random,4,225,base,0.00015087762302999814,2.2692692490128357e-08,7.435186949695017e-35,0.00018267889430185848,0.0002275756890256448,0.8259171022826974,0.00012422175302107406,3.267127073866475e-31,2.052190404569969e-10,3.37188998406265e-13,1.0626356196160644e-39,2.212680405788014e-09,2.7576481620064916e-09,0.09274680605485414,0.0001523893814598047,3.8534126080931234e-31,False,1e-24,True
UniGCN,random,4,225,restart,9410.296943058082,971.2244275986013,939.6614327308573,1306.497023450803,1211.6770996648638,7.202692982953001,0.7433805130556989,0.7755048213676374,0.012799592612125302,0.014431350185181048,0.013429624776821938,0.01582481859799906,0.014682495925386998,0.8088302897667162,0.9119441146077841,0.914669062063299,False,1e-24,False
UniGCN,random,4,226,base,0.0001426069073431511,2.144873858904135e-08,6.983681821374885e-35,0.0001726649163081977,0.0002151005864665649,0.8259171022826974,0.00012422175302107403,3.2467051513411027e-31,1.939694707523501e-10,3.1870518163778065e-13,9.981065855731511e-40,2.0913870676865025e-09,2.6064811204381256e-09,0.09274680605485414,0.00015238938145980467,3.8293259741907447e-31,False,1e-24,True
UniGCN,random,4,226,restart,9410.296943058082,971.2244275986013,939.6614327308573,1306.4970234508028,1211.6770996648636,7.202692982953002,0.743380513055699,0.7755048213676375,0.012799592612125302,0.014431350185181048,0.013429624776821938,0.015824818597999057,0.014682495925386995,0.8088302897667164,0.9119441146077842,0.9146690620632991,False,1e-24,False
UniGCN,random,4,227,base,0.00013478957060408252,2.027297497911097e-08,6.611656261229246e-35,0.00016319987833106564,0.0002033093363195149,0.8259171022826975,0.00012422175302107406,3.2520180238248207e-31,1.8333657296205344e-10,3.012345992391771e-13,9.449367575253722e-40,1.976742712343333e-09,2.4636006597220116e-09,0.09274680605485415,0.0001523893814598047,3.8355922409600143e-31,False,1e-24,True
UniGCN,random,4,227,restart,9410.296943058082,971.2244275986013,939.6614327308573,1306.4970234508025,1211.6770996648634,7.202692982953003,0.7433805130556991,0.7755048213676378,0.012799592612125302,0.014431350185181048,0.013429624776821938,0.015824818597999057,0.014682495925386991,0.8088302897667166,0.9119441146077844,0.9146690620632995,False,1e-24,False
UniGCN,random,4,228,base,0.00012740075976765445,1.9161663647373896e-08,6.204632053729253e-35,0.00015425368891810076,0.000192164451588358,0.8259171022826975,0.000124221753021074,3.228813655410318e-31,1.7328654274870266e-10,2.8472170835904177e-13,8.867649289134185e-40,1.8683828599576153e-09,2.3285525312236037e-09,0.09274680605485415,0.00015238938145980461,3.808223851610694e-31,False,1e-24,True
UniGCN,random,4,228,restart,9410.296943058082,971.2244275986013,939.6614327308573,1306.4970234508025,1211.6770996648631,7.202692982953003,0.7433805130556991,0.7755048213676379,0.012799592612125302,0.014431350185181048,0.013429624776821938,0.015824818597999057,0.01468249592538699,0.8088302897667166,0.9119441146077844,0.9146690620632996,False,1e-24,False
UniGCN,random,4,229,base,0.00012041698416749755,1.811127148893624e-08,5.883551919788374e-35,0.0001457979061514588,0.000181630500215793,0.8259171022826975,0.00012422175302107398,3.239297316694166e-31,1.6378742884003358e-10,2.6911401085944083e-13,8.40876212276553e-40,1.7659630105554596e-09,2.2009073870274406e-09,0.09274680605485415,0.0001523893814598046,3.820588804566855e-31,False,1e-24,True
UniGCN,random,4,229,restart,9410.296943058082,971.2244275986013,939.6614327308573,1306.497023450802,1211.677099664863,7.202692982953006,0.7433805130556993,0.775504821367638,0.012799592612125302,0.014431350185181048,0.013429624776821938,0.01582481859799905,0.014682495925386986,0.8088302897667168,0.9119441146077847,0.9146690620632997,False,1e-24,False
UniGCN,random,4,230,base,0.00011381604083397936,1.711845907445044e-08,5.647043420830578e-35,0.00013780564722465577,0.0001716739924369956,0.8259171022826974,0.00012422175302107398,3.289399483677205e-31,1.5480903144874992e-10,2.5436188641270983e-13,8.07074458933311e-40,1.6691575487482525e-09,2.080259414945018e-09,0.09274680605485414,0.0001523893814598046,3.8796817989867958e-31,False,1e-24,True
UniGCN,random,4,230,restart,9410.296943058082,971.2244275986013,939.6614327308573,1306.497023450802,1211.677099664863,7.202692982953006,0.7433805130556993,0.775504821367638,0.012799592612125302,0.014431350185181048,0.013429624776821938,0.01582481859799905,0.014682495925386986,0.8088302897667168,0.9119441146077847,0.9146690620632997,False,1e-24,False
UniGCN,random,4,231,base,0.00010757694390604554,1.618007003332963e-08,5.22299341977921e-35,0.0001302515029761713,0.00016226327430823764,0.8259171022826974,0.00012422175302107395,3.218838915981405e-31,1.4632280626070993e-10,2.404184347474398e-13,7.464693068821044e-40,1.577658708529206e-09,1.966225048347951e-09,0.09274680605485414,0.00015238938145980456,3.7964591464710407e-31,False,1e-24,True
UniGCN,random,4,231,restart,9410.296943058082,971.2244275986013,939.6614327308573,1306.497023450802,1211.6770996648627,7.202692982953006,0.7433805130556993,0.7755048213676381,0.012799592612125302,0.014431350185181048,0.013429624776821938,0.01582481859799905,0.014682495925386984,0.8088302897667168,0.9119441146077847,0.9146690620632998,False,1e-24,False
UniGCN,random,4,232,base,0.00010167985791251888,1.529312101894639e-08,4.994192155356985e-35,0.00012311145710809556,0.00015336842707198788,0.8259171022826975,0.00012422175302107398,3.2563365555107486e-31,1.3830177368622856e-10,2.2723932654212617e-13,7.137690701519139e-40,1.4911755948170485e-09,1.8584417467246892e-09,0.09274680605485415,0.0001523893814598046,3.840685732602906e-31,False,1e-24,True
UniGCN,random,4,232,restart,9410.296943058082,971.2244275986013,939.6614327308573,1306.497023450802,1211.6770996648625,7.202692982953006,0.7433805130556993,0.7755048213676383,0.012799592612125302,0.014431350185181048,0.013429624776821938,0.01582481859799905,0.01468249592538698,0.8088302897667168,0.9119441146077847,0.9146690620633001,False,1e-24,False
UniGCN,random,4,233,base,9.610603471074268e-05,1.4454792223912926e-08,4.7473660652297604e-35,0.00011636280983299848,0.00014496117203855496,0.8259171022826974,0.0001242217530210739,3.2749225178498943e-31,1.307204330859857e-10,2.1478266249243564e-13,6.7849272848164665e-40,1.4094332586361246e-09,1.7565668430839337e-09,0.09274680605485414,0.0001523893814598045,3.8626069434991965e-31,False,1e-24,True
UniGCN,random,4,233,restart,9410.296943058082,971.2244275986013,939.6614327308573,1306.497023450802,1211.6770996648625,7.202692982953006,0.7433805130556993,0.7755048213676383,0.012799592612125302,0.014431350185181048,0.013429624776821938,0.01582481859799905,0.01468249592538698,0.8088302897667168,0.9119441146077847,0.9146690620633001,False,1e-24,False
UniGCN,random,4,234,base,9.083775388208217e-05,1.3662418415288825e-08,4.500528347760264e-35,0.00010998410570627697,0.00013701478068186824,0.8259171022826975,0.00012422175302107395,3.2847028075094662e-31,1.23554681698845e-10,2.0300884010403704e-13,6.432147250336536e-40,1.3321718229926954e-09,1.6602764545403577e-09,0.09274680605485415,0.00015238938145980456,3.8741423048833487e-31,False,1e-24,True
UniGCN,random,4,234,restart,9410.296943058082,971.2244275986013,939.6614327308573,1306.4970234508019,1211.6770996648625,7.202692982953007,0.7433805130556994,0.7755048213676383,0.012799592612125302,0.014431350185181048,0.013429624776821938,0.015824818597999047,0.01468249592538698,0.8088302897667169,0.9119441146077848,0.9146690620633001,False,1e-24,False
UniGCN,random,4,235,base,8.585826639478852e-05,1.2913480461215077e-08,4.2522030001326867e-35,0.00010395506541454406,0.00012950398966357307,0.8259171022826978,0.00012422175302107395,3.2834532829290494e-31,1.1678173801383712e-10,1.9188042778749855e-13,6.077241097434182e-40,1.2591456566684112e-09,1.5692644526191743e-09,0.09274680605485418,0.00015238938145980456,3.8726685532772923e-31,False,1e-24,True
UniGCN,random,4,235,restart,9410.296943058082,971.2244275986013,939.6614327308573,1306.4970234508019,1211.6770996648622,7.202692982953007,0.7433805130556994,0.7755048213676384,0.012799592612125302,0.014431350185181048,0.013429624776821938,0.015824818597999047,0.014682495925386977,0.8088302897667169,0.9119441146077848,0.9146690620633002,False,1e-24,False
UniGCN,random,4,236,base,8.115174135511657e-05,1.2205597322035924e-08,4.037961367181757e-35,9.825652130319935e-05,0.00012240492051528173,0.8259171022826977,0.00012422175302107398,3.29885543014395e-31,1.1038006934268986e-10,1.8136204585497401e-13,5.7710473299893605e-40,1.1901225933042552e-09,1.4832414900059027e-09,0.09274680605485416,0.0001523893814598046,3.8908346138337817e-31,False,1e-24,True
UniGCN,random,4,236,restart,9410.296943058082,971.2244275986013,939.6614327308573,1306.4970234508016,1211.6770996648622,7.202692982953008,0.7433805130556995,0.7755048213676385,0.012799592612125302,0.014431350185181048,0.013429624776821938,0.015824818597999044,0.014682495925386977,0.808830289766717,0.9119441146077849,0.9146690620633003,False,1e-24,False
UniGCN,random,4,237,base,7.670321567740709e-05,1.153651848044634e-08,3.776728963510376e-35,9.287035643820931e-05,0.0001156950037236332,0.8259171022826975,0.00012422175302107395,3.264383803929899e-31,1.0432932336264257e-10,1.7142025404033776e-13,5.397694435143161e-40,1.1248831932922635e-09,1.40193408064716e-09,0.09274680605485415,0.00015238938145980456,3.8501770587183958e-31,False,1e-24,True
UniGCN,random,4,237,restart,9410.296943058082,971.2244275986013,939.6614327308573,1306.4970234508016,1211.6770996648622,7.202692982953008,0.7433805130556995,0.7755048213676385,0.012799592612125302,0.014431350185181048,0.013429624776821938,0.015824818597999044,0.014682495925386977,0.808830289766717,0.9119441146077849,0.9146690620633003,False,1e-24,False
UniGCN,random,4,238,base,7.249854651312278e-05,1.0904116786599014e-08,3.5816728429025973e-35,8.77794470083606e-05,0.00010935290697681054,0.8259171022826974,0.0001242217530210739,3.2753339091956008e-31,9.861026341190363e-11,1.620234451851714e-13,5.118920568414155e-40,1.0632200461283983e-09,1.3250837302779162e-09,0.09274680605485414,0.0001523893814598045,3.863092158969108e-31,False,1e-24,True
UniGCN,random,4,238,restart,9410.296943058082,971.2244275986013,939.6614327308573,1306.4970234508016,1211.6770996648622,7.202692982953008,0.7433805130556995,0.7755048213676385,0.012799592612125302,0.014431350185181048,0.013429624776821938,0.015824818597999044,0.014682495925386977,0.808830289766717,0.9119441146077849,0.9146690620633003,False,1e-24,False
UniGCN,random,4,239,base,6.852436628760006e-05,1.0306381695423796e-08,3.4197599402398727e-35,8.296760788487137e-05,0.0001033584673443966,0.8259171022826977,0.0001242217530210739,3.3086403350438893e-31,9.320470733204156e-11,1.531417447526059e-13,4.887514930857324e-40,1.004937111008616e-09,1.2524461146109703e-09,0.09274680605485416,0.0001523893814598045,3.902375418662593e-31,False,1e-24,True
UniGCN,random,4,239,restart,9410.296943058082,971.2244275986013,939.6614327308573,1306.4970234508016,1211.6770996648622,7.202692982953008,0.7433805130556995,0.7755048213676385,0.012799592612125302,0.014431350185181048,0.013429624776821938,0.015824818597999044,0.014682495925386977,0.808830289766717,0.9119441146077849,0.9146690620633003,False,1e-24,False
UniGCN,random,4,240,base,6.476804020156789e-05,9.741412874659529e-09,3.1836707189778686e-35,7.841954116528137e-05,9.769262717495143e-05,0.8259171022826975,0.00012422175302107403,3.258864881662398e-31,8.809546966287547e-11,1.4474691584955076e-13,4.550096628375079e-40,9.498490935717217e-10,1.1837903025759142e-09,0.09274680605485415,0.00015238938145980467,3.8436677665580798e-31,False,1e-24,True
UniGCN,random,4,240,restart,9410.296943058082,971.2244275986013,939.6614327308573,1306.4970234508016,1211.6770996648622,7.202692982953008,0.7433805130556995,0.7755048213676385,0.012799592612125302,0.014431350185181048,0.013429624776821938,0.015824818597999044,0.014682495925386977,0.808830289766717,0.9119441146077849,0.9146690620633003,False,1e-24,False
UniGCN,random,4,241,base,6.121762606232247e-05,9.207414163276841e-09,3.02666118853458e-35,7.412078753803151e-05,9.233737350751712e-05,0.8259171022826975,0.0001242217530210739,3.277828980362087e-31,8.326630700609081e-11,1.368122694553561e-13,4.3256988818260496e-40,8.977808568075518e-10,1.1188980221381097e-09,0.09274680605485415,0.0001523893814598045,3.8660349703362973e-31,False,1e-24,True
UniGCN,random,4,241,restart,9410.296943058078,971.2244275986013,939.6614327308573,1306.4970234508014,1211.6770996648622,7.202692982953007,0.7433805130556996,0.7755048213676385,0.012799592612125297,0.014431350185181048,0.013429624776821938,0.015824818597999044,0.014682495925386977,0.8088302897667169,0.9119441146077851,0.9146690620633003,False,1e-24,False
UniGCN,random,4,242,base,5.7861836316850943e-05,8.702687861084431e-09,2.83972250657091e-35,7.005768031310943e-05,8.727568080442464e-05,0.8259171022826977,0.0001242217530210739,3.253738590632619e-31,7.870186638387759e-11,1.2931257957150514e-13,4.058526444222684e-40,8.485668642576237e-10,1.0575629663635374e-09,0.09274680605485416,0.0001523893814598045,3.8376215632607203e-31,False,1e-24,True
UniGCN,random,4,242,restart,9410.296943058078,971.2244275986013,939.6614327308573,1306.4970234508014,1211.677099664862,7.202692982953007,0.7433805130556996,0.7755048213676387,0.012799592612125297,0.014431350185181048,0.013429624776821938,0.015824818597999044,0.014682495925386976,0.8088302897667169,0.9119441146077851,0.9146690620633005,False,1e-24,False
UniGCN,random,4,243,base,5.46900021662002e-05,8.225629331364003e-09,2.7111389959101496e-35,6.621730197261459e-05,8.249145682333839e-05,0.8259171022826977,0.00012422175302107398,3.2865694222327245e-31,7.438763642841322e-11,1.2222400302257546e-13,3.8747551154748435e-40,8.020506537380641e-10,9.995901375233568e-10,0.09274680605485416,0.0001523893814598046,3.8763438833792053e-31,False,1e-24,True
UniGCN,random,4,243,restart,9410.296943058082,971.2244275986013,939.6614327308573,1306.4970234508014,1211.6770996648622,7.2026929829530095,0.7433805130556996,0.7755048213676385,0.012799592612125302,0.014431350185181048,0.013429624776821938,0.015824818597999044,0.014682495925386977,0.8088302897667172,0.9119441146077851,0.9146690620633003,False,1e-24,False
UniGCN,random,4,244,base,5.1692039647001725e-05,7.774721899374738e-09,2.5261855684275535e-35,6.258744310310747e-05,7.796949145645292e-05,0.8259171022826975,0.000124221753021074,3.2399667116444694e-31,7.030990124700976e-11,1.1552400365350362e-13,3.610420000106769e-40,7.580843399116697e-10,9.447952271529282e-10,0.09274680605485415,0.00015238938145980461,3.8213783223551056e-31,False,1e-24,True
UniGCN,random,4,244,restart,9410.296943058082,971.2244275986013,939.6614327308573,1306.4970234508014,1211.6770996648622,7.2026929829530095,0.7433805130556996,0.7755048213676385,0.012799592612125302,0.014431350185181048,0.013429624776821938,0.015824818597999044,0.014682495925386977,0.8088302897667172,0.9119441146077851,0.9146690620633003,False,1e-24,False
UniGCN,random,4,245,base,4.885841757231825e-05,7.348532030508323e-09,2.390809905270889e-35,5.915656357917967e-05,7.369540837419123e-05,0.8259171022826978,0.0001242217530210741,3.244177565488831e-31,6.645569681625272e-11,1.0919128068215598e-13,3.4169413388804788e-40,7.165281441276605e-10,8.930040300943803e-10,0.09274680605485418,0.00015238938145980472,3.826344813381577e-31,False,1e-24,True
UniGCN,random,4,245,restart,9410.296943058078,971.2244275986013,939.6614327308573,1306.4970234508014,1211.677099664862,7.202692982953007,0.7433805130556996,0.7755048213676387,0.012799592612125297,0.014431350185181048,0.013429624776821938,0.015824818597999044,0.014682495925386976,0.8088302897667169,0.9119441146077851,0.9146690620633005,False,1e-24,False
UniGCN,random,4,246,base,4.618012722988918e-05,6.94570477276488e-09,2.2674637161611318e-35,5.5913755874839e-05,6.965561931966831e-05,0.8259171022826974,0.00012422175302107406,3.2552488059220794e-31,6.281276976649894e-11,1.0320570097942385e-13,3.2406551809415667e-40,6.772499500343869e-10,8.44051890659822e-10,0.09274680605485414,0.0001523893814598047,3.8394027864901104e-31,False,1e-24,True
UniGCN,random,4,246,restart,9410.296943058078,971.2244275986013,939.6614327308573,1306.4970234508012,1211.6770996648622,7.202692982953008,0.7433805130556997,0.7755048213676385,0.012799592612125297,0.014431350185181048,0.013429624776821938,0.01582481859799904,0.014682495925386977,0.808830289766717,0.9119441146077852,0.9146690620633003,False,1e-24,False
UniGCN,random,4,247,base,4.36486537414389e-05,6.5649594490604286e-09,2.142068864865375e-35,5.284871038606814e-05,6.583728090861259e-05,0.8259171022826975,0.0001242217530210741,3.2535803959442646e-31,5.93695384257003e-11,9.754823506154647e-14,3.0614410785862836e-40,6.401248835521816e-10,7.977831791544377e-10,0.09274680605485415,0.00015238938145980472,3.837434980555837e-31,False,1e-24,True
UniGCN,random,4,247,restart,9410.296943058082,971.2244275986013,939.6614327308573,1306.4970234508012,1211.6770996648622,7.20269298295301,0.7433805130556997,0.7755048213676385,0.012799592612125302,0.014431350185181048,0.013429624776821938,0.01582481859799904,0.014682495925386977,0.8088302897667173,0.9119441146077852,0.9146690620633003,False,1e-24,False
UniGCN,random,4,248,base,4.125594899199241e-05,6.2050855856707345e-09,2.0401085472525358e-35,4.9951682654309766e-05,6.22282537974024e-05,0.8259171022826975,0.000124221753021074,3.278428081711167e-31,5.6115055998702624e-11,9.22008965911666e-14,2.915719570820814e-40,6.050349158709999e-10,7.540507970952148e-10,0.09274680605485415,0.00015238938145980461,3.8667415803456042e-31,False,1e-24,True
UniGCN,random,4,248,restart,9410.296943058078,971.2244275986013,939.6614327308573,1306.4970234508012,1211.677099664862,7.202692982953008,0.7433805130556997,0.7755048213676387,0.012799592612125297,0.014431350185181048,0.013429624776821938,0.01582481859799904,0.014682495925386976,0.808830289766717,0.9119441146077852,0.9146690620633005,False,1e-24,False
UniGCN,random,4,249,base,3.899440604313517e-05,5.864939063867223e-09,1.9233539732476857e-35,4.7213462386674295e-05,5.881706408940343e-05,0.8259171022826977,0.00012422175302107406,3.27006116851419e-31,5.303897576495919e-11,8.71466851947801e-14,2.7488541376715607e-40,5.718684882106865e-10,7.127157095522797e-10,0.09274680605485416,0.0001523893814598047,3.8568732256489207e-31,False,1e-24,True
UniGCN,random,4,249,restart,9410.296943058078,971.2244275986013,939.6614327308573,1306.4970234508012,1211.677099664862,7.202692982953008,0.7433805130556997,0.7755048213676387,0.012799592612125297,0.014431350185181048,0.013429624776821938,0.01582481859799904,0.014682495925386976,0.808830289766717,0.9119441146077852,0.9146690620633005,False,1e-24,False
UniGCN,random,4,250,base,3.685683494887079e-05,5.543438482510076e-09,1.8024002961240277e-35,4.462534417437855e-05,5.5592866856909935e-05,0.8259171022826975,0.000124221753021074,3.242143098615893e-31,5.013151818401407e-11,8.236953241478246e-14,2.575987353682475e-40,5.405201571509028e-10,6.736465031260599e-10,0.09274680605485415,0.00015238938145980461,3.823945261689316e-31,False,1e-24,True
UniGCN,random,4,250,restart,9410.296943058078,971.2244275986013,939.6614327308573,1306.4970234508012,1211.6770996648618,7.202692982953008,0.7433805130556997,0.7755048213676388,0.012799592612125297,0.014431350185181048,0.013429624776821938,0.01582481859799904,0.014682495925386972,0.808830289766717,0.9119441146077852,0.9146690620633006,False,1e-24,False
UniGCN,random,4,251,base,3.483643989719007e-05,5.2395617200344925e-09,1.708196239436494e-35,4.2179099816322895e-05,5.254541166271705e-05,0.8259171022826975,0.00012422175302107406,3.250895150277267e-31,4.7383439804176755e-11,7.7854250624283e-14,2.4413510804780597e-40,5.108902594031356e-10,6.367189681549755e-10,0.09274680605485415,0.0001523893814598047,3.8342678678984186e-31,False,1e-24,True
UniGCN,random,4,251,restart,9410.296943058078,971.2244275986013,939.6614327308573,1306.4970234508012,1211.6770996648618,7.202692982953008,0.7433805130556997,0.7755048213676388,0.012799592612125297,0.014431350185181048,0.013429624776821938,0.01582481859799904,0.014682495925386972,0.808830289766717,0.9119441146077852,0.9146690620633006,False,1e-24,False
UniGCN,random,4,252,base,3.292679760467921e-05,4.952342684899798e-09,1.6102731485751352e-35,3.986695215981727e-05,4.966500997171041e-05,0.8259171022826977,0.00012422175302107411,3.242268851838266e-31,4.478600387554167e-11,7.358648474227445e-14,2.3013995701311026e-40,4.828845949590268e-10,6.01815703825411e-10,0.09274680605485416,0.00015238938145980475,3.82409358131131e-31,False,1e-24,True
UniGCN,random,4,252,restart,9410.296943058082,971.2244275986013,939.6614327308573,1306.4970234508012,1211.6770996648618,7.20269298295301,0.7433805130556997,0.7755048213676388,0.012799592612125302,0.014431350185181048,0.013429624776821938,0.01582481859799904,0.014682495925386972,0.8088302897667173,0.9119441146077852,0.9146690620633006,False,1e-24,False
UniGCN,random,4,253,base,3.112183689547907e-05,4.680868244170445e-09,1.511843437267444e-35,3.768155037529007e-05,4.694250434886685e-05,0.8259171022826975,0.0001242217530210741,3.2206279963926517e-31,4.2330952573924945e-11,6.955266659565072e-14,2.1607239987275224e-40,4.5641412760767995e-10,5.688257449285235e-10,0.09274680605485415,0.00015238938145980472,3.7985692771325436e-31,False,1e-24,True
UniGCN,random,4,253,restart,9410.296943058082,971.2244275986013,939.6614327308573,1306.4970234508012,1211.6770996648618,7.20269298295301,0.7433805130556997,0.7755048213676388,0.012799592612125302,0.014431350185181048,0.013429624776821938,0.01582481859799904,0.014682495925386972,0.8088302897667173,0.9119441146077852,0.9146690620633006,False,1e-24,False
UniGCN,random,4,254,base,2.9415819399672177e-05,4.424275320464141e-09,1.4484714927868826e-35,3.5615946586372576e-05,4.4369239345740006e-05,0.8259171022826978,0.0001242217530210741,3.2645849109557784e-31,4.001048074741208e-11,6.573997178297915e-14,2.0701529264128736e-40,4.313947018698227e-10,5.376442090772633e-10,0.09274680605485418,0.00015238938145980472,3.8504142543742664e-31,False,1e-24,True
UniGCN,random,4,254,restart,9410.296943058082,971.2244275986013,939.6614327308573,1306.4970234508012,1211.6770996648618,7.20269298295301,0.7433805130556997,0.7755048213676388,0.012799592612125302,0.014431350185181048,0.013429624776821938,0.01582481859799904,0.014682495925386972,0.8088302897667173,0.9119441146077852,0.9146690620633006,False,1e-24,False
UniGCN,random,4,255,base,2.7803321309733704e-05,4.181748148037663e-09,1.376799636188178e-35,3.366357378106101e-05,4.193703398287237e-05,0.8259171022826977,0.000124221753021074,3.283016239895461e-31,3.7817211102051086e-11,6.213627890288737e-14,1.96771963420235e-40,4.077467754488977e-10,5.081719632620328e-10,0.09274680605485416,0.00015238938145980461,3.8721530829273997e-31,False,1e-24,True
UniGCN,random,4,255,restart,9410.296943058082,971.2244275986013,939.6614327308573,1306.4970234508012,1211.6770996648618,7.20269298295301,0.7433805130556997,0.7755048213676388,0.012799592612125302,0.014431350185181048,0.013429624776821938,0.01582481859799904,0.014682495925386972,0.8088302897667173,0.9119441146077852,0.9146690620633006,False,1e-24,False
UniGCN,random,4,256,base,2.6279216137045883e-05,3.952515679286866e-09,1.304116300669733e-35,3.181822493373064e-05,3.963815574064942e-05,0.8259171022826975,0.000124221753021074,3.2900529207324987e-31,3.574417074780086e-11,5.873013101744358e-14,1.8638407380872046e-40,3.853951663484814e-10,4.803153086848892e-10,0.09274680605485415,0.00015238938145980461,3.8804524952378246e-31,False,1e-24,True
UniGCN,random,4,256,restart,9410.296943058078,971.2244275986013,939.6614327308573,1306.4970234508012,1211.6770996648618,7.202692982953008,0.7433805130556997,0.7755048213676388,0.012799592612125297,0.014431350185181048,0.013429624776821938,0.01582481859799904,0.014682495925386972,0.808830289766717,0.9119441146077852,0.9146690620633006,False,1e-24,False
UniGCN,random,5,0,base,734451.0719511451,67276.86864634349,69903.21927571105,82560.00000000001,82502.82900125279,8.895967441268713,0.8148845524024161,0.8472826946897734,1.0,1.0,1.0,1.0,1.0,1.0,1.0,1.0,False,1e-24,False
UniGCN,random,5,0,restart,734451.0719511451,67276.86864634349,69903.21927571105,82560.00000000001,82502.82900125279,8.895967441268713,0.8148845524024161,0.8472826946897734,1.0,1.0,1.0,1.0,1.0,1.0,1.0,1.0,False,1e-24,False
UniGCN,random,5,1,base,14466.299905457336,2566.0769381571254,1893.2183701474796,4058.703033608284,2919.2994533576316,3.5642666599818833,0.6322406238910812,0.6485180435909016,0.019696751026621988,0.03814203885805545,0.027083421761740056,0.04916064720940266,0.03538423456137853,0.4006609380613425,0.775865270763975,0.7654092874260249,False,1e-24,False
UniGCN,random,5,1,restart,33791.99372663616,4694.038460750739,3896.9347867523757,6805.321100306607,5394.553560416256,4.965525245401528,0.6897600262446475,0.7223831857648068,0.0460098637161278,0.0697719521612405,0.05574757253141882,0.08242879239712458,0.06538628584886878,0.5581770929563296,0.8464512233188364,0.8525881506753803,False,1e-24,False
UniGCN,random,5,2,base,1375.7572469947763,295.0122336567241,193.29760489939804,624.4802664307733,443.163913277131,2.203043588323356,0.47241241959953534,0.4361763201114258,0.0018731775329021377,0.004385047039087454,0.0027652174950197504,0.007563956715489016,0.0053714996036124,0.24764519461968323,0.5797292612883438,0.5147943217123403,False,1e-24,False
UniGCN,random,5,2,restart,12774.904647371564,1611.6697290161183,1393.3146211928183,2402.0234805949312,1978.2946635214282,5.318392909384668,0.6709633532045828,0.7043008541066746,0.017393813060186177,0.023955777987947614,0.019932052280701572,0.029094276654492865,0.023978507009637065,0.5978431176256842,0.8233845533412929,0.8312465939889749,False,1e-24,False
UniGCN,random,5,3,base,311.6154796922397,56.24127816041908,37.313472564774344,186.49851725272754,158.15979467420908,1.6708737650174659,0.30156421074493317,0.2359226163743813,0.00042428351130920273,0.0008359675367185182,0.0005337876130940865,0.0022589452186619124,0.001917022683813757,0.18782372755392768,0.3700698581852747,0.2784461642530805,False,1e-24,False
UniGCN,random,5,3,restart,10238.413660290003,1141.2304895246602,1054.2980112075609,1644.7940716482578,1450.2460860322012,6.2247389121666945,0.6938439949391516,0.7269786978650404,0.013940225634214954,0.016963192736032407,0.015082252607697754,0.01992240881356901,0.017578137666166328,0.6997259098869795,0.8514629377788343,0.8580119745408215,False,1e-24,False
UniGCN,random,5,4,base,123.63833996342521,14.485895799716323,10.394910803553987,93.74124222278918,95.76131887844389,1.3189321693602203,0.15453065754439826,0.10855020508592753,0.00016834115257666817,0.00021531762834957146,0.0001487043216501169,0.00113543171296983,0.0011607034575382836,0.14826180267270836,0.18963503123088543,0.12811568767573192,False,1e-24,False
UniGCN,random,5,4,restart,9692.590309580499,1027.5009438954462,977.322058973931,1441.6020624019332,1314.0894814212415,6.723485323981249,0.7127493576025202,0.7437256539919316,0.013197053799419385,0.015272722476082292,0.013981073677296528,0.017461265290721086,0.015927811171193747,0.7557902351115584,0.8746629881511631,0.8777774627678918,False,1e-24,False
UniGCN,random,5,5,base,71.89325909834245,4.640428899656436,3.679672774727663,65.88967467939175,74.81643828000044,1.0911157089204515,0.07042725468346892,0.04918267775534157,9.788706401823417e-05,6.897510233494858e-05,5.263953238282721e-05,0.0007980822998957332,0.0009068348223412359,0.12265284423802256,0.08642605197980202,0.05804754194035494,False,1e-24,False
UniGCN,random,5,5,restart,9530.012918704415,992.4778758281544,954.2357552742825,1372.070127937824,1267.3785926047362,6.945718534830075,0.7233434032412146,0.7529208405778121,0.012975694750348654,0.014752141349582503,0.013650812725957622,0.016619066472115113,0.015361637994080074,0.7807715777610242,0.8876636587461096,0.8886300231276277,False,1e-24,False
UniGCN,random,5,6,base,52.537065958662524,1.7627175197624707,1.521194229717829,54.528526211505806,64.97186382130025,0.9634785608340342,0.03232652048810606,0.02341312285425193,7.1532424643472e-05,2.6200944770907896e-05,2.1761433099639682e-05,0.0006604714899649442,0.0007875107388173764,0.1083050907273359,0.03967006171954305,0.027633189018246716,False,1e-24,False
UniGCN,random,5,6,restart,9470.297312924484,979.9425303058455,945.984021595461,1344.087267608745,1247.9133040644347,7.045894668560483,0.7290765666200034,0.7580526776294517,0.012894388305221832,0.014565816602689127,0.013532767609233094,0.01628012678789662,0.015125703193104873,0.7920324253744819,0.8946992116497529,0.8946868410985397,False,1e-24,False
UniGCN,random,5,7,base,43.43877997887834,0.7617800374517479,0.6929545895101628,48.43666264942065,58.98358363509508,0.8968161223923198,0.015727343623267977,0.01174826191974298,5.914455249344076e-05,1.1323060255022004e-05,9.91305689051349e-06,0.0005866843828660446,0.0007149280133678741,0.10081153380035515,0.019300088063887253,0.01386581124974413,False,1e-24,False
UniGCN,random,5,7,restart,9444.756609497397,974.9570428839689,942.6436714379176,1331.305080007861,1238.464099383458,7.094359325543644,0.7323317979664075,0.7611392788109013,0.012859613077296526,0.014491712567792914,0.013484982254107054,0.01612530377916498,0.015011171306194266,0.7974803608916841,0.8986939264063488,0.8983297824695772,False,1e-24,False
UniGCN,random,5,8,base,38.292760556118054,0.3603076943622994,0.3348143493598484,44.391547565043744,54.62962435260569,0.8626137779947957,0.008116583316550666,0.006128805631149807,5.2137932693582136e-05,5.355595490871323e-06,4.789684263886038e-06,0.0005376883183750452,0.0006621545589882275,0.09696683173469131,0.009960408861134525,0.007233483782403731,False,1e-24,False
UniGCN,random,5,8,restart,9432.425144429599,972.8085178895483,941.1557614437435,1324.7863162912984,1233.2497747424936,7.119959670805934,0.7343135311156429,0.7631509696730004,0.012842823034312398,0.014459777000076246,0.013463696968399316,0.016046345885311265,0.014947969538399308,0.8003581080767208,0.9011258453123988,0.9007040677874613,False,1e-24,False
UniGCN,random,5,9,base,34.89091150241395,0.181048933950379,0.16761403418909868,41.28880357274843,51.088982505490605,0.845045350876739,0.004384940184362123,0.0032808254533369294,4.750610739762779e-05,2.6911022702632734e-06,2.3978013591619918e-06,0.0005001066324218558,0.0006192391597228119,0.0949919563505306,0.005381056950257046,0.003872173329986612,False,1e-24,False
UniGCN,random,5,9,restart,9425.839769074028,971.8206333565302,940.4403188407432,1321.109068687055,1230.0441526062098,7.134793025409793,0.7356096906687237,0.764558180166252,0.012833856643483835,0.014445093133943725,0.013453462209393748,0.016001805580027312,0.014909114844868312,0.8020255326375444,0.9027164504469046,0.9023649190028479,False,1e-24,False
UniGCN,random,5,10,base,32.342420255542535,0.09496768386024851,0.08576353032327406,38.68878118985121,48.013678419950985,0.835963792625924,0.0024546569041353074,0.0017862311979753877,4.403618088489075e-05,1.4115948879765531e-06,1.2268895654863485e-06,0.00046861411324916673,0.0005819640247635861,0.09397109399792292,0.003012275661501458,0.0021081879863360173,False,1e-24,False
UniGCN,random,5,10,restart,9422.010050796594,971.3407900797528,940.0742419984654,1318.8347666667505,1227.8916673621898,7.1441929564914135,0.7365143948507963,0.7656003106674498,0.012828642248102453,0.014437960767553432,0.013448225299762535,0.015974258317184475,0.014883025009282342,0.8030821834339507,0.9038266741950483,0.9035948868845587,False,1e-24,False
UniGCN,random,5,11,base,30.252133929155725,0.05167131348680828,0.044507543988105365,36.39419763002034,45.240652996253324,0.8312350841388455,0.0014197678985011161,0.0009837953486611108,4.1190128361836016e-05,7.680398111040298e-07,6.36702350038551e-07,0.0004408211922240835,0.0005483527479471808,0.09343953759123669,0.0017422933031622733,0.0011611181897457738,False,1e-24,False
UniGCN,random,5,11,restart,9419.61532755685,971.0962017399834,939.8771793557062,1317.3101542806937,1226.3429154171986,7.150643526846838,0.7371811403596462,0.7664064981661043,0.012825381686124673,0.01443432521874311,0.013445406221545522,0.015955791597392122,0.014864252902146869,0.8038072951655314,0.9046448827460439,0.9045463845413705,False,1e-24,False
UniGCN,random,5,12,base,28.433013644743053,0.029239502251291804,0.023324920657695515,34.308094793506285,42.68731923780664,0.8287552490418312,0.0008522624887006595,0.0005464133394686791,3.871328496969555e-05,4.346144943962248e-07,3.336744845140504e-07,0.0004155534737585547,0.0005174043090953698,0.09316077812933597,0.0010458689960290044,0.0006449008611803934,False,1e-24,False
UniGCN,random,5,12,restart,9418.022321008873,970.9660243209848,939.766632663414,1316.2177412938076,1225.1688666619789,7.155368010577948,0.7376940713217788,0.7670506966307798,0.012823212710397339,0.014432390268118656,0.013443824796634946,0.015942559850942433,0.014850022496117981,0.8043383766653571,0.9052743350538835,0.9053066956733138,False,1e-24,False
UniGCN,random,5,13,base,26.792059322163105,0.01737265126200731,0.012313564411781684,32.37923421518133,40.30880297100633,0.8274457371076854,0.0005365368169782708,0.0003054807760140804,3.6479025418245e-05,2.582262167005824e-07,1.7615160702706324e-07,0.0003921903369086885,0.0004885747974823294,0.09301357525985705,0.0006584206503810515,0.0003605417388182702,False,1e-24,False
UniGCN,random,5,13,restart,9416.905280470062,970.8940066179669,939.7025248976672,1315.393122843495,1224.244009701512,7.159004496019767,0.7381017809483285,0.7675778010355795,0.0128216917914669,0.014431319800594422,0.013442907703453673,0.01593257173986791,0.014838812493119746,0.8047471557515923,0.9057746631375951,0.9059288072874222,False,1e-24,False
UniGCN,random,5,14,base,25.28087562758411,0.010982514747547887,0.006538556521405241,30.578644083603045,38.078823789734436,0.8267493993018573,0.00035915636800380426,0.0001717110947940559,3.4421456504138325e-05,1.6324354816928285e-07,9.353727323509926e-08,0.0003703808634157345,0.00046154567365388425,0.09293529959052425,0.0004407450932097696,0.00020266092517908288,False,1e-24,False
UniGCN,random,5,14,restart,9416.086286885502,970.8527814435424,939.6643515513158,1314.7457734416396,1223.4948360929452,7.161906489523674,0.7384338486231594,0.7680166060626776,0.01282057668167152,0.014430707031670216,0.013442361614922314,0.015924730782965593,0.014829731912276205,0.805073370244065,0.9061821658615724,0.9064467041238008,False,1e-24,False
UniGCN,random,5,15,base,23.872937799639896,0.0074757055707648816,0.003489057004827437,28.888698785596073,35.98062143987329,0.8263763618021785,0.0002587761264793371,9.697044868049184e-05,3.250446314445287e-05,1.1111851251672647e-07,4.991267985907716e-08,0.0003499115647480144,0.0004361137899807888,0.09289336626487513,0.0003175617033313759,0.00011444875398522908,False,1e-24,False
UniGCN,random,5,15,restart,9415.46302896376,970.8284784357442,939.6411426142794,1314.222763995014,1222.8755973536606,7.164282408518288,0.738709224214463,0.7683865346955085,0.012819728077938006,0.014430345792981684,0.01344202959964066,0.01591839588172255,0.014822226245539914,0.8053404484466663,0.9065200978919339,0.9068833100348496,False,1e-24,False
UniGCN,random,5,16,base,22.552718221489197,0.005504292858157326,0.0018697582142115682,27.297755183651113,34.00247840231922,0.8261748290202351,0.00020163902933138981,5.498888028362183e-05,3.0706903540321034e-05,8.181553287047174e-08,2.674781266992727e-08,0.0003306414145306578,0.0004121371207986444,0.09287071186744461,0.0002474449033754833,6.490027546680347e-05,False,1e-24,False
UniGCN,random,5,16,restart,9414.973975956282,970.8137920728229,939.626800471443,1313.791304141032,1222.3562130047035,7.1662629721178375,0.7389406437786931,0.7687012922049322,0.012819062202393457,0.0144301274956201,0.013441824428219586,0.01591316986604932,0.014815930893547205,0.8055630845582107,0.906804088505755,0.9072548005791465,False,1e-24,False
UniGCN,random,5,17,base,21.310347535496028,0.004358562391089203,0.0010057959687761726,25.797427103304557,32.135451796450965,0.8260648416665649,0.00016895337560740264,3.129864098836951e-05,2.9015339958430302e-05,6.478545269401584e-08,1.438840698894181e-08,0.0003124688360380881,0.00038950727127142506,0.0928583481358554,0.00020733412494972422,3.694002153534989e-05,False,1e-24,False
UniGCN,random,5,17,restart,9414.580614927347,970.804733453292,939.6178249048799,1313.4299462156487,1221.9159121210043,7.1679351015661945,0.7391370481923656,0.7689709378396498,0.01281852661732325,0.0144299928487539,0.013441696028316748,0.015908792953193415,0.014810594096142446,0.8057510494377358,0.9070451096578844,0.9075730481208555,False,1e-24,False
UniGCN,random,5,18,base,20.138944261539763,0.0036613485924555144,0.0005428997790739696,24.381168957536413,30.3722018104443,0.8260040483134691,0.00015017116688836044,1.7874890416646677e-05,2.7420402843226274e-05,5.442210177322974e-08,7.766448880310846e-09,0.0002953145464817879,0.00036813527703375,0.09285151432564902,0.0001842852051197077,2.10967254833305e-05,False,1e-24,False
UniGCN,random,5,18,restart,9414.25794072469,970.7990514971095,939.6121524428254,1313.1239511877461,1221.5397239579058,7.169359703026748,0.7393049609817892,0.7692031081874209,0.01281808727668508,0.014429908392442292,0.013441614880951672,0.015905086618068626,0.014806034395976374,0.8059111895765075,0.9072511668090829,0.9078470656940058,False,1e-24,False
UniGCN,random,5,19,base,19.033259783081764,0.003210729492085595,0.0002939538526844975,23.043527208390348,28.706375968550102,0.8259698964901341,0.0001393332480331631,1.024001960423514e-05,2.591494588266846e-05,4.772412207475859e-08,4.205154722918982e-09,0.00027911249041170477,0.00034794414101986976,0.09284767530268041,0.00017098526119115322,1.2085717870095827e-05,False,1e-24,False
UniGCN,random,5,19,restart,9413.989148263878,970.7954379737934,939.6085399923475,1312.862738457584,1221.2164530739751,7.170581411522043,0.7394493038277039,0.7694037675526066,0.012817721299329912,0.014429854681213026,0.013441563203067372,0.01590192270418585,0.014802116095381786,0.8060485224189848,0.9074282996869723,0.9080838926308042,False,1e-24,False
UniGCN,random,5,20,base,17.988981852893684,0.00289789616762718,0.0001596136291634662,21.779738597534127,27.132279351104252,0.8259503103003436,0.0001330546808286889,5.8827946999215195e-06,2.449309768873248e-05,4.307418323615276e-08,2.2833516226759303e-09,0.00026380497332284547,0.0003288648362675207,0.09284547360961894,0.00016328040633046905,6.9431309488451946e-06,False,1e-24,False
UniGCN,random,5,20,restart,9413.762563563438,970.7931131046439,939.6062255889877,1312.6384217525629,1220.9374624240886,7.171634174013205,0.7395738971349736,0.7695776847763056,0.012817412790418843,0.014429820124474637,0.013441530094386775,0.015899205689832396,0.014798734506492486,0.8061668639594762,0.9075811965689936,0.9082891573255619,False,1e-24,False
UniGCN,random,5,21,base,17.002371626295847,0.002663838312649013,8.689324790683301e-05,20.585510636562617,25.644693615664245,0.8259387841512837,0.00012940355766145924,3.388351961193135e-06,2.314976759599151e-05,3.959515902340965e-08,1.243050732243249e-09,0.0002493400028653417,0.00031083411230995285,0.09284417794963187,0.00015879986591960284,3.999080805531802e-06,False,1e-24,False
UniGCN,random,5,21,restart,9413.569814925548,970.7916021426827,939.6047357270144,1312.4449338134143,1220.6959141204925,7.172544593984346,0.7396817779790346,0.7697287464126531,0.012817150351373888,0.014429797665611855,0.013441508781177043,0.01589686208591829,0.0147958067486626,0.8062692047084901,0.9077135844560176,0.9084674468590249,False,1e-24,False
UniGCN,random,5,22,base,16.07007121490513,0.0024763276188001977,4.741664156212045e-05,19.456898796370385,24.238774236263435,0.8259317881584985,0.0001272724725927108,1.9562309999645443e-06,2.1880383634288024e-05,3.6808009478229284e-08,6.783184244362275e-10,0.00023566980131262575,0.00029379324963384434,0.09284339152670133,0.00015618466716234864,2.30882916908955e-06,False,1e-24,False
UniGCN,random,5,22,restart,9413.404714317483,970.7906109959575,939.6037729616288,1312.2774826907162,1220.4862790095299,7.17333402308792,0.7397754086318938,0.7698601689517988,0.01281692555681048,0.014429782933256663,0.013441495008343752,0.015894833850420495,0.014793265804145904,0.8063579448155987,0.9078284849687138,0.908622557473191,False,1e-24,False
UniGCN,random,5,23,base,15.188999155409673,0.002317612253481693,2.5930783438799122e-05,18.390235437250073,22.909989288851143,0.8259273899584677,0.00012602406648841956,1.131854891412717e-06,2.0680750203085046e-05,3.444887225154251e-08,3.7095263576521966e-10,0.0002227499447341336,0.0002776873177100783,0.09284289712290997,0.0001546526635176474,1.335864521376939e-06,False,1e-24,False
UniGCN,random,5,23,restart,9413.262557059175,970.7899549187196,939.6031488516994,1312.1322017098707,1220.3040094049236,7.174019923291669,0.7398568175170612,0.7699746469815281,0.012816732001019309,0.014429773181357516,0.013441486080143651,0.01589307414861762,0.014791056551362543,0.8064350471890368,0.9079283873228907,0.9087576694381194,False,1e-24,False
UniGCN,random,5,24,base,14.356291586574262,0.0021778034266266713,1.4208849164953316e-05,17.382086675542745,21.654080580656352,0.8259245195672686,0.0001252901028097463,6.561742075369443e-07,1.954696798036565e-05,3.2370760863957594e-08,2.0326458941627602e-10,0.0002105388405467871,0.00026246470385067085,0.09284257446084786,0.0001537519669999512,7.744454261245097e-07,False,1e-24,False
UniGCN,random,5,24,restart,9413.139673821994,970.7895165469606,939.602743210666,1312.0059164399386,1220.1453138442614,7.174616787829791,0.7399276972630952,0.7700744596152227,0.012816564687985296,0.014429766665421687,0.013441480277248768,0.01589154453052251,0.014789133034768222,0.8065021410202656,0.9080153686576392,0.9088754726628521,False,1e-24,False
UniGCN,random,5,25,base,13.56926741850993,0.002051304443842948,7.799831425863867e-06,16.42922450518475,20.46703699859157,0.8259225756046934,0.00012485704624680218,3.810923597001661e-07,1.8475386498465816e-05,3.049048633083842e-08,1.1158043229883175e-10,0.00019899738983993151,0.0002480767901701987,0.09284235593907514,0.00015322053397466266,4.4978182853091364e-07,False,1e-24,False
UniGCN,random,5,25,restart,9413.033137955,970.7892206446965,939.6024789744172,1311.8959845934228,1220.0069974193652,7.175136785613571,0.7399894748100471,0.7701615490418685,0.01281641963289441,0.014429762267145279,0.013441476497219013,0.015890212991683896,0.014787456529531123,0.8065605942224848,0.908091180067697,0.9089782594035605,False,1e-24,False
UniGCN,random,5,26,base,12.825406250977364,0.0019348742013958042,4.2886937838562005e-06,15.528607380869405,19.345074701687583,0.8259212134359021,0.00012460062605353062,2.2169435114572458e-07,1.7462574078495587e-05,2.8759873048891748e-08,6.135187804356778e-11,0.0001880887521907631,0.00023447771350233133,0.09284220281702289,0.00015290586339646164,2.6165334490502773e-07,False,1e-24,False
UniGCN,random,5,26,restart,9412.940570176585,970.7890186215991,939.602306516511,1311.8001827146838,1219.8863453604529,7.175590226475746,0.7400433628638587,0.7702375799926481,0.012816293596209392,0.014429759264284095,0.01344147403012368,0.0158890526007108,0.0147859941304792,0.8066115657289757,0.9081573097466225,0.9090679944486122,False,1e-24,False
UniGCN,random,5,27,base,12.122333184642637,0.0018265726868321403,2.361643248167057e-06,14.677365604149367,18.284621283065118,0.8259202306179245,0.0001244482651788519,1.2916008549514602e-07,1.650529714993595e-05,2.715008477035316e-08,3.378447048128507e-11,0.00017777816865490993,0.00022162417343031315,0.092842092337979,0.00015271889105267436,1.5244036766552524e-07,False,1e-24,False
UniGCN,random,5,27,restart,9412.860005324565,970.7888788967781,939.602193767031,1311.7166237032613,1219.7810358755637,7.175985906734957,0.7400903986076123,0.7703039858236367,0.012816183902241889,0.014429757187421366,0.013441472417186805,0.01588804050028175,0.014784717695644614,0.8066560443381684,0.9082150304919904,0.9091463695073793,False,1e-24,False
UniGCN,random,5,28,base,11.457807456069931,0.0017251844257654544,1.3022490233450474e-06,13.872789530270984,17.282302350536213,0.8259195045861927,0.0001243574280429349,7.535159360897553e-08,1.560050477648713e-05,2.5643054744927083e-08,1.862931402642187e-11,0.00016803281892285589,0.00020947526963316354,0.09284201072440108,0.00015260741865373247,8.89332380812581e-08,False,1e-24,False
UniGCN,random,5,28,restart,9412.789799306669,970.7887808282859,939.6021199410367,1311.6436951837688,1219.689073272153,7.176331372513389,0.740131473503765,0.7703620049823799,0.012816088312459837,0.014429755729736218,0.013441471361069575,0.015887157160656112,0.014783603035644176,0.8066948783133052,0.9082654362777322,0.9092148462496836,False,1e-24,False
UniGCN,random,5,29,base,10.829713276361288,0.0016299019338113195,7.189690044837285e-07,13.112319513839394,16.334929679180572,0.8259189584978516,0.00012430309771593347,4.401420872965735e-08,1.4745316182317001e-05,2.422678056523823e-08,1.0285205916597112e-11,0.00015882169953778332,0.00019799235828546594,0.0928419493383467,0.00015254074623143502,5.194748931556172e-08,False,1e-24,False
UniGCN,random,5,29,restart,9412.72856252542,970.7887108520005,939.602071534256,1311.5800123222696,1219.608735489783,7.176633125004203,0.7401673567235385,0.7704127103984058,0.012816004934841385,0.014429754689612223,0.013441470668586721,0.015886385808167022,0.014782629277733779,0.8067287984566517,0.908309471005925,0.9092746909937621,False,1e-24,False
UniGCN,random,5,30,base,10.236052010526622,0.0015401511412361053,3.9738648936064626e-07,12.393536996736806,15.439490465912517,0.8259185423194165,0.00012427050822066567,2.5738316315425087e-08,1.3937010103795605e-05,2.2892729287569375e-08,5.684809562107311e-12,0.00015011551594884694,0.00018713892181416073,0.09284190255552766,0.00015250075345556055,3.037748378048603e-08,False,1e-24,False
UniGCN,random,5,30,restart,9412.675111045115,970.7886600069369,939.602039754099,1311.5243808995367,1219.538532124957,7.17689678371761,0.7401987139126617,0.7704570335444103,0.012815932157385749,0.01442975393385375,0.013441470213955914,0.01588571197794981,0.014781778357035959,0.8067584364600671,0.9083479515355052,0.9093270031043272,False,1e-24,False
UniGCN,random,5,31,base,9.67493523217009,0.001455494622144453,2.1986570535391938e-07,11.714156404307712,14.593137418644197,0.8259182222129348,0.00012425091247793277,1.506637668422274e-08,1.3173015333026374e-05,2.1634399035359376e-08,3.1452872647642872e-12,0.0001418865843545023,0.00017688044877130945,0.09284186657220331,0.0001524767061930678,1.7781995051532583e-08,False,1e-24,False
UniGCN,random,5,31,restart,9412.62842987568,970.788622339389,939.6020188650598,1311.4757678422682,1219.4771702792195,7.17712721856996,0.7402261224670575,0.7704957843941617,0.012815868598121944,0.014429753373965208,0.013441469915127915,0.015885123157004213,0.014781034602591652,0.806784339753202,0.9083815864280983,0.9093727385477562,False,1e-24,False
UniGCN,random,5,32,base,9.144578397790456,0.0013755776169015034,1.2175925294620053e-07,11.07201765846571,13.793179522326444,0.8259179744712993,0.00012423910973893105,8.82749715169834e-09,1.2450902105019656e-05,2.044651667919545e-08,1.7418261162759876e-12,0.00013410874101823774,0.00016718432191115527,0.09284183872344633,0.00015246222225302143,1.041859724862015e-08,False,1e-24,False
UniGCN,random,5,32,restart,9412.587644703037,970.7885938686202,939.6020051195859,1311.4332773047072,1219.4235263752369,7.177328658342451,0.7402500841398587,0.7705296681560453,0.01281581306661794,0.014429752950777128,0.013441469718492137,0.01588460849448531,0.014780384395748662,0.8068069836953949,0.9084109914189409,0.9094127296417512,False,1e-24,False
UniGCN,random,5,33,base,8.643294996242702,0.0013000976785503093,6.7485245979112e-08,10.46507919422505,13.037073384022316,0.82591778197076,0.0001242319961866837,5.17641068599177e-09,1.176837413182732e-05,1.9324586662684544e-08,9.65409700416484e-13,0.00012675725768198943,0.0001580197132855208,0.09284181708436766,0.0001524534927314881,6.109425718752672e-09,False,1e-24,False
UniGCN,random,5,33,restart,9412.551999638512,970.7885719136556,939.601996065366,1311.3961309742674,1219.3766226235905,7.177504780836667,0.7402710355660678,0.770559299426074,0.012815764533685131,0.014429752624439636,0.01344146958896706,0.015884158563157304,0.014779815884920437,0.8068267817100998,0.9084367023324038,0.909447701759339,False,1e-24,False
UniGCN,random,5,34,base,8.169491088327485,0.0012287874122237092,3.7432063409664174e-08,9.891411408917403,12.32241509223591,0.8259176320340335,0.0001242277124491982,3.037721350033835e-09,1.112326116786022e-05,1.8264634441937482e-08,5.354841135717268e-13,0.00011980876222041426,0.00014935748557238926,0.09284180022990775,0.00015244823586722082,3.5852512615592553e-09,False,1e-24,False
UniGCN,random,5,34,restart,9412.520839357949,970.7885546534859,939.6019900954624,1311.363651659815,1219.3356071844821,7.177658788578106,0.7402893571319767,0.7705852142422535,0.012815722107059651,0.01442975236788534,0.013441469503564646,0.015883765160608222,0.014779318745130143,0.8068440937947556,0.9084591859662572,0.9094782875559589,False,1e-24,False
UniGCN,random,5,35,base,7.721660183504438,0.0011614045027604186,2.0776653722593623e-08,9.349190497058741,11.646932544294907,0.8259175150975558,0.00012422514046812896,1.7838734485305137e-09,1.0513512034220402e-05,1.7263058256554887e-08,2.972202702231311e-13,0.00011324116396631224,0.00014117009907766982,0.09284178708502178,0.00015244507961513376,2.1054052675815202e-09,False,1e-24,False
UniGCN,random,5,35,restart,9412.49359451842,970.7885408387702,939.6019861555515,1311.3352494804321,1219.2997373155222,7.177793472910738,0.7403053805069367,0.7706078804086608,0.012815685011546323,0.0144297521625441,0.01344146944720228,0.015883421141962596,0.014778883973748432,0.8068592337256875,0.9084788493344149,0.9095050391543916,False,1e-24,False
UniGCN,random,5,36,base,7.298378418222035,0.0010977258200695489,1.153920920810781e-08,8.836692637166399,11.008478206287867,0.8259174238476577,0.0001242236054983518,1.0482111143679057e-09,9.937188053702666e-06,1.631654151206115e-08,1.650740742367682e-13,0.0001070335832990116,0.00013343152397987112,0.09284177682757662,0.00015244319594980642,1.2371444866482266e-09,False,1e-24,False
UniGCN,random,5,36,restart,9412.469769679657,970.7885296022337,939.601983553066,1311.310410149795,1219.2683649684639,7.177911268625133,0.7403193950784982,0.7706277063764947,0.012815652572572956,0.014429751995524783,0.013441469409972442,0.015883120277977166,0.01477850371591439,0.80687247519888,0.9084960475639312,0.909528438626561,False,1e-24,False
UniGCN,random,5,37,base,6.898300010109326,0.001037543820461973,6.4123830493206e-09,8.352288504502827,10.405022276456481,0.8259173526381857,0.0001242226989528223,6.162776858085105e-10,9.392456861398922e-06,1.542199928947442e-08,9.173229953872355e-14,0.00010116628518050902,0.00012611715746496988,0.09284176882288546,0.00015244208346641618,7.273578106468423e-10,False,1e-24,False
UniGCN,random,5,37,restart,9412.448933181831,970.7885203335501,939.6019818325655,1311.2886849746178,1219.2409244194098,7.178014300767055,0.7403316534774655,0.7706450489102425,0.012815624202408322,0.014429751857755536,0.013441469385359834,0.015882857133897983,0.01477817111460379,0.8068840570917547,0.9085110906751686,0.9095489070414791,False,1e-24,False
UniGCN,random,5,38,base,6.520152967878286,0.0009806642514337668,3.56518934219903e-09,7.89443808830052,9.834646226970817,0.8259172970830045,0.0001242221726821953,3.625132272091041e-10,8.87758656346818e-06,1.457654422932281e-08,5.1001790463144097e-14,9.5620616379609e-05,0.00011920374544758313,0.0928417625779007,0.0001524414376441025,4.2785392582795024e-10,False,1e-24,False
UniGCN,random,5,38,restart,9412.430708582417,970.7885125964874,939.6019806942332,1311.2696822729731,1219.2169216048912,7.178104424916452,0.7403423763399373,0.7706602197231706,0.01281559938850293,0.014429751742752224,0.013441469369075431,0.01588262696551566,0.014777880181373874,0.8068941879909505,0.9085242494256198,0.9095668122967416,False,1e-24,False
UniGCN,random,5,39,base,6.162735040151185,0.0009269046048160483,1.983099220894195e-09,7.461685794895597,9.29553670172164,0.8259172537614757,0.00012422187563166043,2.133388619214318e-10,8.390940221217519e-06,1.3777463539341255e-08,2.8369211624896557e-14,9.037894615910363e-05,0.00011266930860735076,0.0928417577081067,0.00015244107311328156,2.5179183200424544e-10,False,1e-24,False
UniGCN,random,5,39,restart,9412.41476735747,970.7885060738116,939.6019799405036,1311.253059981288,1219.1959249010008,7.178183261964542,0.7403517564242443,0.7706734912330023,0.012815577683551361,0.014429751645799498,0.013441469358292957,0.01588242562961831,0.014777625684599102,0.8069030501016328,0.9085357603620825,0.9095824759116307,False,1e-24,False
UniGCN,random,5,40,base,5.824909888573473,0.0008760930064362131,1.1035346284187878e-09,7.052655820124474,8.785979749720262,0.8259172199999217,0.00012422171573101814,1.256017723525852e-10,7.930970640561528e-06,1.3022202490451805e-08,1.5786606680677266e-14,8.542461022437587e-05,0.00010649307249314868,0.0928417539129541,0.00015244087688837853,1.4824069125898223e-10,False,1e-24,False
UniGCN,random,5,40,restart,9412.400822644076,970.7885005304912,939.6019794410686,1311.2385192651636,1219.1775571315195,7.178252228220781,0.7403599621787611,0.7706851015628632,0.012815558696972233,0.014429751563403863,0.013441469351148292,0.01588224950660324,0.014777403052603283,0.8069108026318319,0.9085458301989601,0.9095961789294471,False,1e-24,False
UniGCN,random,5,41,base,5.505603472044911,0.0008280673661465314,6.143133623862855e-10,6.666047775733063,8.304355375216273,0.8259171937062005,0.00012422163686870202,7.397484026510447e-11,7.496215448932095e-06,1.2308351782831335e-08,8.788055382160891e-15,8.074185774870472e-05,0.00010065540146617486,0.09284175095726419,0.0001524407801110916,8.730833372230013e-11,False,1e-24,False
UniGCN,random,5,41,restart,9412.388623850879,970.7884957889789,939.601979109902,1311.2257989839252,1219.1614886283949,7.178312561531798,0.7403671408396993,0.7706952588922338,0.012815542087570105,0.014429751492926262,0.013441469346410792,0.015882095433429323,0.014777208289547043,0.8069175847284858,0.9085546396197757,0.909608167052696,False,1e-24,False
UniGCN,random,5,42,base,5.203800629992396,0.0007826746880718034,3.4209039740034585e-10,6.300632555636953,7.849132386899818,0.8259171732426676,0.0001242216049199016,4.358321156250261e-11,7.085292443195655e-06,1.1633637293467315e-08,4.8937717167370925e-15,7.631580130374214e-05,9.513773626817853e-05,0.09284174865694855,0.00015244074090455575,5.1438807656115644e-11,False,1e-24,False
UniGCN,random,5,42,restart,9412.377951999833,970.7884917125061,939.6019788901651,1311.214670885392,1219.1474311971779,7.17836534397847,0.7403734211248455,0.7707041452464,0.012815527557192993,0.014429751432333774,0.013441469343267348,0.015881960645414146,0.014777037902284119,0.806923518028829,0.9085623465828389,0.9096186551155608,False,1e-24,False
UniGCN,random,5,43,base,4.918541853475897,0.0007397704836516795,1.905568998349011e-10,5.955248428777486,7.418863529643241,0.825917157327657,0.00012422159923285386,2.5685456953548327e-11,6.6968951933166675e-06,1.0995911351648293e-08,2.72601035845445e-15,7.213236953461101e-05,8.99225350142913e-05,0.09284174686793452,0.00015244073392559448,3.031509685554581e-11,False,1e-24,False
UniGCN,random,5,43,restart,9412.368615689093,970.7884881937006,939.601978744271,1311.204935428074,1219.1351328633443,7.178411521625491,0.7403789155787182,0.7707119197996184,0.01281551484523559,0.014429751380030425,0.01344146934118026,0.015881842725630736,0.014776888836682583,0.8069287088804509,0.9085690891991475,0.9096278309824435,False,1e-24,False
UniGCN,random,5,44,base,4.648920233650034,0.0006992182541767629,1.0617656040809853e-10,5.628797346110441,7.012180883211063,0.8259171449585917,0.0001242216074202654,1.5141731534951147e-11,6.329788887501652e-06,1.0393145047406507e-08,1.5189080203776997e-15,6.817826242866328e-05,8.499321742172726e-05,0.09284174547752191,0.00015244074397292143,1.7870932133808287e-11,False,1e-24,False
UniGCN,random,5,44,restart,9412.360447586765,970.7884851467583,939.6019786473454,1311.196418144414,1219.1243732942462,7.178451921724283,0.7403837226161767,0.770718721756344,0.012815503723865305,0.014429751334740828,0.01344146933979369,0.015881739560857727,0.014776758422135246,0.8069332502750838,0.9085749882402379,0.9096358589485146,False,1e-24,False
UniGCN,random,5,45,base,4.394078577745737,0.0006608890232059631,5.917541819968762e-11,5.320241449978328,6.627791513257772,0.8259171353517492,0.00012422162216127526,8.928376531053706e-12,5.982806405432038e-06,9.823421281392867e-09,8.465335189540982e-16,6.44409090355902e-05,8.033411209641224e-05,0.0928417443976121,0.00015244076206261258,1.0537659493119671e-11,False,1e-24,False
UniGCN,random,5,45,restart,9412.35330138092,970.7884825020027,939.6019785829149,1311.1889664719538,1219.1149598068866,7.178487267710125,0.7403879283045872,0.7707246728657583,0.012815493993869505,0.014429751295429314,0.01344146933887198,0.01588164930319711,0.01477664432317072,0.806937223534437,0.9085801493252015,0.9096428827074696,False,1e-24,False
UniGCN,random,5,46,base,4.153206683315561,0.0006246609070645167,3.298772531850587e-11,5.028599774775111,6.2644733607582905,0.8259171278949717,0.00012422163923205695,5.265841742603057e-12,5.654844606982653e-06,9.284928380781099e-09,4.719056670107891e-16,6.090842750454349e-05,7.593040670960709e-05,0.09284174355939215,0.00015244078301132445,6.214976153302775e-12,False,1e-24,False
UniGCN,random,5,46,restart,9412.34704912311,970.7884802020501,939.6019785400613,1311.1824469900707,1219.1067238845028,7.178518192285094,0.7403916079189258,0.7707298796172323,0.012815485481038563,0.014429751261242933,0.01344146933825894,0.015881570336604537,0.014776544497231616,0.8069406997808569,0.9085846648290575,0.90964902794271,False,1e-24,False
UniGCN,random,5,47,base,3.9255387620181406,0.0005904187161112647,1.8392992573981295e-11,4.752945128425212,5.921071356786668,0.8259171221105145,0.0001242216562905887,3.106362255354252e-12,5.344860824546885e-06,8.775954172524558e-09,2.6312082282556943e-16,5.756958731135188e-05,7.176810090593085e-05,0.0928417429091585,0.00015244080394500358,3.666264252560504e-12,False,1e-24,False
UniGCN,random,5,47,restart,9412.341578912468,970.7884781990689,939.6019785115434,1311.1767430089155,1219.0995181356755,7.178545248837189,0.7403948272993949,0.77073443515788,0.012815478033012617,0.014429751231470722,0.013441469337850977,0.015881501247685507,0.014776457157816536,0.8069437412209558,0.9085886155487756,0.9096544045905234,False,1e-24,False
UniGCN,random,5,48,base,3.7103510047108847,0.0005580535820658629,1.0257297683039136e-11,4.492401144774075,5.596493750282242,0.8259171176258527,0.0001242216721262829,1.8328078509016185e-12,5.051869547761642e-06,8.29488044396658e-09,1.4673569814549574e-16,5.441377355588752e-05,6.78339617929618e-05,0.09284174240503551,0.00015244082337805595,2.1631597840820866e-12,False,1e-24,False
UniGCN,random,5,48,restart,9412.336792875178,970.7884764527878,939.6019784925556,1311.171752464607,1219.0932136387291,7.178568921411574,0.7403976440370978,0.7707384209678662,0.01281547151653048,0.014429751205514086,0.013441469337579347,0.01588144080020115,0.014776380742292091,0.8069464022664847,0.9085920721582973,0.9096591088173548,False,1e-24,False
UniGCN,random,5,49,base,3.5069592800812317,0.0005274626082116406,5.72119070582076e-12,4.246139497529668,5.289708637123452,0.825917114150753,0.0001242216861971938,1.0815701011713847e-12,4.7749392900532265e-06,7.840177743473326e-09,8.184445244582142e-17,5.143095321620236e-05,6.411548187084747e-05,0.09284174201439788,0.0001524408406454233,1.2765162181996342e-12,False,1e-24,False
UniGCN,random,5,49,restart,9412.332605400625,970.7884749290198,939.6019784799074,1311.1673860810663,1219.0876976218758,7.178589633420521,0.7404001085098667,0.7707419083244195,0.012815465815028074,0.014429751182864875,0.013441469337398409,0.01588138791280361,0.014776313883774388,0.8069487305134218,0.908595096479671,0.9096632247476991,False,1e-24,False
UniGCN,random,5,50,base,3.3147169594794383,0.0004985485401968927,3.1915811337473646e-12,4.01337726690611,4.999740679471763,0.825917111459281,0.00012422169834564817,6.3834933416678e-13,4.513189627014296e-06,7.4104004872407044e-09,4.5657140927361106e-17,4.861164325225423e-05,6.060083926814005e-05,0.09284174171184821,0.00015244085555361406,7.534077329414915e-13,False,1e-24,False
UniGCN,random,5,50,restart,9412.328941600976,970.7884735985513,939.6019784714783,1311.1635657641916,1219.0828714361433,7.178607755253742,0.7404022647874158,0.770744959581442,0.012815460826541041,0.014429751163088858,0.013441469337277826,0.015881341639585652,0.014776255386559311,0.8069507675974534,0.9085977425938263,0.9096668259743519,False,1e-24,False
UniGCN,random,5,51,base,3.1330128610226557,0.00047121945570759405,1.7806768708723187e-12,3.79337445060422,4.725668004954235,0.8259171093756958,0.00012422170862476728,3.768095577187216e-13,4.2657883971759805e-06,7.004182346605172e-09,2.54734601542313e-17,4.5946880457899944e-05,5.727886015741929e-05,0.09284174147763138,0.000152440868167817,4.447270787900227e-13,False,1e-24,False
UniGCN,random,5,51,restart,9412.325735965329,970.7884724362855,939.6019784658582,1311.160223198639,1219.0786487837534,7.17862361092949,0.7404041514224706,0.7707476292881329,0.012815456461872285,0.014429751145812998,0.013441469337197427,0.015881301153084285,0.014776204204649054,0.8069525499416282,0.9086000578114227,0.9096699768786577,False,1e-24,False
UniGCN,random,5,52,base,2.961269306423255,0.00044538847162728406,9.936157652918595e-13,3.58543161122117,4.466619275825699,0.8259171077633997,0.00012422171719392753,2.224536509456987e-13,4.03194905626094e-06,6.6202318952829415e-09,1.421416317570236e-17,4.342819296537269e-05,5.4138983231203794e-05,0.0928417412963924,0.00015244087868361366,2.625495036543247e-13,False,1e-24,False
UniGCN,random,5,52,restart,9412.322931183602,970.7884714205729,939.6019784621093,1311.1572986213928,1219.0749541695006,7.178637483908394,0.7404058021423531,0.7707499651670037,0.012815452642990628,0.014429751130715499,0.013441469337143798,0.015881265729425782,0.014776159422981596,0.8069541094098925,0.9086020835215404,0.9096727337848065,False,1e-24,False
UniGCN,random,5,53,base,2.7989402843555964,0.00042097346752094193,5.544991207139753e-13,3.3888876526138114,4.221770918792326,0.8259171065162945,0.00012422172425699912,1.3134277803794115e-13,3.810928176495029e-06,6.257328499248188e-09,7.932383178619137e-18,4.104757331169829e-05,5.1171226125206194e-05,0.0928417411562047,0.00015244088735118697,1.5501647662712075e-13,False,1e-24,False
UniGCN,random,5,53,restart,9412.320477118477,970.788470532678,939.601978459608,1311.154739749655,1219.071721546853,7.178649622176263,0.7404072464536376,0.7707520089690603,0.01281544930163105,0.014429751117517873,0.013441469337108014,0.01588123473533981,0.014776120241020362,0.8069554738784507,0.9086038559336941,0.909675145969157,False,1e-24,False
UniGCN,random,5,54,base,2.6455097145162054,0.0003978968244286557,3.094764990033732e-13,3.203117718149207,3.9903445066892678,0.8259171055520267,0.00012422173002700766,7.755633592151708e-14,3.60202308301918e-06,5.914318434175242e-09,4.4272138280604995e-18,3.879745298145841e-05,4.836615368218071e-05,0.09284174104781089,0.00015244089443195507,9.153537114305609e-14,False,1e-24,False
UniGCN,random,5,54,restart,9412.318329906615,970.7884697563443,939.6019784579378,1311.1525008435103,1219.0688931341538,7.178660242688277,0.7404085101708627,0.7707537972216458,0.012815446378070932,0.014429751105978486,0.013441469337084122,0.015881207616806083,0.01477608595840565,0.8069566677353398,0.9086054067266517,0.9096772565428731,False,1e-24,False
UniGCN,random,5,55,base,2.5004898068540045,0.00037608517806058886,1.7274072874301604e-13,3.0275312041626634,3.77160428368804,0.8259171048067118,0.00012422173470697697,4.5800332100085164e-14,3.4045696198811383e-06,5.590111216940968e-09,2.471141251187518e-18,3.667067834499349e-05,4.571484795546549e-05,0.09284174096402968,0.00015244090017506223,5.405555003912199e-14,False,1e-24,False
UniGCN,random,5,55,restart,9412.31645117279,970.7884690774393,939.6019784568228,1311.1505418863171,1219.0664183794458,7.178669535255305,0.7404096158788845,0.7707553618824753,0.012815443820060063,0.014429751095887278,0.013441469337068173,0.0158811838891269,0.014776055962407478,0.806957712317291,0.908606763615819,0.9096791032238443,False,1e-24,False
UniGCN,random,5,56,base,2.363419510750962,0.00035546918556401535,9.642692327088622e-14,2.8615698823092166,3.564854826165637,0.8259171042308219,0.00012422173848054358,2.7049326823387965e-14,3.217940038500174e-06,5.283676138861662e-09,1.3794346565150432e-18,3.4660487915567056e-05,4.320887985685322e-05,0.09284174089929362,0.00015244090480586125,3.1924795576394826e-14,False,1e-24,False
UniGCN,random,5,56,restart,9412.314807342655,970.7884684836594,939.6019784560777,1311.1488278679738,1219.0642530551818,7.178677665942609,0.7404105833372358,0.770756730911661,0.012815441581884916,0.014429751087061361,0.013441469337057513,0.015881163128245803,0.014776029716952743,0.8069586262917808,0.9086079508494564,0.9096807190118148,False,1e-24,False
UniGCN,random,5,57,base,2.233863049220293,0.0003359833050959427,5.383131047713044e-14,2.704706124840293,3.3694388317987145,0.8259171037859789,0.00012422174150834292,1.597634299489377e-14,3.0415410018883974e-06,4.994038989271589e-09,7.70083424410111e-19,3.2760490853201216e-05,4.0840282358651605e-05,0.0928417408492886,0.0001524409085214788,1.8855976989761838e-14,False,1e-24,False
UniGCN,random,5,57,restart,9412.31336904172,970.7884679642799,939.6019784555797,1311.1473281580943,1219.0623584664659,7.178684780042362,0.7404114298337837,0.7707579287720467,0.01281543962355033,0.014429751079341331,0.013441469337050389,0.015881144963155208,0.01477600675302849,0.8069594259911727,0.9086089896426762,0.9096821327789002,False,1e-24,False
UniGCN,random,5,58,base,2.111408533460324,0.00031756558748694794,3.0053952088816345e-14,2.556441227164173,3.184735029853863,0.8259171034424607,0.00012422174392767845,9.436876791032573e-15,2.8748116982812063e-06,4.720278958824694e-09,4.299365951985427e-19,3.096464664685287e-05,3.860152516473712e-05,0.09284174081067356,0.00015244091149040924,1.1137813683882472e-14,False,1e-24,False
UniGCN,random,5,58,restart,9412.31211056967,970.7884675099442,939.6019784552468,1311.1460159577716,1219.0607007585434,7.17869100467359,0.7404121704940685,0.7707589768668556,0.01281543791006376,0.014429751072588108,0.013441469337045627,0.015881129069255952,0.014775986660288124,0.8069601257049778,0.9086098985570525,0.909683369786118,False,1e-24,False
UniGCN,random,5,59,base,1.9956666533579965,0.00030015747932687925,1.6780134148795768e-14,2.4163038223579267,3.0101562060303046,0.8259171031772587,0.00012422174585395205,5.574506105423964e-15,2.71722205817782e-06,4.461525712570347e-09,2.4004808823770846e-19,2.92672459103431e-05,3.648549077007524e-05,0.09284174078086208,0.00015244091385426995,6.579275300158267e-15,False,1e-24,False
UniGCN,random,5,59,restart,9412.311009440575,970.788467112483,939.6019784550246,1311.1448678200525,1219.05925031107,7.178696451056363,0.7404128185518845,0.770759893922518,0.012815436410809232,0.014429751066680265,0.013441469337042447,0.015881115162549083,0.014775969079709482,0.8069607379354978,0.9086106938326706,0.9096844521352184,False,1e-24,False
UniGCN,random,5,60,base,1.8862694397778734,0.00028370363684308446,9.369446589762632e-15,2.2838483825906706,2.845147335575545,0.8259171029725686,0.00012422174738292688,3.2931323002530152e-15,2.568271069122146e-06,4.216956623448672e-09,1.3403455072373457e-19,2.7662892230991645e-05,3.448545183259524e-05,0.09284174075785276,0.0001524409157305785,3.8866984076179825e-15,False,1e-24,False
UniGCN,random,5,60,restart,9412.310045980686,970.788466764762,939.6019784548758,1311.14386323049,1219.0579812082597,7.178701216501112,0.7404133855859752,0.7707606963235636,0.012815435098999737,0.014429751061511757,0.01344146933704032,0.015881102994555352,0.014775953697172597,0.8069612736214455,0.9086113896785902,0.9096853991639381,False,1e-24,False
UniGCN,random,5,61,base,1.7828690947009136,0.00026815174997820205,5.231844577195858e-15,2.1586538026941486,2.6891838187387274,0.8259171028146199,0.00012422174859328078,1.9455139290737223e-15,2.4274851828652627e-06,3.98579415739166e-09,7.484411492638856e-20,2.6146485013252766e-05,3.259504978547939e-05,0.09284174074009767,0.0001524409172158857,2.296180414479088e-15,False,1e-24,False
UniGCN,random,5,61,restart,9412.309202976596,970.7884664605457,939.6019784547761,1311.1429842402297,1219.0568707753869,7.178705386148836,0.7404138817270872,0.770761398405587,0.012815433951198172,0.014429751056989902,0.013441469337038893,0.015881092347870995,0.014775940237841732,0.8069617423335615,0.9086119985269363,0.9096862277917713,False,1e-24,False
UniGCN,random,5,62,base,1.6851368854932474,0.0002534523761080512,2.921568250543316e-15,2.0403220613777546,2.5417698129518205,0.8259171026927661,0.00012422174954913938,1.149422829579688e-15,2.2944168098448102e-06,3.76730340171423e-09,4.179447357095412e-20,2.4713203262811946e-05,3.080827462187053e-05,0.09284174072640003,0.0001524409183888845,1.3565989684240407e-15,False,1e-24,False
UniGCN,random,5,62,restart,9412.308465367474,970.788466194384,939.6019784547095,1311.1422151450404,1219.0558991733233,7.1787090344934645,0.7404143158391052,0.7707620127115422,0.012815432946898294,0.014429751053033688,0.01344146933703794,0.01588108303228004,0.014775928461250852,0.8069621524457447,0.9086125312551819,0.9096869528224595,False,1e-24,False
UniGCN,random,5,63,base,1.5927620997891587,0.00023955878287132887,1.6315322691846382e-15,1.9284769558318589,2.4024366564362523,0.8259171025987773,0.00012422175030242657,6.791156240534703e-16,2.1686428961943263e-06,3.560789728942727e-09,2.333987312872641e-20,2.3358490259591308e-05,2.911944578772895e-05,0.0928417407158347,0.0001524409193132942,8.0152188674421565e-16,False,1e-24,False
UniGCN,random,5,63,restart,9412.307819975802,970.7884659615123,939.6019784546648,1311.1415422045243,1219.0550490438306,7.178712226713644,0.7404146956775164,0.7707625502159597,0.012815432068158107,0.014429751049572295,0.013441469337037302,0.015881074881353246,0.014775918157004284,0.806962511284758,0.9086129973806104,0.9096875872086223,False,1e-24,False
UniGCN,random,5,64,base,1.5054510576653397,0.0002264267996120125,9.111545031201094e-16,1.8227629056965917,2.270741378223303,0.8259171025262951,0.00012422175089495834,4.012585985608913e-16,2.0497635787581513e-06,3.3655965886622586e-09,1.3034514183479159e-20,2.2078039070937394e-05,2.752319412209274e-05,0.09284174070768694,0.00015244092004043004,4.735829034107787e-16,False,1e-24,False
UniGCN,random,5,64,restart,9412.30725527181,970.7884657577638,939.601978454635,1311.1409533964747,1219.0543051992458,7.178715019837862,0.7404150280280414,0.770763020521111,0.012815431299279126,0.014429751046543787,0.013441469337036873,0.015881067749472802,0.014775909141015453,0.8069628252612016,0.908613405230439,0.9096881422832795,False,1e-24,False
UniGCN,random,5,65,base,1.4229261779656586,0.00021401467696279103,5.088661552057572e-16,1.7228438225937333,2.1462652898512697,0.8259171024704085,0.0001242217513602556,2.3709378221413636e-16,1.9374009138355647e-06,3.1811034203718512e-09,7.27958111912838e-21,2.086777885893572e-05,2.6014444787325767e-05,0.0928417407014047,0.00015244092061142783,2.7982842527067853e-16,False,1e-24,False
UniGCN,random,5,65,restart,9412.306761167405,970.7884655794942,939.601978454615,1311.1404382019746,1219.0536543510013,7.178717463763776,0.7404153188279203,0.7707634320286251,0.012815430626525796,0.014429751043893995,0.013441469337036589,0.01588106150922934,0.014775901252216337,0.8069630999840948,0.9086137620906569,0.9096886279624001,False,1e-24,False
UniGCN,random,5,66,base,1.344925095807934,0.0002022829541237035,2.8420315295106917e-16,1.6284020416277531,2.028612654262101,0.825917102427325,0.0001242217517250845,1.4009729869029476e-16,1.8311976756123477e-06,3.0067236807207973e-09,4.0656661580938085e-21,1.972386193832065e-05,2.4588401135084675e-05,0.09284174069656166,0.00015244092105913407,1.6534894382752667e-16,False,1e-24,False
UniGCN,random,5,66,restart,9412.306328835879,970.7884654235155,939.6019784546015,1311.1399874173828,1219.053084872116,7.1787196021500055,0.7404155732720238,0.7707637920896365,0.012815430037880013,0.014429751041575537,0.013441469337036395,0.015881056049144655,0.014775894349678662,0.8069633403611244,0.9086140743362415,0.9096890529221139,False,1e-24,False
UniGCN,random,5,67,base,1.2711998284669417,0.00019119433341455277,1.5873281999209022e-16,1.539137311459065,1.9174094276656284,0.8259171023941165,0.000124221752010745,8.27850419956166e-17,1.7308162204595442e-06,2.8419029788620256e-09,2.270751213417211e-21,1.864265154383557e-05,2.3240529456711273e-05,0.09284174069282869,0.0001524409214096874,9.770651816030276e-17,False,1e-24,False
UniGCN,random,5,67,restart,9412.305950554148,970.7884652870398,939.6019784545928,1311.1395929898472,1219.0525865893949,7.178721473196357,0.7404157959056898,0.770764107136153,0.012815429522826327,0.01442975103954697,0.01344146933703627,0.01588105127167935,0.014775888310095207,0.8069635506863492,0.9086143475450849,0.9096894247537569,False,1e-24,False
UniGCN,random,5,68,base,1.2015159869817331,0.00018071356170271238,8.865759314983145e-17,1.4547658397387417,1.8123020703715018,0.8259171023685232,0.00012422175223413708,4.891987632705051e-17,1.6359374134886643e-06,2.686117314000972e-09,1.2682905604125289e-21,1.762071026815336e-05,2.1966544569568424e-05,0.09284174068995173,0.00015244092168382694,5.773737222965728e-17,False,1e-24,False
UniGCN,random,5,68,restart,9412.305619564759,970.788465167628,939.6019784545864,1311.1392478733912,1219.052150601631,7.1787231103264535,0.7404159907059477,0.7707643827959868,0.012815429072164056,0.014429751037772038,0.01344146933703618,0.015881047091489717,0.01477588302557625,0.8069637347169346,0.9086145865976688,0.9096897500995188,False,1e-24,False
UniGCN,random,5,69,base,1.1356520309807168,0.00017080731832971752,4.951941022258126e-17,1.3750193908699413,1.7129564228081995,0.825917102348802,0.00012422175240863468,2.8908739045094773e-17,1.5462596139505112e-06,2.538871409542051e-09,7.083995663671465e-22,1.6654789133599093e-05,2.076239619349524e-05,0.09284174068773486,0.00015244092189796476,3.411935499954889e-17,False,1e-24,False
UniGCN,random,5,69,restart,9412.305329955137,970.7884650631461,939.6019784545826,1311.138945903007,1219.0517691205428,7.178724542784975,0.7404161611525811,0.7707646239933167,0.012815428677842864,0.014429751036219024,0.013441469337036126,0.0158810434339027,0.014775878401721615,0.8069638957402895,0.9086147957642715,0.9096900347711301,False,1e-24,False
UniGCN,random,5,70,base,1.0733985643553847,0.00016144410918062874,2.7659502549555046e-17,1.299644433227651,1.6190566431557298,0.8259171023336072,0.0001242217525447974,1.7083715178514975e-17,1.4614977162519358e-06,2.3996971385409936e-09,3.956828145562356e-22,1.574181726293182e-05,1.9624256074069227e-05,0.0928417406860268,0.00015244092206505926,2.0162945951315645e-17,False,1e-24,False
UniGCN,random,5,70,restart,9412.305076551946,970.7884649717269,939.6019784545797,1311.138681684491,1219.0514353316096,7.17872579616021,0.7404163102903061,0.7707648350366667,0.01281542833281894,0.014429751034860173,0.013441469337036082,0.015881040233581528,0.014775874355933886,0.8069640366328054,0.9086149787812701,0.9096902838536988,False,1e-24,False
UniGCN,random,5,71,base,1.014557669543438,0.00015259416655961672,1.5449761605379083e-17,1.2284013331255779,1.5303042032145227,0.8259171023219013,0.00012422175265094506,1.0095876083281782e-17,1.3813822435416438e-06,2.26815203546056e-09,2.2101645339740944e-22,1.4878892116346628e-05,1.8548505811737502e-05,0.09284174068471093,0.0001524409221953202,1.1915593398232117e-17,False,1e-24,False
UniGCN,random,5,71,restart,9412.304854828642,970.7884648917372,939.601978454578,1311.1384504980651,1219.0511432723124,7.178726892841231,0.7404164407831696,0.7707650196958874,0.012815428030929117,0.014429751033671211,0.013441469337036058,0.015881037433358343,0.014775870815942583,0.8069641599112491,0.908615138917897,0.909690501796567,False,1e-24,False
UniGCN,random,5,72,base,0.9589422783048219,0.00014422935455363643,8.629923314085851e-18,1.1610635929676432,1.4464169393181536,0.8259171023128843,0.00012422175273362125,5.9664147172903196e-18,1.305658490983331e-06,2.1438178895009455e-09,1.2345530582858937e-22,1.4063270263658466e-05,1.7531725358123055e-05,0.09284174068369733,0.00015244092229677777,7.041822941367735e-18,False,1e-24,False
UniGCN,random,5,72,restart,9412.304660824617,970.7884648217482,939.6019784545769,1311.1382482140455,1219.0508877256004,7.178727852417927,0.7404165549621472,0.7707651812695078,0.012815427766780785,0.014429751032630899,0.013441469337036042,0.015881034983212756,0.014775867718512893,0.8069642677777292,0.90861527903465,0.9096906924928027,False,1e-24,False
UniGCN,random,5,73,base,0.9063755769902134,0.00013632307958345608,4.8205780584149285e-18,1.097417131161997,1.367128155272547,0.8259171023059393,0.0001242217527979637,3.526061576468602e-18,1.2340857159923985e-06,2.0262994150347584e-09,6.896074470335464e-23,1.3292358662330386e-05,1.6570682142933396e-05,0.09284174068291663,0.00015244092237573677,4.161611701227587e-18,False,1e-24,False
UniGCN,random,5,73,restart,9412.304491074432,970.788464760509,939.6019784545759,1311.1380712190603,1219.0506641266818,7.178728692030985,0.740416654866788,0.7707653226436649,0.012815427535655538,0.014429751031720641,0.013441469337036029,0.01588103283937815,0.014775865008315906,0.806964362159039,0.908615401634398,0.9096908593487505,False,1e-24,False
UniGCN,random,5,74,base,0.8566904444111604,0.00012885020585777336,2.6927602695511943e-18,1.0372596015082511,1.2921857744696974,0.825917102300591,0.00012422175284800043,2.083880137634452e-18,1.166436372861808e-06,1.9152229949212476e-09,3.852126264643774e-23,1.256370641361738e-05,1.5662320796903534e-05,0.09284174068231543,0.0001524409224371402,2.459486250214812e-18,False,1e-24,False
UniGCN,random,5,74,restart,9412.3043425459,970.788464706926,939.6019784545756,1311.137916351495,1219.0504684814707,7.17872942667811,0.7404167422816511,0.7707654463436658,0.01281542733342487,0.014429751030924186,0.013441469337036025,0.01588103096355977,0.01477586263694012,0.8069644447410774,0.9086155089070944,0.9096910053448881,False,1e-24,False
UniGCN,random,5,75,base,0.8097289205247286,0.00012178697546170992,1.5041878118653725e-18,0.9803997498941089,1.221351538480294,0.8259171022964722,0.00012422175288688507,1.2315764662948774e-18,1.1024953893437723e-06,1.8102354927056949e-09,2.1518147911508644e-23,1.1874996970616628e-05,1.4803753438100262e-05,0.09284174068185244,0.0001524409224848582,1.4535602745265683e-18,False,1e-24,False
UniGCN,random,5,75,restart,9412.304212585927,970.7884646600417,939.6019784545753,1311.137780845007,1219.0502972952318,7.178730069481981,0.740416818768188,0.7707655545790993,0.012815427156476426,0.0144297510302273,0.01344146933703602,0.015881029322250568,0.014775860562026556,0.8069645169989712,0.9086156027689017,0.9096911330890687,False,1e-24,False
UniGCN,random,5,76,base,0.7653417042434814,0.00011511093282569101,8.402561803626918e-19,0.9266568062561951,1.1544002495773975,0.8259171022933008,0.00012422175291708376,7.278724867482422e-19,1.0420594828873652e-06,1.7110031299286299e-09,1.2020278737786999e-23,1.1224040773451973e-05,1.3992250490705819e-05,0.09284174068149595,0.00015244092252191704,8.590668631733918e-19,False,1e-24,False
UniGCN,random,5,76,restart,9412.30409887311,970.788464619019,939.6019784545747,1311.1376622791072,1219.0501475101453,7.178730631924655,0.7404168856926354,0.7707656492833123,0.01281542700164948,0.014429751029617542,0.013441469337036011,0.015881027886132593,0.014775858746512004,0.8069645802234241,0.9086156848964219,0.9096912448631124,False,1e-24,False
UniGCN,random,5,77,base,0.7233876787742098,0.00010880085333462729,4.693817055470929e-19,0.8758599098719937,1.0911190547829803,0.8259171022908589,0.0001242217529405227,4.301837672887596e-19,9.849365143582075e-07,1.6172104249762915e-09,6.714736608850099e-24,1.0608768288178217e-05,1.3225232007091683e-05,0.09284174068122145,0.00015244092255068054,5.077216494387016e-19,False,1e-24,False
UniGCN,random,5,77,restart,9412.30399937627,970.7884645831246,939.6019784545747,1311.1375585359174,1219.0500164506843,7.1787311240527085,0.7404169442504234,0.7707657321479439,0.012815426866178455,0.014429751029084009,0.013441469337036011,0.01588102662955326,0.01477585715796695,0.8069646355437765,0.9086157567566476,0.9096913426635657,False,1e-24,False
UniGCN,random,5,78,base,0.6837334629763601,0.0001028366758504676,2.6220740945987506e-19,0.827847566155773,1.031306769161162,0.8259171022889792,0.00012422175295870495,2.542477343314131e-19,9.309448771855578e-07,1.5285591900992377e-09,3.7510062079642025e-24,1.0027223427274382e-05,1.2500259465593619e-05,0.09284174068101014,0.00015244092257299323,3.000742679212918e-19,False,1e-24,False
UniGCN,random,5,78,restart,9412.303912318164,970.7884645517178,939.6019784545746,1311.1374677623373,1219.0499017758152,7.178731554656693,0.7404169954875298,0.7707658046531458,0.012815426747643527,0.01442975102861718,0.01344146933703601,0.015881025530067067,0.0147758557680162,0.8069646839481784,0.9086158196331696,0.909691428237368,False,1e-24,False
UniGCN,random,5,79,base,0.6462529873138179,9.719943893362378e-05,1.464764224073607e-19,0.7824671332315304,0.97477323620673,0.825917102287532,0.00012422175297280207,1.5026717698709566e-19,8.799129199947658e-07,1.4447675834108043e-09,2.095417406022904e-24,9.477557330808263e-06,1.1815028017911097e-05,0.09284174068084747,0.00015244092259029276,1.7735187786658965e-19,False,1e-24,False
UniGCN,random,5,79,restart,9412.303836143732,970.7884645242373,939.6019784545746,1311.13738833694,1219.0498014371801,7.178731931428174,0.7404170403191653,0.7707658680940231,0.012815426643927383,0.01442975102820871,0.01344146933703601,0.015881024568034637,0.014775854551832024,0.8069647263012427,0.9086158746491045,0.9096915031130592,False,1e-24,False
UniGCN,random,5,80,base,0.6108270930519142,9.187122056052204e-05,8.182652136701233e-20,0.7395743366506616,0.9213387232954897,0.8259171022864179,0.0001242217529837267,8.881263676222269e-20,8.316784008895092e-07,1.3655692128518121e-09,1.1705687122115736e-24,8.958022488501229e-06,1.116735916148402e-05,0.09284174068072223,0.0001524409226036991,1.0482054846492624e-19,False,1e-24,False
UniGCN,random,5,80,restart,9412.303769492333,970.7884645001922,939.6019784545742,1311.137318841008,1219.0497136425035,7.178732261097127,0.7404170795461222,0.7707659236037688,0.012815426553177432,0.014429751027851306,0.013441469337036004,0.015881023726271898,0.014775853487690617,0.8069647633594892,0.9086159227871589,0.9096915686280828,False,1e-24,False
UniGCN,random,5,81,base,0.5773431534254004,8.683508114564364e-05,4.571131610984385e-20,0.6990328107115334,0.8708333502744382,0.8259171022855606,0.00012422175299218888,5.24914624542551e-20,7.860879716488517e-07,1.2907122892730404e-09,6.539229034581381e-25,8.466967184005975e-06,1.05551938135505e-05,0.09284174068062585,0.00015244092261408363,6.195271399172679e-20,False,1e-24,False
UniGCN,random,5,81,restart,9412.303711173432,970.7884644791533,939.6019784545746,1311.1372580331902,1219.049636823579,7.178732549552161,0.7404171138690796,0.7707659721739073,0.012815426473772686,0.014429751027538584,0.01344146933703601,0.015881022989743095,0.014775852556584066,0.8069647957848589,0.9086159649071834,0.909691625952679,False,1e-24,False
UniGCN,random,5,82,base,0.5456947155730043,8.207500968692225e-05,2.5536204233963098e-20,0.6607136649227136,0.8230965493751269,0.8259171022849006,0.00012422175299874099,3.102455508208546e-20,7.429966901992667e-07,1.2199588259431133e-09,3.6530798579166506e-25,8.002830243734416e-06,9.976585764866661e-06,0.09284174068055166,0.00015244092262212415,3.661653339142597e-20,False,1e-24,False
UniGCN,random,5,82,restart,9412.303660145328,970.7884644607444,939.6019784545744,1311.1372048273267,1219.0495696082535,7.178732801945699,0.740417143901118,0.7707660146720032,0.012815426404294804,0.014429751027264955,0.013441469337036006,0.01588102234529223,0.014775851741880784,0.8069648241565386,0.9086160017615309,0.9096916761107859,False,1e-24,False
UniGCN,random,5,83,base,0.5157811621001985,7.757587286328892e-05,1.4265653298311643e-20,0.6244950742315498,0.7779765547331579,0.825917102284393,0.00012422175300381215,1.8336867880555463e-20,7.022675598116735e-07,1.1530838819369634e-09,2.0407720053700682e-25,7.5641360735410576e-06,9.429695492276325e-06,0.09284174068049461,0.00015244092262834734,2.164197144055843e-20,False,1e-24,False
UniGCN,random,5,83,restart,9412.303615496543,970.7884644446369,939.6019784545745,1311.1371582730471,1219.0495107959189,7.1787330227860195,0.7404171701786734,0.7707660518571614,0.012815426343502757,0.014429751027025536,0.013441469337036008,0.01588102178140803,0.014775851029028446,0.8069648489813057,0.908616034008498,0.9096917199983319,False,1e-24,False
UniGCN,random,5,84,base,0.4875073911942093,7.332336692254206e-05,7.969470158451099e-21,0.5902618917153429,0.735329919890883,0.8259171022840018,0.00012422175300773553,1.0837951704227817e-20,6.637710935584798e-07,1.0898748469995446e-09,1.140071979663491e-25,7.14948996748235e-06,8.912784310459429e-06,0.09284174068045063,0.00015244092263316195,1.2791423420014565e-20,False,1e-24,False
UniGCN,random,5,84,restart,9412.30357642957,970.7884644305433,939.6019784545742,1311.1371175387942,1219.049459336062,7.178733216017794,0.7404171931711173,0.7707660843935857,0.012815426290310685,0.014429751026816047,0.013441469337036004,0.015881021288018337,0.014775850405293993,0.8069648707025829,0.9086160622240825,0.9096917583992393,False,1e-24,False
UniGCN,random,5,85,base,0.4607835142742863,6.930397220658765e-05,4.452146749686689e-21,0.5579052825037736,0.6950210617493393,0.8259171022837011,0.00012422175301077005,6.4057724214584516e-21,6.273849026459548e-07,1.0301307656112846e-09,6.369015326928807e-26,6.757573673737567e-06,8.424208844266245e-06,0.09284174068041683,0.00015244092263688583,7.560372071335506e-21,False,1e-24,False
UniGCN,random,5,85,restart,9412.303542246584,970.7884644182114,939.6019784545742,1311.1370818969692,1219.0494143095038,7.1787333850925386,0.740417213289142,0.770766112862443,0.012815426243768462,0.014429751026632747,0.013441469337036004,0.015881020856310185,0.014775849859536245,0.8069648897083567,0.9086160869122726,0.9096917919994266,False,1e-24,False
UniGCN,random,5,86,base,0.4355245702159882,6.550491016947782e-05,2.4872047494635486e-21,0.5273223777687417,0.6569218295195443,0.8259171022834696,0.00012422175301311626,3.786150250605351e-21,5.929933073131369e-07,9.736616981063673e-10,3.5580689633957476e-26,6.387141203594254e-06,7.96241580406375e-06,0.0928417406803908,0.00015244092263976501,4.468579701125165e-21,False,1e-24,False
UniGCN,random,5,86,restart,9412.30351233701,970.7884644074214,939.6019784545744,1311.1370507109366,1219.0493749119778,7.178733533030271,0.7404172308920962,0.7707661377722448,0.01281542620304475,0.014429751026472365,0.013441469337036006,0.01588102047857239,0.01477584938200685,0.8069649063381087,0.9086161085140493,0.9096918213990615,False,1e-24,False
UniGCN,random,5,87,base,0.41165025524094845,6.191410275160294e-05,1.3894900901528902e-21,0.49841594768157665,0.620911097302751,0.8259171022832915,0.0001242217530149297,2.2378245391149556e-21,5.604869690602494e-07,9.202881168127611e-10,1.987734047944899e-26,6.037014870174135e-06,7.525937047483821e-06,0.0928417406803708,0.00015244092264199042,2.6411781488518652e-21,False,1e-24,False
UniGCN,random,5,87,restart,9412.303486166604,970.7884643979803,939.6019784545744,1311.1370234236497,1219.0493404397637,7.178733662473457,0.7404172462944041,0.7707661595679297,0.012815426167412144,0.014429751026332033,0.013441469337036006,0.01588102014805777,0.014775848964176158,0.8069649208888797,0.908616127415264,0.9096918471232797,False,1e-24,False
UniGCN,random,5,88,base,0.38908466761337274,5.852013398087909e-05,7.762490081349857e-22,0.47109409229787363,0.5868743790043838,0.8259171022831545,0.00012422175301633097,1.3226834155750175e-21,5.29762543037386e-07,8.698403352941973e-10,1.1104624596376857e-26,5.7060815443056386e-06,7.1133849118734125e-06,0.09284174068035539,0.00015244092264371002,1.561088670717285e-21,False,1e-24,False
UniGCN,random,5,88,restart,9412.30346326791,970.7884643897194,939.6019784545745,1311.1369995477032,1219.0493102771188,7.178733775734212,0.7404172597711816,0.770766178638812,0.012815426136234173,0.014429751026209242,0.013441469337036008,0.015881019858862682,0.014775848598580879,0.806964933620576,0.90861614395353,0.9096918696315669,False,1e-24,False
UniGCN,random,5,89,base,0.3677560663316075,5.531221367885466e-05,4.3365884689527325e-22,0.44526994938721376,0.5547034643573847,0.825917102283049,0.00012422175301741347,7.817849982200133e-22,5.007223494883404e-07,8.221579688795592e-10,6.2037035116343306e-27,5.3932891156397006e-06,6.723447802607613e-06,0.09284174068034354,0.0001524409226450384,9.226967612105643e-22,False,1e-24,False
UniGCN,random,5,89,restart,9412.303443231911,970.7884643824913,939.6019784545742,1311.1369786566254,1219.0492838852783,7.178733874835594,0.7404172715631505,0.7707661953255351,0.012815426108953937,0.014429751026101806,0.013441469337036004,0.015881019605821525,0.01477584827869075,0.8069649447606103,0.9086161584242534,0.9096918893259656,False,1e-24,False
UniGCN,random,5,90,base,0.34759664304760335,5.228014315635078e-05,2.42268398332371e-22,0.42086141827889295,0.5242960748978037,0.8259171022829679,0.0001242217530182494,4.62083181491668e-22,4.732740632050233e-07,7.770894247646025e-10,3.4657688278535535e-27,5.097643147757908e-06,6.35488602323979e-06,0.0928417406803344,0.00015244092264606423,5.453707297313048e-22,False,1e-24,False
UniGCN,random,5,90,restart,9412.303425700726,970.7884643761666,939.6019784545744,1311.1369603772596,1219.0492607928318,7.178733961547754,0.7404172818809388,0.7707662099261571,0.012815426085084156,0.014429751026007796,0.013441469337036006,0.01588101938441448,0.014775847998791905,0.806964954507966,0.9086161710859099,0.9096919065582565,False,1e-24,False
UniGCN,random,5,91,base,0.3285423064891555,4.9414282789575094e-05,1.3534636592314435e-22,0.397790898845703,0.4955555387989057,0.8259171022829058,0.00012422175301889484,2.7312047858689624e-22,4.473304200051733e-07,7.344914200649374e-10,1.936196463131599e-27,4.8182037166388435e-06,6.006527834231973e-06,0.09284174068032744,0.00015244092264685632,3.2234870403779156e-22,False,1e-24,False
UniGCN,random,5,91,restart,9412.303410361214,970.7884643706328,939.6019784545744,1311.1369443831009,1219.0492405873022,7.178734037419537,0.7404172909088422,0.7707662227014732,0.012815426064198474,0.014429751025925542,0.013441469337036006,0.015881019190686782,0.014775847753884793,0.8069649630367499,0.9086161821646613,0.9096919216362419,False,1e-24,False
UniGCN,random,5,92,base,0.31053247869955214,4.670552137362657e-05,7.561319294422628e-23,0.3759850447959387,0.4683904835300196,0.8259171022828576,0.00012422175301939317,1.6143195816953476e-22,4.228089393001913e-07,6.942285262880621e-10,1.0816839871994172e-27,4.554082422431427e-06,5.677265727735314e-06,0.09284174068032201,0.00015244092264746784,1.9052903969511844e-22,False,1e-24,False
UniGCN,random,5,92,restart,9412.30339693938,970.7884643657909,939.6019784545742,1311.1369303884615,1219.0492229077795,7.178734103806167,0.7404172988081171,0.7707662338796756,0.012815426045923829,0.014429751025853572,0.013441469337036004,0.015881019021178066,0.014775847539594896,0.8069649704993029,0.9086161918583964,0.909691934829244,False,1e-24,False
UniGCN,random,5,93,base,0.2935099024468308,4.41452471559598e-05,4.2242505623773145e-23,0.35537453048928813,0.44271454536302335,0.8259171022828207,0.00012422175301977765,9.541702676412978e-23,3.99631661871078e-07,6.561727387762288e-10,6.042998600273473e-28,4.304439565034982e-06,5.366052906577311e-06,0.09284174068031786,0.00015244092264793968,1.1261533766963817e-22,False,1e-24,False
UniGCN,random,5,93,restart,9412.303385195482,970.7884643615539,939.6019784545742,1311.1369181433704,1219.0492074384729,7.17873416189343,0.7404173057198592,0.7707662436604285,0.012815426029933795,0.014429751025790593,0.013441469337036004,0.01588101887286059,0.014775847352094579,0.8069649770289203,0.9086162003402629,0.9096919463729153,False,1e-24,False
UniGCN,random,5,94,base,0.2774204591903549,4.1725320457718614e-05,2.359950027762923e-23,0.33589383053526695,0.4184460948029208,0.8259171022827921,0.0001242217530200743,5.639794604546159e-23,3.7772490201880817e-07,6.202030697513208e-10,3.376024812898602e-28,4.068481474506624e-06,5.0718999562617035e-06,0.09284174068031466,0.0001524409226483037,6.656331635111621e-23,False,1e-24,False
UniGCN,random,5,94,restart,9412.303374919757,970.788464357847,939.6019784545744,1311.1369074291072,1219.049193903071,7.1787342127188785,0.740417311767526,0.770766252218435,0.012815426015942766,0.014429751025735495,0.013441469337036006,0.015881018743085114,0.014775847188034728,0.8069649827422336,0.9086162077617643,0.9096919564734479,False,1e-24,False
UniGCN,random,5,95,base,0.26221299702598455,3.943804779589544e-05,1.3184290351659852e-23,0.317481011473486,0.3955079770695952,0.8259171022827704,0.00012422175302030325,3.333508074690461e-23,3.5701901330117016e-07,5.862051636679274e-10,1.8860777069019677e-28,3.845457987808696e-06,4.793871699400629e-06,0.09284174068031222,0.00015244092264858467,3.934351658050802e-23,False,1e-24,False
UniGCN,random,5,95,restart,9412.303365928654,970.7884643546033,939.6019784545741,1311.1368980542934,1219.0491820598054,7.178734257190355,0.7404173170591402,0.7707662597065572,0.01281542600370083,0.01442975102568728,0.013441469337036003,0.01588101862953359,0.014775847044484916,0.8069649877412937,0.9086162142554622,0.9096919653112565,False,1e-24,False
UniGCN,random,5,96,base,0.24783916806284256,3.727615742404578e-05,7.365658311630705e-24,0.3000775348734631,0.3738272668056731,0.8259171022827535,0.0001242217530204799,1.9703373631810543e-23,3.374481671112988e-07,5.540709336517514e-10,1.053693719394983e-28,3.63466006387431e-06,4.531084222578557e-06,0.09284174068031031,0.00015244092264880143,2.325478114364745e-23,False,1e-24,False
UniGCN,random,5,96,restart,9412.303358061585,970.7884643517654,939.6019784545742,1311.1368898514775,1219.049171697132,7.178734296102209,0.7404173216892205,0.7707662662585482,0.012815425992989335,0.014429751025645096,0.013441469337036004,0.015881018530177777,0.014775846918881059,0.8069649921153941,0.9086162199373473,0.909691973044202,False,1e-24,False
UniGCN,random,5,97,base,0.2342532747146595,3.5232776213796374e-05,4.114974686228042e-24,0.2836280712279843,0.3533350362306586,0.8259171022827405,0.0001242217530206161,1.1646098643729657e-23,3.1895014339395203e-07,5.23698217867506e-10,5.886674074333876e-29,3.4354175294087236e-06,4.282702066195733e-06,0.09284174068030886,0.0001524409226489686,1.374523369439735e-23,False,1e-24,False
UniGCN,random,5,97,restart,9412.303351178018,970.788464349282,939.6019784545744,1311.136882674141,1219.049162629954,7.1787343301494735,0.7404173257404687,0.7707662719914383,0.012815425983616938,0.014429751025608183,0.013441469337036006,0.015881018443242984,0.014775846808979642,0.8069649959426635,0.9086162249089083,0.9096919798104091,False,1e-24,False
UniGCN,random,5,98,base,0.22141212441702438,3.330140780364837e-05,2.29891842384484e-24,0.2680803240483448,0.333966136004251,0.8259171022827306,0.0001242217530207211,6.883687224550148e-24,3.014661328341726e-07,4.949904547238215e-10,3.288716095860316e-29,3.2470969482599897e-06,4.047935568357054e-06,0.09284174068030775,0.00015244092264909745,8.124427971552708e-24,False,1e-24,False
UniGCN,random,5,98,restart,9412.303345155,970.7884643471091,939.6019784545742,1311.1368763940832,1219.0491546963144,7.178734359940298,0.7404173292852478,0.770766277007628,0.01281542597541623,0.014429751025575886,0.013441469337036004,0.015881018367176394,0.014775846712817611,0.8069649992914645,0.9086162292589467,0.9096919857307351,False,1e-24,False
UniGCN,random,5,99,base,0.20927489230865431,3.147591194560547e-05,1.2843414794279544e-24,0.25338486360222695,0.31565898810216036,0.8259171022827231,0.00012422175302080214,4.068762581891976e-24,2.849405498894487e-07,4.678563758825626e-10,1.8373137785861868e-29,3.069099607585113e-06,3.826038354361971e-06,0.0928417406803069,0.0001524409226491969,4.8021311038126716e-24,False,1e-24,False
UniGCN,random,5,99,restart,9412.303339884958,970.7884643452078,939.6019784545745,1311.13687089913,1219.0491477545027,7.178734386006813,0.7404173323868746,0.7707662813967164,0.012815425968240748,0.014429751025547626,0.013441469337036008,0.015881018300619304,0.014775846628677322,0.806965002221614,0.9086162330651628,0.9096919909109287,False,1e-24,False
UniGCN,random,5,100,base,0.1978029914401176,2.9750484983965732e-05,7.175260811809913e-25,0.2394949697656318,0.2983553900459282,0.8259171022827172,0.00012422175302086454,2.4049375513897597e-24,2.693208560709613e-07,4.4220971609656923e-10,1.0264564187679792e-29,2.9008596144092993e-06,3.6163049638140015e-06,0.09284174068030623,0.00015244092264927347,2.838412216444844e-24,False,1e-24,False
UniGCN,random,5,100,restart,9412.303335273755,970.7884643435443,939.6019784545744,1311.1368660911317,1219.0491416805255,7.178734408814605,0.7404173351007497,0.7707662852371004,0.012815425961962312,0.014429751025522899,0.013441469337036006,0.015881018242382892,0.014775846555055882,0.806965004785449,0.9086162363955427,0.9096919954435174,False,1e-24,False
UniGCN,random,5,101,base,0.18695995009737384,2.8119641404214863e-05,4.0086389654281897e-25,0.22636648348925603,0.28200032986435575,0.8259171022827126,0.00012422175302091265,1.4215015164543867e-24,2.5455739291209073e-07,4.179689389533318e-10,5.7345555855122874e-30,2.741842096526841e-06,3.4180686078058444e-06,0.09284174068030572,0.0001524409226493325,1.6777181044336797e-24,False,1e-24,False
UniGCN,random,5,101,restart,9412.303331239018,970.7884643420888,939.6019784545744,1311.1368618842073,1219.0491363658894,7.178734428771071,0.7404173374753488,0.7707662885973772,0.012815425956468772,0.014429751025501265,0.013441469337036006,0.015881018191426927,0.01477584649063826,0.806965007028765,0.908616239309574,0.9096919994094625,False,1e-24,False
UniGCN,random,5,102,base,0.17671129585011586,2.657819639336051e-05,2.2395251571155123e-25,0.21395766640709185,0.26654181119826137,0.8259171022827092,0.0001242217530209497,8.402153294627722e-25,2.4060322409315035e-07,3.950569776526756e-10,3.2037511009076946e-30,2.5915415020238834e-06,3.2306990490497485e-06,0.09284174068030533,0.00015244092264937798,9.916587872367807e-25,False,1e-24,True
UniGCN,random,5,102,restart,9412.30332770869,970.7884643408153,939.6019784545741,1311.136858203214,1219.0491317156655,7.178734446232668,0.7404173395530859,0.7707662915375667,0.012815425951662015,0.014429751025482334,0.013441469337036003,0.01588101814684125,0.014775846434273841,0.8069650089916315,0.9086162418593058,0.9096920028796025,False,1e-24,False
UniGCN,random,5,103,base,0.1670244459562777,2.5121249356263504e-05,1.2511664073679915e-25,0.20222906814091646,0.25193068799253737,0.8259171022827064,0.00012422175302097824,4.966312033431407e-25,2.2741398622042992e-07,3.7340098999433514e-10,1.7898552031390187e-30,2.449479992016914e-06,3.0536005982135697e-06,0.09284174068030503,0.000152440922649413,5.861458123194394e-25,False,1e-24,True
UniGCN,random,5,103,restart,9412.303324619708,970.7884643397008,939.6019784545742,1311.1368549824017,1219.0491276467917,7.178734461511297,0.7404173413710736,0.7707662941101874,0.012815425947456178,0.01442975102546577,0.013441469337036004,0.015881018107829475,0.01477584638495585,0.8069650107091096,0.9086162440902816,0.9096920059159217,False,1e-24,False
UniGCN,random,5,104,base,0.15786860377428025,2.374416833556039e-05,6.989985832362364e-26,0.19114340087880047,0.2381205082499538,0.8259171022827045,0.00012422175302100023,2.9354824931857676e-25,2.1494774778513973e-07,3.5293212679646454e-10,9.999519199241147e-31,2.3152059214970983e-06,2.8862102200924285e-06,0.0928417406803048,0.00015244092264943997,3.464584502414007e-25,False,1e-24,True
UniGCN,random,5,104,restart,9412.30332191689,970.7884643387258,939.6019784545744,1311.136852164241,1219.04912408659,7.178734474879858,0.7404173429617849,0.7707662963611907,0.012815425943776125,0.014429751025451278,0.013441469337036006,0.015881018073694776,0.014775846341803369,0.8069650122118759,0.9086162460423511,0.909692008572654,False,1e-24,False
UniGCN,random,5,105,base,0.1492146608536855,2.2442575285645042e-05,3.905147386991738e-26,0.18066542082889434,0.2250673663499696,0.825917102282703,0.00012422175302101714,1.7351015610674582e-25,2.0316487585385554e-07,3.3358531300883906e-10,5.586505782500695e-31,2.1882924034507545e-06,2.727995743595071e-06,0.09284174068030464,0.00015244092264946074,2.047842558265342e-25,False,1e-24,True
UniGCN,random,5,105,restart,9412.303319551973,970.7884643378725,939.6019784545744,1311.1368496983941,1219.049120971469,7.1787344865771425,0.7404173443536323,0.7707662983307834,0.012815425940556145,0.014429751025438593,0.013441469337036006,0.015881018043827445,0.014775846304045622,0.8069650135267734,0.9086162477503813,0.9096920108972532,False,1e-24,False
UniGCN,random,5,106,base,0.14103510439298494,2.1212332153891922e-05,2.181722277579724e-26,0.17076181617160688,0.21272976346303957,0.8259171022827017,0.00012422175302103026,1.0255839343133498e-25,1.9202791006664423e-07,3.152990408248559e-10,3.1210612332096088e-31,2.0683359516909746e-06,2.5784541698540947e-06,0.09284174068030449,0.00015244092264947684,1.2104389016098814e-25,False,1e-24,True
UniGCN,random,5,106,restart,9412.303317482707,970.7884643371262,939.6019784545741,1311.1368475408165,1219.0491182457863,7.178734496812085,0.7404173455714775,0.7707663000541463,0.012815425937738713,0.014429751025427501,0.013441469337036003,0.015881018017693996,0.014775846271008178,0.8069650146772882,0.9086162492448817,0.9096920129312412,False,1e-24,False
UniGCN,random,5,107,base,0.133303929770309,2.0049527724870165e-05,1.2188970012432426e-26,0.1614011011539519,0.20106847561664234,0.8259171022827007,0.00012422175302104037,6.062098981479298e-26,1.8150144354228166e-07,2.9801517413459256e-10,1.743692227443332e-31,1.9549551980856573e-06,2.4371100730811203e-06,0.09284174068030437,0.00015244092264948922,7.154753684304733e-26,False,1e-24,True
UniGCN,random,5,107,restart,9412.303315672125,970.788464336473,939.6019784545742,1311.1368456529692,1219.0491158608556,7.1787345057674985,0.7404173466370729,0.7707663015620627,0.012815425935273496,0.014429751025417792,0.013441469337036004,0.015881017994827627,0.014775846242100918,0.8069650156839706,0.9086162505525459,0.9096920147109501,False,1e-24,False
UniGCN,random,5,108,base,0.1259965578689737,1.8950465185723394e-05,6.809783049956887e-27,0.1525535159893648,0.19004642899358318,0.8259171022827,0.00012422175302104815,3.583220735069333e-26,1.7155201031193384e-07,2.816787636972363e-10,9.741730238628726e-32,1.84778968010374e-06,2.303514089082901e-06,0.09284174068030429,0.0001524409226494988,4.229073433845246e-26,False,1e-24,True
UniGCN,random,5,108,restart,9412.3033140879,970.7884643359014,939.6019784545744,1311.136844001132,1219.0491137740787,7.178734513603351,0.7404173475694527,0.7707663028814661,0.012815425933116477,0.014429751025409296,0.013441469337036006,0.01588101797481991,0.01477584621680752,0.8069650165648026,0.9086162516967322,0.9096920162681675,False,1e-24,False
UniGCN,random,5,109,base,0.1190897569350243,1.791165037318277e-05,3.804599631795124e-27,0.1441909322447492,0.17962858206611682,0.8259171022826995,0.00012422175302105406,2.1180368892489202e-26,1.6214797892342926e-07,2.662378724452758e-10,5.442667263705109e-32,1.7464986948249657e-06,2.1772414866330123e-06,0.09284174068030425,0.00015244092264950603,2.499799538599599e-26,False,1e-24,True
UniGCN,random,5,109,restart,9412.303312701726,970.7884643354013,939.6019784545744,1311.1368425558,1219.0491119481812,7.1787345204596,0.7404173483852704,0.7707663040359235,0.012815425931229116,0.014429751025401862,0.013441469337036006,0.015881017957313465,0.014775846194676189,0.8069650173355168,0.9086162526978774,0.9096920176307085,False,1e-24,False
UniGCN,random,5,110,base,0.11256156871834301,1.6929780664847992e-05,2.1256038402472714e-27,0.13628676341395685,0.16978181419116867,0.8259171022826991,0.00012422175302105858,1.2519620257172611e-26,1.5325945187786516e-07,2.516434103650591e-10,3.0407810430925966e-32,1.6507602157698258e-06,2.057890817157198e-06,0.0928417406803042,0.00015244092264951159,1.477620201101426e-26,False,1e-24,True
UniGCN,random,5,110,restart,9412.303311488848,970.788464334964,939.6019784545745,1311.1368412911575,1219.0491103505494,7.178734526458711,0.7404173490990984,0.7707663050460558,0.012815425929577708,0.014429751025395362,0.013441469337036008,0.015881017941995607,0.014775846175311618,0.8069650180098797,0.908616253573864,0.9096920188229107,False,1e-24,False
UniGCN,random,5,111,base,0.10639123866250816,1.60017344794191e-05,1.1875830675178513e-27,0.1288158803933958,0.16047482031247365,0.8259171022826987,0.00012422175302106216,7.400432449186802e-27,1.4485817057883632e-07,2.3784897842876636e-10,1.6988961021005444e-32,1.5602698691060536e-06,1.945082638439427e-06,0.09284174068030415,0.00015244092264951598,8.734313229301136e-27,False,1e-24,True
UniGCN,random,5,111,restart,9412.303310427593,970.788464334581,939.6019784545741,1311.1368401846144,1219.0491089526456,7.178734531707839,0.7404173497236867,0.7707663059299059,0.012815425928132744,0.014429751025389669,0.013441469337036003,0.01588101792859271,0.01477584615836791,0.8069650185999367,0.9086162543403385,0.9096920198660692,False,1e-24,False
UniGCN,random,5,112,base,0.10055914992146171,1.512456135249803e-05,6.635116449364182e-28,0.12175453159104328,0.1516780114348679,0.8259171022826983,0.00012422175302106498,4.374474840879206e-27,1.3691742549209704e-07,2.2481072108162178e-10,9.491861058922154e-33,1.4747399659767836e-06,1.838458308291037e-06,0.09284174068030411,0.00015244092264951945,5.162946048934576e-27,False,1e-24,True
UniGCN,random,5,112,restart,9412.303309499017,970.7884643342461,939.6019784545742,1311.1368392164065,1219.049107729502,7.178734536300746,0.7404173502701917,0.7707663067032611,0.012815425926868433,0.014429751025384692,0.013441469337036004,0.015881017916865386,0.014775846143542437,0.8069650191162278,0.908616255010992,0.9096920207788166,False,1e-24,False
UniGCN,random,5,113,base,0.0950467609932104,1.4295472556408764e-05,3.7072575521345627e-28,0.11508026741487357,0.14336342055431894,0.8259171022826982,0.00012422175302106696,2.585915945504328e-27,1.2941197123003561e-07,2.12487186815371e-10,5.303414621739326e-33,1.3938985878739529e-06,1.7376788443477738e-06,0.0928417406803041,0.00015244092264952186,3.05201081257908e-27,False,1e-24,True
UniGCN,random,5,113,restart,9412.303308686522,970.7884643339529,939.6019784545745,1311.1368383692395,1219.0491066592704,7.178734540319468,0.7404173507483752,0.7707663073799351,0.01281542592576217,0.014429751025380333,0.013441469337036008,0.015881017906604157,0.014775846130570376,0.8069650195679742,0.9086162555978033,0.9096920215774569,False,1e-24,False
UniGCN,random,5,114,base,0.08983654677228348,1.3511832234214355e-05,2.0714388381670136e-28,0.10877186890063195,0.13550461374462452,0.8259171022826982,0.0001242217530210686,1.52868509855384e-27,1.2231794629099448e-07,2.0083919638475513e-10,2.9632953383690113e-33,1.3174887221491272e-06,1.642423846369764e-06,0.0928417406803041,0.0001524409226495239,1.8042208440402026e-27,False,1e-24,True
UniGCN,random,5,114,restart,9412.303307975602,970.7884643336963,939.6019784545742,1311.1368376279813,1219.049105722834,7.1787345438357875,0.7404173511667784,0.7707663079720143,0.01281542592479421,0.01442975102537652,0.013441469337036004,0.01588101789762574,0.01477584611922002,0.8069650199632453,0.9086162561112542,0.9096920222762546,False,1e-24,False
UniGCN,random,5,115,base,0.08491194283354057,1.277114901974375e-05,1.1575913149774052e-28,0.10280928025204715,0.128076606118106,0.8259171022826978,0.0001242217530210698,9.038272874828765e-28,1.1561279719827113e-07,1.8982971824800983e-10,1.6559914220998236e-33,1.2452674449133616e-06,1.552390477618182e-06,0.09284174068030404,0.00015244092264952535,1.0667363952403236e-27,False,1e-24,True
UniGCN,random,5,115,restart,9412.30330735356,970.7884643334718,939.6019784545744,1311.136836979392,1219.0491049034667,7.178734546912512,0.7404173515328746,0.7707663084900743,0.012815425923947263,0.014429751025373182,0.013441469337036006,0.015881017889769766,0.014775846109288638,0.8069650203091014,0.9086162565605156,0.9096920228876916,False,1e-24,False
UniGCN,random,5,116,base,0.08025729277019492,1.2071068116986947e-05,6.468945553767648e-29,0.09717354507901224,0.12105578239311572,0.825917102282698,0.00012422175302107078,5.34377245422316e-28,1.092752067976198e-07,1.7942375083539226e-10,9.254145403880395e-34,1.1770051487283458e-06,1.4672925020701716e-06,0.09284174068030407,0.00015244092264952655,6.306953378977892e-28,False,1e-24,True
UniGCN,random,5,116,restart,9412.303306809285,970.7884643332757,939.6019784545744,1311.1368364118864,1219.049104186533,7.178734549604601,0.7404173518532035,0.7707663089433688,0.012815425923206197,0.014429751025370266,0.013441469337036006,0.015881017882895906,0.014775846100598828,0.8069650206117205,0.9086162569536128,0.9096920234226896,False,1e-24,False
UniGCN,random,5,117,base,0.07585779841862793,1.1409363813676824e-05,3.616439543097405e-29,0.09184674613102158,0.11441982181582573,0.8259171022826978,0.00012422175302107157,3.160675734068662e-28,1.0328502648529583e-07,1.6958821127143713e-10,5.173494984306099e-34,1.1124848126334975e-06,1.3868593744111282e-06,0.09284174068030404,0.00015244092264952752,3.730367389630118e-28,False,1e-24,True
UniGCN,random,5,117,restart,9412.303306333051,970.7884643331037,939.6019784545744,1311.1368359153278,1219.049103559227,7.178734551960137,0.7404173521334859,0.7707663093399947,0.012815425922557777,0.01442975102536771,0.013441469337036006,0.01588101787688139,0.014775846092995381,0.8069650208765073,0.9086162572975663,0.9096920238908047,False,1e-24,False
UniGCN,random,5,118,base,0.07169947281174928,1.0783932405256818e-05,2.0221836890916323e-29,0.0868119483342624,0.10814762719760701,0.8259171022826978,0.0001242217530210721,1.869836390766766e-28,9.762321215118147e-08,1.602918301971673e-10,2.8928334203261385e-34,1.0515013121882555e-06,1.3108353799112126e-06,0.09284174068030404,0.00015244092264952817,2.206862482245543e-28,False,1e-24,True
UniGCN,random,5,118,restart,9412.303305916352,970.7884643329534,939.6019784545741,1311.1368354808467,1219.0491030103442,7.178734554021191,0.7404173523787287,0.7707663096870359,0.012815425921990415,0.014429751025365476,0.013441469337036003,0.01588101787161878,0.014775846086342484,0.8069650211081915,0.9086162575985205,0.9096920243003979,False,1e-24,False
UniGCN,random,5,119,base,0.06776909571132997,1.0192785506738163e-05,1.1313496696446519e-29,0.08205314495126381,0.10221925784239323,0.8259171022826977,0.0001242217530210726,1.1067872077383144e-28,9.227176363334098e-08,1.515050523578752e-10,1.6184514552647461e-34,9.93860767336044e-07,1.2389788214515779e-06,0.09284174068030404,0.0001524409226495288,1.3062785474965433e-28,False,1e-24,True
UniGCN,random,5,119,restart,9412.303305551748,970.788464332822,939.6019784545742,1311.1368351006824,1219.0491025300803,7.178734555824584,0.7404173525933125,0.7707663099906917,0.012815425921493984,0.014429751025363523,0.013441469337036004,0.015881017867014076,0.014775846080521304,0.8069650213109117,0.9086162578618507,0.9096920246587857,False,1e-24,False
UniGCN,random,5,120,base,0.06405417157793683,9.634043731183537e-06,6.333430882375712e-30,0.07755520669193279,0.09661586615079128,0.8259171022826979,0.00012422175302107292,6.555269993119904e-29,8.721366749151895e-08,1.4319994264042118e-10,9.060284988300046e-35,9.393799260166277e-07,1.1710612511156944e-06,0.09284174068030406,0.00015244092264952918,7.736815627421814e-29,False,1e-24,True
UniGCN,random,5,120,restart,9412.303305232723,970.7884643327068,939.6019784545744,1311.1368347680445,1219.0491021098564,7.178734557402523,0.74041735278107,0.770766310256386,0.012815425921059612,0.014429751025361811,0.013441469337036006,0.01588101786298503,0.014775846075427855,0.8069650214882886,0.9086162580922607,0.9096920249723697,False,1e-24,False
UniGCN,random,5,121,base,0.06054288984484442,9.10593071471969e-06,3.5519370123922484e-30,0.0733038336141895,0.09131963769938738,0.8259171022826979,0.00012422175302107317,3.889565379228477e-29,8.243284291764458e-08,1.3535009726132073e-10,5.081220935451858e-35,8.878855815672176e-07,1.1068667439028146e-06,0.09284174068030406,0.00015244092264952947,4.5906347475356075e-29,False,1e-24,True
UniGCN,random,5,121,restart,9412.303304953584,970.788464332606,939.6019784545744,1311.1368344769917,1219.0491017421675,7.178734558783197,0.7404173529453549,0.7707663104888641,0.012815425920679548,0.014429751025360314,0.013441469337036006,0.015881017859459685,0.014775846070971172,0.8069650216434908,0.9086162582938658,0.9096920252467505,False,1e-24,False
UniGCN,random,5,122,base,0.05722408736962747,8.606767469083206e-06,1.9975935295267348e-30,0.06928550966128391,0.08631373460474927,0.8259171022826977,0.0001242217530210734,2.3143402827767581e-29,7.791409061138106e-08,1.2793055982326827e-10,2.85765598526709e-35,8.392140220601247e-07,1.0461912112545694e-06,0.09284174068030404,0.00015244092264952977,2.7314853676129164e-29,False,1e-24,True
UniGCN,random,5,122,restart,9412.303304709341,970.788464332518,939.6019784545741,1311.1368342223248,1219.049101420445,7.178734559991265,0.7404173530891017,0.7707663106922789,0.012815425920346997,0.014429751025359004,0.013441469337036003,0.015881017856375055,0.014775846067071639,0.8069650217792904,0.9086162584702673,0.9096920254868295,False,1e-24,False
UniGCN,random,5,123,base,0.05408721294405818,8.13496704374487e-06,1.1275097105530244e-30,0.06548745969125729,0.08158224199206465,0.8259171022826975,0.0001242217530210735,1.3820528622671281e-29,7.364304445818279e-08,1.2091774197322138e-10,1.612958204551239e-35,7.932105098262751e-07,9.888417522122283e-07,0.09284174068030403,0.00015244092264952988,1.631159081766868e-29,False,1e-24,True
UniGCN,random,5,123,restart,9412.303304495632,970.788464332441,939.6019784545745,1311.1368339994954,1219.0491011389431,7.178734561048305,0.7404173532148778,0.770766310870264,0.012815425920056018,0.01442975102535786,0.013441469337036008,0.015881017853676054,0.014775846063659613,0.8069650218981128,0.9086162586246156,0.9096920256968953,False,1e-24,False
UniGCN,random,5,124,base,0.051122293749478104,7.689029480642447e-06,6.405966921747297e-31,0.06189760886193613,0.077110117398229,0.8259171022826974,0.0001242217530210736,8.307556956066084e-30,6.960612585623499e-08,1.1428934840980218e-10,9.164051367192397e-36,7.497287895098852e-07,9.346360401418246e-07,0.09284174068030401,0.00015244092264953002,9.80494114671826e-30,False,1e-24,True
UniGCN,random,5,124,restart,9412.30330430864,970.7884643323736,939.6019784545745,1311.136833804523,1219.049100892633,7.178734561973199,0.74041735332493,0.7707663110259979,0.012815425919801417,0.014429751025356858,0.013441469337036008,0.01588101785131447,0.014775846060674138,0.8069650220020805,0.908616258759668,0.9096920258806993,False,1e-24,False
UniGCN,random,5,125,base,0.04831990365099847,7.2675370454817135e-06,3.6807371210183956e-31,0.058504544242334096,0.07288314294852315,0.8259171022826978,0.00012422175302107384,5.050189895924321e-30,6.579050054707069e-08,1.0802430600159489e-10,5.26547583810253e-36,7.086306230902869e-07,8.834017430773972e-07,0.09284174068030404,0.00015244092264953032,5.960454435781216e-30,False,1e-24,True
UniGCN,random,5,125,restart,9412.303304145024,970.7884643323146,939.6019784545744,1311.1368336339253,1219.0491006771156,7.178734562782466,0.740417353421224,0.7707663111622629,0.012815425919578642,0.01442975102535598,0.013441469337036006,0.015881017849248124,0.014775846058061894,0.8069650220930507,0.9086162588778369,0.9096920260415251,False,1e-24,False
UniGCN,random,5,126,base,0.04567113322972935,6.8691497204450785e-06,2.1479928579292586e-31,0.055297478528416384,0.06888788015484025,0.8259171022826975,0.00012422175302107392,3.1180998066730828e-30,6.218403781262007e-08,1.0210269679099308e-10,3.0728096362160135e-36,6.697853503926401e-07,8.349759758394976e-07,0.09284174068030403,0.00015244092264953042,3.680117422691789e-30,False,1e-24,True
UniGCN,random,5,126,restart,9412.303304001862,970.7884643322628,939.6019784545744,1311.1368334846545,1219.0491004885412,7.178734563490564,0.7404173535054798,0.7707663112814925,0.01281542591938372,0.014429751025355212,0.013441469337036006,0.015881017847440095,0.014775846055776223,0.8069650221726483,0.9086162589812329,0.9096920261822452,False,1e-24,False
UniGCN,random,5,127,base,0.04316756145776353,6.492600943978138e-06,1.2910307676018244e-31,0.05226621574787053,0.06511162719175509,0.8259171022826977,0.00012422175302107392,1.9827960431701578e-30,5.877527190897066e-08,9.650569467060076e-11,1.8468831349665938e-36,6.330694736902921e-07,7.892047821871222e-07,0.09284174068030404,0.00015244092264953042,2.3401823920127916e-30,False,1e-24,True
UniGCN,random,5,127,restart,9412.3033038766,970.7884643322176,939.6019784545745,1311.1368333540454,1219.0491003235416,7.178734564110139,0.7404173535792021,0.7707663113858166,0.01281542591921317,0.014429751025354539,0.013441469337036008,0.015881017845858107,0.014775846053776296,0.806965022242295,0.9086162590717026,0.909692026305373,False,1e-24,False
UniGCN,random,5,128,base,0.04080122892586333,6.136693584109927e-06,8.054551245221114e-32,0.049401118844852,0.06154237851460756,0.8259171022826977,0.00012422175302107395,1.3087812722917923e-30,5.5553365614227585e-08,9.121550553086656e-11,1.1522432484049834e-36,5.983662650781491e-07,7.459426453567193e-07,0.09284174068030404,0.00015244092264953045,1.544680754716693e-30,False,1e-24,True
UniGCN,random,5,128,restart,9412.303303766997,970.7884643321781,939.6019784545742,1311.136833239764,1219.0491001791693,7.178734564652259,0.7404173536437083,0.7707663114770985,0.012815425919063938,0.014429751025353953,0.013441469337036004,0.015881017844473884,0.014775846052026389,0.806965022303235,0.9086162591508625,0.9096920264131079,False,1e-24,False
UniGCN,random,5,129,base,0.03856461253873558,5.800296132505192e-06,5.282568726667722e-32,0.04669307904164887,0.05816878669121674,0.8259171022826974,0.00012422175302107398,9.081449050518651e-31,5.250807577458456e-08,8.621531068866771e-11,7.556974888141143e-37,5.655653953688089e-07,7.050520254321638e-07,0.09284174068030401,0.00015244092264953048,1.071832235856506e-30,False,1e-24,True
UniGCN,random,5,129,restart,9412.303303671095,970.7884643321435,939.6019784545744,1311.1368331397698,1219.049100052846,7.178734565126601,0.74041735370015,0.7707663115569688,0.01281542591893336,0.014429751025353437,0.013441469337036006,0.015881017843262714,0.014775846050495249,0.806965022356556,0.908616259220126,0.9096920265073744,False,1e-24,False
UniGCN,random,5,130,base,0.03645060159744523,5.482339107148749e-06,3.689639910583583e-32,0.04413348687985976,0.05498012632588044,0.8259171022826977,0.00012422175302107398,6.710861100453279e-31,4.962972073906904e-08,8.148921341699091e-11,5.278211717304421e-37,5.345625833316346e-07,6.664029220748973e-07,0.09284174068030404,0.00015244092264953048,7.92045104014595e-31,False,1e-24,True
UniGCN,random,5,130,restart,9412.303303587187,970.7884643321131,939.6019784545741,1311.1368330522764,1219.0490999423148,7.178734565541649,0.7404173537495355,0.770766311626854,0.012815425918819115,0.014429751025352986,0.013441469337036003,0.015881017842202957,0.014775846049155524,0.8069650224032117,0.9086162592807303,0.9096920265898559,False,1e-24,False
UniGCN,random,5,131,base,0.03445247519292822,5.181811652225262e-06,2.772747127390416e-32,0.04171420484901852,0.051966259960966404,0.8259171022826974,0.0001242217530210739,5.335668045907323e-31,4.690914957942898e-08,7.70221884057158e-11,3.966551406529927e-37,5.052592641596235e-07,6.298724612240547e-07,0.09284174068030401,0.00015244092264953037,6.297388202718977e-31,False,1e-24,True
UniGCN,random,5,131,restart,9412.30330351376,970.7884643320867,939.6019784545744,1311.136832975721,1219.049099845602,7.178734565904802,0.7404173537927473,0.7707663116880027,0.012815425918719139,0.014429751025352594,0.013441469337036006,0.01588101784127569,0.01477584604798329,0.8069650224440339,0.9086162593337583,0.9096920266620262,False,1e-24,False
UniGCN,random,5,132,base,0.032563880838732934,4.8977583243846935e-06,2.196392635092624e-32,0.03942754151564579,0.0491176058476889,0.8259171022826975,0.00012422175302107398,4.471701332315588e-31,4.433771299730508e-08,7.280003399282597e-11,3.1420479025860753e-37,4.775622761100507e-07,5.953445044526056e-07,0.09284174068030403,0.00015244092264953048,5.27769699575048e-31,False,1e-24,True
UniGCN,random,5,132,restart,9412.303303449518,970.7884643320637,939.6019784545744,1311.1368329087363,1219.0490997609795,7.17873456622256,0.740417353830557,0.7707663117415067,0.01281542591863167,0.014429751025352251,0.013441469337036006,0.01588101784046434,0.014775846046957596,0.8069650224797532,0.9086162593801571,0.9096920267251739,False,1e-24,False
UniGCN,random,5,133,base,0.03077881427505849,4.62927605517622e-06,1.8462394216881368e-32,0.03726622707047833,0.0464251074836069,0.8259171022826978,0.00012422175302107398,3.976812379680671e-31,4.1907235826195194e-08,6.880932701417908e-11,2.6411364752833938e-37,4.5138356432265414e-07,5.627092797375705e-07,0.09284174068030404,0.00015244092264953048,4.69360746372467e-31,False,1e-24,True
UniGCN,random,5,133,restart,9412.303303393306,970.7884643320432,939.6019784545744,1311.1368328501258,1219.0490996869364,7.178734566500591,0.7404173538636395,0.7707663117883219,0.012815425918555133,0.014429751025351947,0.013441469337036006,0.015881017839754426,0.014775846046060135,0.8069650225110069,0.908616259420755,0.9096920267804273,False,1e-24,False
UniGCN,random,5,134,base,0.029091600379882895,4.375511279993633e-06,1.6300346952113546e-32,0.03522339021613495,0.04388020481999663,0.8259171022826974,0.0001242217530210741,3.7147381191542024e-31,3.960999104078922e-08,6.50373801282953e-11,2.3318449595035107e-37,4.2663990087372753e-07,5.31863032470442e-07,0.09284174068030401,0.0001524409226495306,4.38429598814635e-31,False,1e-24,True
UniGCN,random,5,134,restart,9412.30330334412,970.7884643320255,939.6019784545742,1311.1368327988423,1219.0490996221497,7.178734566743866,0.7404173538925866,0.7707663118292843,0.012815425918488164,0.014429751025351684,0.013441469337036004,0.01588101783913326,0.014775846045274868,0.8069650225383534,0.9086162594562779,0.9096920268287729,False,1e-24,False
UniGCN,random,5,135,base,0.027496875126492973,4.135657224404327e-06,1.4543435023082788e-32,0.03329253632174002,0.041474807047560555,0.8259171022826974,0.0001242217530210741,3.5065708699754385e-31,3.7438675191043954e-08,6.147220148048761e-11,2.080510050005112e-37,4.0325262017611455e-07,5.027076955983021e-07,0.09284174068030401,0.0001524409226495306,4.138607919118831e-31,False,1e-24,True
UniGCN,random,5,135,restart,9412.303303301087,970.78846433201,939.6019784545744,1311.13683275397,1219.0490995654623,7.178734566956728,0.7404173539179147,0.7707663118651261,0.012815425918429572,0.014429751025351455,0.013441469337036006,0.01588101783858975,0.014775846044587771,0.8069650225622814,0.9086162594873598,0.909692026871075,False,1e-24,False
UniGCN,random,5,136,base,0.025989568530055258,3.908951339234709e-06,1.3366249260272814e-32,0.03146752677505335,0.039201266873952374,0.8259171022826974,0.00012422175302107398,3.409647270648321e-31,3.53863851828976e-08,5.8102456578099994e-11,1.912107825471369e-37,3.8114736888388256e-07,4.7515057784693797e-07,0.09284174068030401,0.00015244092264953048,4.024214458784313e-31,False,1e-24,True
UniGCN,random,5,136,restart,9412.30330326343,970.7884643319962,939.6019784545744,1311.1368327147077,1219.049099515862,7.1787345671429765,0.7404173539400762,0.7707663118964869,0.0128154259183783,0.01442975102535125,0.013441469337036006,0.01588101783811419,0.014775846043986577,0.8069650225832178,0.9086162595145557,0.9096920269080884,False,1e-24,False
UniGCN,random,5,137,base,0.02456488852901112,3.694672876257452e-06,1.2446302901730176e-32,0.029742559466462013,0.03705235621134064,0.8259171022826975,0.00012422175302107406,3.359112395103426e-31,3.3446596331804595e-08,5.4917432255644356e-11,1.7805049653921785e-37,3.60253869506565e-07,4.49104069034748e-07,0.09284174068030403,0.00015244092264953059,3.964570994021472e-31,False,1e-24,True
UniGCN,random,5,137,restart,9412.303303230481,970.7884643319846,939.6019784545741,1311.1368326803538,1219.049099472462,7.178734567305941,0.7404173539594675,0.7707663119239271,0.012815425918333437,0.014429751025351076,0.013441469337036003,0.015881017837698082,0.014775846043460536,0.8069650226015367,0.908616259538352,0.9096920269404745,False,1e-24,False
UniGCN,random,5,138,base,0.023218305750051602,3.4921405967732046e-06,1.1566196035046408e-32,0.028112150342788723,0.03502124319671653,0.8259171022826974,0.00012422175302107411,3.3026229166333004e-31,3.1613141619318187e-08,5.1907002615274116e-11,1.6546013409521557e-37,3.405056969814525e-07,4.2448536154056903e-07,0.09284174068030401,0.00015244092264953064,3.897899647109555e-31,False,1e-24,True
UniGCN,random,5,138,restart,9412.303303201654,970.7884643319742,939.6019784545744,1311.1368326502943,1219.049099434488,7.178734567448536,0.7404173539764346,0.7707663119479371,0.012815425918294187,0.014429751025350922,0.013441469337036006,0.015881017837333988,0.014775846043000258,0.8069650226175658,0.9086162595591735,0.9096920269688121,False,1e-24,False
UniGCN,random,5,139,base,0.021945539108236326,3.3007106058018783e-06,1.0905637779108378e-32,0.026571115972271915,0.033101470471887884,0.8259171022826978,0.0001242217530210741,3.2946082526364557e-31,2.988019208677269e-08,4.9061596834312125e-11,1.5601052272134355e-37,3.218400674936036e-07,4.012161870399044e-07,0.09284174068030404,0.0001524409226495306,3.8884403910111176e-31,False,1e-24,True
UniGCN,random,5,139,restart,9412.303303176428,970.788464331965,939.6019784545741,1311.1368326239929,1219.0490994012612,7.178734567573302,0.7404173539912803,0.7707663119689453,0.012815425918259842,0.014429751025350785,0.013441469337036003,0.015881017837015416,0.014775846042597523,0.8069650226315908,0.9086162595773917,0.9096920269936069,False,1e-24,False
UniGCN,random,5,140,base,0.020742542196476137,3.119774304997879e-06,1.0404678274406142e-32,0.02511455706528803,0.03128693465410718,0.8259171022826974,0.00012422175302107403,3.3255665310248836e-31,2.8242238303732653e-08,4.637216873748537e-11,1.4884405013406025e-37,3.0419763887219024e-07,3.792225676725836e-07,0.09284174068030401,0.00015244092264953056,3.9249787017572884e-31,False,1e-24,True
UniGCN,random,5,140,restart,9412.303303154358,970.788464331957,939.6019784545744,1311.1368326009795,1219.0490993721885,7.178734567682471,0.7404173540042702,0.7707663119873271,0.012815425918229793,0.014429751025350667,0.013441469337036006,0.015881017836736667,0.01477584604224514,0.8069650226438626,0.9086162595933325,0.9096920270153019,False,1e-24,False
UniGCN,random,5,141,base,0.019605490421108672,2.948756457781143e-06,9.808755887847065e-33,0.0237378428984245,0.029571866932065757,0.8259171022826974,0.00012422175302107398,3.31692142074774e-31,2.669407285229316e-08,4.3830168037129784e-11,1.403190867241685e-37,2.875223219285913e-07,3.584345808507574e-07,0.09284174068030401,0.00015244092264953048,3.9147753654548645e-31,False,1e-24,True
UniGCN,random,5,141,restart,9412.303303135044,970.78846433195,939.6019784545744,1311.1368325808432,1219.0490993467502,7.178734567777992,0.7404173540156361,0.770766312003411,0.012815425918203494,0.014429751025350561,0.013441469337036006,0.015881017836492768,0.014775846041936807,0.8069650226546001,0.9086162596072803,0.9096920270342848,False,1e-24,False
UniGCN,random,5,142,base,0.018530768842667893,2.7871133605326327e-06,9.128600070939153e-33,0.022436596592384304,0.027950814725564863,0.8259171022826977,0.00012422175302107395,3.265951336506049e-31,2.5230773771544772e-08,4.1427513149931855e-11,1.30589122582957e-37,2.7176110213643776e-07,3.3878613695950277e-07,0.09284174068030404,0.00015244092264953045,3.8546182484015613e-31,False,1e-24,True
UniGCN,random,5,142,restart,9412.30330311815,970.7884643319442,939.6019784545742,1311.1368325632245,1219.049099324492,7.1787345678615715,0.7404173540255812,0.7707663120174839,0.012815425918180492,0.014429751025350476,0.013441469337036004,0.015881017836279362,0.014775846041667021,0.8069650226639954,0.9086162596194846,0.9096920270508942,False,1e-24,False
UniGCN,random,5,143,base,0.01751496068319074,2.63433111404009e-06,8.602334404069031e-33,0.0212066811969171,0.026418624350555288,0.8259171022826975,0.000124221753021074,3.2561628833971515e-31,2.3847688909569482e-08,3.915656550378503e-11,1.2306063287500186e-37,2.5686387108668964e-07,3.202147692432962e-07,0.09284174068030403,0.0001524409226495305,3.8430654890093947e-31,False,1e-24,True
UniGCN,random,5,143,restart,9412.303303103363,970.7884643319386,939.6019784545742,1311.1368325478081,1219.0490993050164,7.178734567934702,0.7404173540342828,0.7707663120297978,0.012815425918160359,0.014429751025350393,0.013441469337036004,0.015881017836092633,0.01477584604143096,0.806965022672216,0.9086162596301629,0.9096920270654277,False,1e-24,False
UniGCN,random,5,144,base,0.016554836463523168,2.489923989698605e-06,8.068394982462641e-33,0.020044186538538008,0.024970424634434274,0.8259171022826977,0.000124221753021074,3.231180526796611e-31,2.254042113321931e-08,3.701010525307695e-11,1.1542236632392307e-37,2.4278326718190414e-07,3.0266143521036233e-07,0.09284174068030404,0.0001524409226495305,3.813580221864068e-31,False,1e-24,True
UniGCN,random,5,144,restart,9412.303303090424,970.788464331934,939.6019784545741,1311.136832534319,1219.0490992879759,7.17873456799869,0.7404173540418969,0.770766312040572,0.012815425918142742,0.014429751025350325,0.013441469337036003,0.015881017835929247,0.014775846041224415,0.806965022679409,0.9086162596395068,0.9096920270781439,False,1e-24,False
UniGCN,random,5,145,base,0.015647343736090516,2.3534328852717895e-06,7.70990365867316e-33,0.01894541678921996,0.02360161142950868,0.8259171022826977,0.00012422175302107395,3.266685277698286e-31,2.1304814348655975e-08,3.4981308325201e-11,1.1029397127282356e-37,2.2947452506322622e-07,2.860703289235124e-07,0.09284174068030404,0.00015244092264953045,3.8554844778157067e-31,False,1e-24,True
UniGCN,random,5,145,restart,9412.303303079107,970.7884643319297,939.6019784545744,1311.1368325225162,1219.0490992730652,7.17873456805468,0.7404173540485587,0.7707663120499997,0.012815425918127333,0.014429751025350261,0.013441469337036006,0.015881017835786288,0.014775846041043686,0.8069650226857028,0.9086162596476818,0.9096920270892708,False,1e-24,False
UniGCN,random,5,146,base,0.014789597380490514,2.2244238653040707e-06,7.263413361865069e-33,0.017906878716537688,0.02230783297538964,0.8259171022826974,0.00012422175302107398,3.255992354738438e-31,2.0136940288207928e-08,3.306372472531789e-11,1.039067075468562e-37,2.1689533329139638e-07,2.703887035807087e-07,0.09284174068030401,0.00015244092264953048,3.842864223646863e-31,False,1e-24,True
UniGCN,random,5,146,restart,9412.303303069202,970.7884643319262,939.6019784545744,1311.1368325121891,1219.049099260019,7.1787345681036685,0.7404173540543879,0.7707663120582484,0.012815425918113847,0.014429751025350209,0.013441469337036006,0.015881017835661204,0.014775846040885554,0.8069650226912096,0.9086162596548353,0.9096920270990063,False,1e-24,False
UniGCN,random,5,147,base,0.013978870431056441,2.102486781543749e-06,6.894203218127158e-33,0.016925270577908085,0.021084976063782315,0.8259171022826974,0.00012422175302107406,3.269723047003757e-31,1.903308602153732e-08,3.125125803039318e-11,9.862497449416691e-38,2.0500569982931301e-07,2.555667038212974e-07,0.09284174068030401,0.00015244092264953059,3.8590697856763654e-31,False,1e-24,True
UniGCN,random,5,147,restart,9412.303303060537,970.7884643319231,939.6019784545744,1311.136832503153,1219.0490992486036,7.178734568146534,0.7404173540594884,0.7707663120654659,0.012815425918102048,0.014429751025350162,0.013441469337036006,0.015881017835551754,0.014775846040747193,0.8069650226960281,0.9086162596610944,0.9096920271075247,False,1e-24,False
UniGCN,random,5,148,base,0.01321258540722919,1.987233968990855e-06,6.56449113144198e-33,0.015997471623619128,0.019929152961685542,0.8259171022826974,0.00012422175302107398,3.2939137674653976e-31,1.798974215141193e-08,2.95381460073181e-11,9.390828061223375e-38,1.9376782489848746e-07,2.415572072247719e-07,0.09284174068030401,0.00015244092264953048,3.8876207293144834e-31,False,1e-24,True
UniGCN,random,5,148,restart,9412.303303052951,970.7884643319204,939.6019784545745,1311.1368324952466,1219.049099238615,7.178734568184038,0.7404173540639511,0.7707663120717815,0.01281542591809172,0.014429751025350122,0.013441469337036008,0.015881017835455986,0.014775846040626123,0.806965022700244,0.908616259666571,0.9096920271149787,False,1e-24,False
UniGCN,random,5,149,base,0.012488306119175653,1.878299013424249e-06,6.171612559766582e-33,0.015120532175275283,0.018836689051427522,0.8259171022826974,0.00012422175302107398,3.276378636880918e-31,1.7003591656554028e-08,2.791894229349414e-11,8.828795903411281e-38,1.8314598080517538e-07,2.2831567449816165e-07,0.09284174068030401,0.00015244092264953048,3.866925003207508e-31,False,1e-24,True
UniGCN,random,5,149,restart,9412.303303046318,970.7884643319182,939.6019784545744,1311.1368324883285,1219.0490992298758,7.178734568216856,0.7404173540678562,0.770766312077307,0.012815425918082688,0.01442975102535009,0.013441469337036006,0.015881017835372192,0.014775846040520195,0.8069650227039331,0.9086162596713632,0.9096920271215001,False,1e-24,False
UniGCN,random,5,150,base,0.011803729922601574,1.7753355864896368e-06,5.8095102013454776e-33,0.014291664248116459,0.0178041111482422,0.8259171022826975,0.00012422175302107406,3.263016138786041e-31,1.6071499346094965e-08,2.6388499081639804e-11,8.31079063530924e-38,1.7310639835412375e-07,2.1580000787575235e-07,0.09284174068030403,0.00015244092264953059,3.851154000000875e-31,False,1e-24,True
UniGCN,random,5,150,restart,9412.303303040511,970.7884643319157,939.6019784545742,1311.1368324822754,1219.0490992222285,7.178734568245569,0.7404173540712726,0.770766312082142,0.012815425918074783,0.014429751025350053,0.013441469337036004,0.015881017835298876,0.014775846040427506,0.8069650227071608,0.9086162596755556,0.9096920271272065,False,1e-24,False
UniGCN,random,5,151,base,0.01115668039813527,1.6780163446450163e-06,5.511380141288046e-33,0.013508232687396907,0.01682813645824554,0.8259171022826975,0.00012422175302107392,3.2750983182024e-31,1.5190501892108887e-08,2.494195075377095e-11,7.884300892567133e-38,1.6361715948881908e-07,2.0397041728096387e-07,0.09284174068030403,0.00015244092264953042,3.865413915247678e-31,False,1e-24,True
UniGCN,random,5,151,restart,9412.303303035433,970.788464331914,939.6019784545744,1311.1368324769787,1219.0490992155378,7.178734568270696,0.7404173540742625,0.7707663120863724,0.012815425918067867,0.014429751025350027,0.013441469337036006,0.01588101783523472,0.014775846040346409,0.8069650227099852,0.9086162596792247,0.9096920271321994,False,1e-24,False
UniGCN,random,5,152,base,0.010545100432008351,1.5860318884630568e-06,5.1507230596421916e-33,0.01276774679064454,0.015905662141706623,0.8259171022826977,0.00012422175302107406,3.2382952773379706e-31,1.4357798408536873e-08,2.3574698412323596e-11,7.368363164115233e-38,1.5464809581691542e-07,1.9278929382488324e-07,0.09284174068030404,0.00015244092264953059,3.821977360842534e-31,False,1e-24,True
UniGCN,random,5,152,restart,9412.303303030989,970.7884643319125,939.6019784545744,1311.1368324723446,1219.049099209683,7.178734568292679,0.7404173540768781,0.7707663120900742,0.012815425918061818,0.014429751025350004,0.013441469337036006,0.01588101783517859,0.014775846040275443,0.8069650227124564,0.9086162596824345,0.9096920271365685,False,1e-24,False
UniGCN,random,5,153,base,0.009967045676035367,1.4990897789817656e-06,4.90131447708959e-33,0.01206785238916607,0.015033755448432789,0.8259171022826975,0.00012422175302107403,3.260206336268782e-31,1.35707415465497e-08,2.2282395259239544e-11,7.011571895935023e-38,1.461706926982324e-07,1.8222109023927536e-07,0.09284174068030403,0.00015244092264953056,3.8478377484889902e-31,False,1e-24,True
UniGCN,random,5,153,restart,9412.3033030271,970.7884643319111,939.6019784545742,1311.1368324682899,1219.0490992045607,7.178734568311914,0.7404173540791669,0.7707663120933128,0.012815425918056522,0.014429751025349984,0.013441469337036004,0.015881017835129477,0.014775846040213356,0.8069650227146186,0.9086162596852432,0.9096920271403909,False,1e-24,False
UniGCN,random,5,154,base,0.009420678366100239,1.4169136079762652e-06,4.631907650087845e-33,0.011406324363623238,0.014209644393907137,0.8259171022826975,0.000124221753021074,3.2596928689319844e-31,1.2826829078039514e-08,2.1060932776532768e-11,6.62617215355813e-38,1.3815799859039772e-07,1.7223220786394326e-07,0.09284174068030403,0.0001524409226495305,3.8472317319374714e-31,False,1e-24,True
UniGCN,random,5,154,restart,9412.303303023697,970.7884643319101,939.6019784545742,1311.1368324647417,1219.0490992000782,7.178734568328746,0.7404173540811698,0.7707663120961469,0.012815425918051888,0.014429751025349968,0.013441469337036004,0.0158810178350865,0.014775846040159026,0.8069650227165107,0.9086162596877012,0.9096920271437358,False,1e-24,False
UniGCN,random,5,155,base,0.00890426147949702,1.3392421191958105e-06,4.3540453653610596e-33,0.010781059569885551,0.013430708946535731,0.8259171022826977,0.00012422175302107414,3.241858179410646e-31,1.2123695940482367e-08,1.99064276644005e-11,6.228676462221161e-38,1.305845393639238e-07,1.62790889829145e-07,0.09284174068030404,0.00015244092264953067,3.826182453304596e-31,False,1e-24,True
UniGCN,random,5,155,restart,9412.303303020719,970.7884643319089,939.6019784545742,1311.1368324616371,1219.0490991961565,7.178734568343473,0.7404173540829221,0.7707663120986266,0.012815425918047834,0.014429751025349952,0.013441469337036004,0.015881017835048895,0.014775846040111491,0.8069650227181662,0.9086162596898515,0.9096920271466624,False,1e-24,False
UniGCN,random,5,156,base,0.008416153212549963,1.2658283777722934e-06,4.109065582551344e-33,0.010190070152669213,0.012694472697986773,0.8259171022826977,0.0001242217530210741,3.236893473490241e-31,1.1459106717880584e-08,1.8815209495352925e-11,5.878220810324115e-38,1.234262373143073e-07,1.538671200934699e-07,0.09284174068030404,0.0001524409226495306,3.8203228907860644e-31,False,1e-24,True
UniGCN,random,5,156,restart,9412.303303018116,970.788464331908,939.6019784545744,1311.136832458921,1219.0490991927247,7.178734568356359,0.7404173540844553,0.7707663121007964,0.01281542591804429,0.014429751025349939,0.013441469337036006,0.015881017835015998,0.014775846040069896,0.8069650227196146,0.908616259691733,0.9096920271492233,False,1e-24,False
UniGCN,random,5,157,base,0.007954801760955942,1.1964389851596076e-06,3.9017957296624735e-33,0.009631477225704845,0.011998594990139956,0.8259171022826975,0.00012422175302107414,3.2518771846777386e-31,1.0830948533880126e-08,1.7783809045111294e-11,5.581711071521727e-38,1.1666033461367301e-07,1.4543252801619396e-07,0.09284174068030403,0.00015244092264953067,3.83800732041198e-31,False,1e-24,True
UniGCN,random,5,157,restart,9412.303303015835,970.7884643319071,939.6019784545745,1311.1368324565442,1219.049099189722,7.1787345683676325,0.7404173540857968,0.770766312102695,0.012815425918041183,0.014429751025349925,0.013441469337036008,0.01588101783498721,0.014775846040033501,0.8069650227208819,0.9086162596933792,0.9096920271514641,False,1e-24,False
UniGCN,random,5,158,base,0.007518740386254831,1.1308533371079574e-06,3.6940306235072554e-33,0.009103504898341833,0.011340863473615839,0.8259171022826977,0.0001242217530210741,3.2572745735818983e-31,1.0237224334468627e-08,1.6808947263175268e-11,5.284492848515781e-38,1.1026532095859777e-07,1.374602981607289e-07,0.09284174068030404,0.0001524409226495306,3.844377554264255e-31,False,1e-24,True
UniGCN,random,5,158,restart,9412.30330301384,970.7884643319062,939.6019784545744,1311.1368324544644,1219.049099187095,7.1787345683774975,0.7404173540869705,0.7707663121043559,0.012815425918038467,0.01442975102534991,0.013441469337036006,0.015881017834962017,0.014775846040001659,0.8069650227219908,0.9086162596948196,0.9096920271534243,False,1e-24,False
UniGCN,random,5,159,base,0.00710658275274304,1.068862922314091e-06,3.4989615576195495e-33,0.00860447462959857,0.01071918707422707,0.8259171022826977,0.00012422175302107403,3.2642042100677204e-31,9.676046538898322e-09,1.5887524847995196e-11,5.00543693677255e-38,1.0422086518409119e-07,1.299250850424087e-07,0.09284174068030404,0.00015244092264953056,3.852556213558553e-31,False,1e-24,True
UniGCN,random,5,159,restart,9412.303303012095,970.7884643319057,939.6019784545744,1311.136832452645,1219.0490991847962,7.17873456838613,0.7404173540879977,0.7707663121058094,0.012815425918036092,0.014429751025349904,0.013441469337036006,0.01588101783493998,0.014775846039973796,0.8069650227229612,0.9086162596960801,0.9096920271551399,False,1e-24,False
UniGCN,random,5,160,base,0.006717018520005212,1.0102706595176748e-06,3.29702822979434e-33,0.00813279989170885,0.01013158934499037,0.8259171022826977,0.0001242217530210741,3.2542063416975907e-31,9.145631038648713e-09,1.5016612393605858e-11,4.716561360057338e-38,9.850775062631843e-08,1.228029325495799e-07,0.09284174068030404,0.0001524409226495306,3.8407562931390868e-31,False,1e-24,True
UniGCN,random,5,160,restart,9412.303303010567,970.7884643319052,939.6019784545741,1311.1368324510527,1219.0490991827849,7.178734568393681,0.7404173540888964,0.7707663121070809,0.012815425918034012,0.014429751025349895,0.013441469337036003,0.015881017834920692,0.014775846039949416,0.80696502272381,0.908616259697183,0.9096920271566405,False,1e-24,False
UniGCN,random,5,161,base,0.006348809177051794,9.548902709363094e-07,3.135652570948676e-33,0.00768698112619867,0.00957620218256375,0.8259171022826977,0.00012422175302107411,3.2744218544780104e-31,8.64429152535039e-09,1.4193441076395995e-11,4.4857055274966524e-38,9.310781402856915e-08,1.160711977818159e-07,0.09284174068030404,0.00015244092264953064,3.8646155232486095e-31,False,1e-24,True
UniGCN,random,5,161,restart,9412.303303009232,970.7884643319047,939.6019784545741,1311.1368324496596,1219.049099181025,7.178734568400292,0.7404173540896828,0.7707663121081936,0.012815425918032194,0.014429751025349888,0.013441469337036003,0.01588101783490382,0.014775846039928086,0.8069650227245532,0.908616259698148,0.9096920271579538,False,1e-24,False
UniGCN,random,5,162,base,0.006000784104818247,9.025456900471978e-07,2.9510075004597097e-33,0.007265600976457659,0.009051259888132174,0.8259171022826974,0.00012422175302107406,3.260327884661681e-31,8.170434129637179e-09,1.3415393852404743e-11,4.2215616548651327e-38,8.800388779624101e-08,1.0970847906312077e-07,0.09284174068030401,0.00015244092264953059,3.8479812052049842e-31,False,1e-24,True
UniGCN,random,5,162,restart,9412.303303008064,970.7884643319042,939.6019784545746,1311.1368324484406,1219.0490991794852,7.178734568406074,0.7404173540903708,0.7707663121091676,0.012815425918030603,0.014429751025349881,0.01344146933703601,0.015881017834889054,0.014775846039909422,0.8069650227252031,0.9086162596989923,0.9096920271591034,False,1e-24,False
UniGCN,random,5,163,base,0.005671836854507742,8.53070501832671e-07,2.8220941539677706e-33,0.006867319781648459,0.008555093553859928,0.8259171022826975,0.00012422175302107406,3.2987297405935263e-31,7.722552353882365e-09,1.2679997137159202e-11,4.037144759867091e-38,8.31797454172536e-08,1.0369454790126071e-07,0.09284174068030403,0.00015244092264953059,3.893304750902924e-31,False,1e-24,True
UniGCN,random,5,163,restart,9412.30330300704,970.7884643319037,939.6019784545742,1311.1368324473742,1219.0490991781376,7.178734568411132,0.7404173540909726,0.7707663121100192,0.012815425918029208,0.014429751025349874,0.013441469337036004,0.015881017834876138,0.014775846039893088,0.8069650227257716,0.9086162596997309,0.9096920271601086,False,1e-24,False
UniGCN,random,5,164,base,0.005360921629945333,8.063074137099805e-07,2.6433233996022463e-33,0.006490871317628171,0.008086125757062884,0.8259171022826974,0.00012422175302107411,3.268961526220906e-31,7.299222282709033e-09,1.1984912941601415e-11,3.781404385936071e-38,7.862004987437221e-08,9.801028467690602e-08,0.09284174068030401,0.00015244092264953064,3.858171005626184e-31,False,1e-24,True
UniGCN,random,5,164,restart,9412.303303006147,970.7884643319037,939.6019784545744,1311.1368324464406,1219.0490991769586,7.178734568415562,0.7404173540914998,0.7707663121107647,0.012815425918027992,0.014429751025349874,0.013441469337036006,0.01588101783486483,0.014775846039878799,0.8069650227262697,0.9086162597003777,0.9096920271609884,False,1e-24,False
UniGCN,random,5,165,base,0.00506704996276026,7.621077554633344e-07,2.508626568410673e-33,0.006135058771341309,0.007642865545232392,0.8259171022826974,0.0001242217530210741,3.2823115277430865e-31,6.899098056047653e-09,1.1327931439103254e-11,3.5887139310654525e-38,7.431030488543251e-08,9.263761785812626e-08,0.09284174068030401,0.0001524409226495306,3.8739272598325427e-31,False,1e-24,True
UniGCN,random,5,165,restart,9412.303303005361,970.7884643319032,939.6019784545742,1311.1368324456243,1219.049099175927,7.178734568419433,0.7404173540919605,0.7707663121114169,0.012815425918026924,0.014429751025349867,0.013441469337036004,0.015881017834854943,0.014775846039866295,0.8069650227267048,0.9086162597009432,0.9096920271617581,False,1e-24,False
UniGCN,random,5,166,base,0.004789287569826044,7.203310065883524e-07,2.3662834191561962e-33,0.005798750935885998,0.007223903695966989,0.8259171022826974,0.00012422175302107403,3.275629796223974e-31,6.520907590348813e-09,1.0706963939938108e-11,3.3850850413957943e-38,7.023680881644861e-08,8.755946654698708e-08,0.09284174068030401,0.00015244092264953056,3.866041188795108e-31,False,1e-24,True
UniGCN,random,5,166,restart,9412.303303004675,970.7884643319031,939.6019784545745,1311.13683244491,1219.0490991750244,7.178734568422822,0.7404173540923639,0.7707663121119878,0.012815425918025989,0.014429751025349866,0.013441469337036008,0.01588101783484629,0.014775846039855354,0.8069650227270858,0.9086162597014381,0.9096920271624319,False,1e-24,False
UniGCN,random,5,167,base,0.004526751382967465,6.808443495462536e-07,2.2295095523510103e-33,0.0054808786141566455,0.006827908236742214,0.8259171022826978,0.0001242217530210741,3.2652892731534007e-31,6.163448534347812e-09,1.0120036250873541e-11,3.1894232847237234e-38,6.638661112108339e-08,8.275968617559204e-08,0.09284174068030404,0.0001524409226495306,3.853836852349455e-31,False,1e-24,True
UniGCN,random,5,167,restart,9412.303303004075,970.7884643319028,939.6019784545742,1311.1368324442847,1219.0490991742347,7.178734568425788,0.7404173540927167,0.7707663121124868,0.012815425918025172,0.01442975102534986,0.013441469337036004,0.015881017834838716,0.014775846039845782,0.8069650227274192,0.9086162597018711,0.9096920271630209,False,1e-24,False
UniGCN,random,5,168,base,0.0042786067414912286,6.435222475074785e-07,2.115878232238147e-33,0.005180431219629514,0.0064536202102749105,0.8259171022826974,0.00012422175302107395,3.2785911833941268e-31,5.825584446523671e-09,9.565282398773685e-12,3.026868081558215e-38,6.274747116799314e-08,7.822301717892502e-08,0.09284174068030401,0.00015244092264953045,3.8695363471274014e-31,False,1e-24,True
UniGCN,random,5,168,restart,9412.303303003553,970.7884643319027,939.6019784545745,1311.1368324437376,1219.0490991735437,7.178734568428384,0.7404173540930253,0.7707663121129239,0.012815425918024462,0.014429751025349859,0.013441469337036008,0.01588101783483209,0.014775846039837406,0.806965022727711,0.9086162597022499,0.9096920271635367,False,1e-24,False
UniGCN,random,5,169,base,0.00404406473861473,6.082460452423031e-07,2.0109914502141424e-33,0.004896453563484287,0.006099849672019139,0.8259171022826974,0.00012422175302107406,3.296788541263304e-31,5.506241182099789e-09,9.040938698257346e-12,2.8768223710590857e-38,5.930781932514882e-08,7.393503648131283e-08,0.09284174068030401,0.00015244092264953059,3.891013662766239e-31,False,1e-24,True
UniGCN,random,5,169,restart,9412.303303003093,970.7884643319023,939.6019784545745,1311.1368324432592,1219.0490991729391,7.178734568430653,0.7404173540932953,0.7707663121133064,0.012815425918023834,0.014429751025349854,0.013441469337036008,0.015881017834826296,0.014775846039830079,0.8069650227279661,0.9086162597025812,0.9096920271639881,False,1e-24,False
UniGCN,random,5,170,base,0.00382237971335664,5.749035918895747e-07,1.900468264968088e-33,0.004628042817847236,0.0057654719070688865,0.8259171022826977,0.000124221753021074,3.296292646293144e-31,5.204403478099765e-09,8.545338144551425e-12,2.718713507989231e-38,5.6056720177413215e-08,6.988211164227276e-08,0.09284174068030404,0.0001524409226495305,3.890428385888441e-31,False,1e-24,True
UniGCN,random,5,170,restart,9412.30330300269,970.7884643319024,939.6019784545742,1311.1368324428402,1219.04909917241,7.17873456843264,0.740417354093532,0.7707663121136406,0.012815425918023288,0.014429751025349855,0.013441469337036004,0.01588101783482122,0.014775846039823666,0.8069650227281894,0.9086162597028716,0.9096920271643826,False,1e-24,False
UniGCN,random,5,171,base,0.003612846879915467,5.433888844042875e-07,1.7970775405778658e-33,0.004374345645501417,0.005449423854440236,0.8259171022826977,0.000124221753021074,3.297738602427837e-31,4.919111725601498e-09,8.076905113713565e-12,2.570807981660851e-38,5.298383776043382e-08,6.605135751596455e-08,0.09284174068030404,0.0001524409226495305,3.892134966400182e-31,False,1e-24,True
UniGCN,random,5,171,restart,9412.30330300234,970.7884643319023,939.6019784545742,1311.1368324424739,1219.0490991719469,7.178734568434378,0.7404173540937389,0.7707663121139334,0.012815425918022809,0.014429751025349854,0.013441469337036004,0.015881017834816782,0.014775846039818052,0.8069650227283848,0.9086162597031255,0.9096920271647282,False,1e-24,False
UniGCN,random,5,172,base,0.0034148000869993807,5.136017305504169e-07,1.6930875475860705e-33,0.004134555486938631,0.005150700727365015,0.8259171022826974,0.000124221753021074,3.287101381353634e-31,4.649458918927863e-09,7.63415035337456e-12,2.4220451720660024e-38,5.0079402700322556e-08,6.243059528645742e-08,0.09284174068030401,0.0001524409226495305,3.879580454026838e-31,False,1e-24,True
UniGCN,random,5,172,restart,9412.303303002032,970.788464331902,939.6019784545744,1311.1368324421533,1219.049099171542,7.1787345684359,0.7404173540939197,0.7707663121141896,0.01281542591802239,0.014429751025349848,0.013441469337036006,0.0158810178348129,0.014775846039813143,0.8069650227285559,0.9086162597033475,0.9096920271650305,False,1e-24,False
UniGCN,random,5,173,base,0.0032276096999836927,4.85447430367609e-07,1.589086143137365e-33,0.003907909996128082,0.00486835281885109,0.8259171022826974,0.00012422175302107403,3.2641145830354637e-31,4.394587772074747e-09,7.215666248075194e-12,2.2732660378196882e-38,4.733418115465215e-08,5.900831374857661e-08,0.09284174068030401,0.00015244092264953056,3.852450431824996e-31,False,1e-24,True
UniGCN,random,5,173,restart,9412.303303001763,970.788464331902,939.6019784545742,1311.1368324418727,1219.049099171188,7.17873456843723,0.7404173540940782,0.7707663121144135,0.012815425918022025,0.014429751025349848,0.013441469337036004,0.0158810178348095,0.014775846039808851,0.8069650227287054,0.9086162597035419,0.9096920271652948,False,1e-24,False
UniGCN,random,5,174,base,0.003050680599162909,4.588364750990287e-07,1.5033693502344693e-33,0.0036936886168494817,0.004601482482353463,0.8259171022826975,0.00012422175302107398,3.2671413093494154e-31,4.153687993208943e-09,6.8201223441449006e-12,2.1506439414541217e-38,4.473944545602569e-08,5.577363271123213e-08,0.09284174068030403,0.00015244092264953048,3.8560227062652995e-31,False,1e-24,True
UniGCN,random,5,174,restart,9412.303303001527,970.788464331902,939.6019784545744,1311.1368324416271,1219.0490991708775,7.1787345684383945,0.7404173540942168,0.7707663121146097,0.012815425918021702,0.014429751025349848,0.013441469337036006,0.015881017834806527,0.01477584603980509,0.8069650227288363,0.9086162597037121,0.9096920271655263,False,1e-24,False
UniGCN,random,5,175,base,0.00288345028773336,4.336842626231957e-07,1.428954352435142e-33,0.0034912102918852063,0.004349241277957063,0.8259171022826973,0.00012422175302107398,3.2855255919633737e-31,3.925993708570915e-09,6.446261119894832e-12,2.0441896199359368e-38,4.2286946364888634e-08,5.271626840688118e-08,0.092841740680304,0.00015244092264953048,3.877720638642745e-31,False,1e-24,True
UniGCN,random,5,175,restart,9412.303303001321,970.7884643319017,939.6019784545744,1311.1368324414127,1219.0490991706063,7.1787345684394115,0.7404173540943376,0.7707663121147812,0.012815425918021423,0.014429751025349843,0.013441469337036006,0.01588101783480393,0.014775846039801803,0.8069650227289507,0.9086162597038603,0.9096920271657288,False,1e-24,False
UniGCN,random,5,176,base,0.002725387103491266,4.0991082848509834e-07,1.3514827756549775e-33,0.0032998312977885413,0.00411082727499832,0.8259171022826977,0.00012422175302107403,3.287617516490108e-31,3.7107810275924765e-09,6.092893987677845e-12,1.9333627115576508e-38,3.996888684336895e-08,4.982650079715325e-08,0.09284174068030404,0.00015244092264953056,3.880189619231921e-31,False,1e-24,True
UniGCN,random,5,176,restart,9412.303303001143,970.7884643319019,939.6019784545745,1311.1368324412247,1219.0490991703687,7.178734568440305,0.7404173540944439,0.7707663121149315,0.01281542591802118,0.014429751025349847,0.013441469337036008,0.015881017834801652,0.014775846039798922,0.806965022729051,0.9086162597039906,0.9096920271659062,False,1e-24,False
UniGCN,random,5,177,base,0.0025759885285608123,3.8744059167147823e-07,1.2724864907669678e-33,0.003118943198344251,0.00388548250254994,0.8259171022826974,0.000124221753021074,3.2749767626848615e-31,3.50736574148831e-09,5.758897515105078e-12,1.820354633093576e-38,3.77778972667666e-08,4.709514267069484e-08,0.09284174068030401,0.0001524409226495305,3.8652704501228735e-31,False,1e-24,True
UniGCN,random,5,177,restart,9412.303303000983,970.7884643319017,939.6019784545742,1311.13683244106,1219.0490991701608,7.178734568441083,0.7404173540945367,0.7707663121150626,0.012815425918020961,0.014429751025349843,0.013441469337036004,0.015881017834799657,0.014775846039796403,0.8069650227291385,0.9086162597041045,0.909692027166061,False,1e-24,False
UniGCN,random,5,178,base,0.002434779591778517,3.6620211432204736e-07,1.2022164314771965e-33,0.0029479709102150703,0.0036724905396634346,0.8259171022826974,0.00012422175302107406,3.2735725755943636e-31,3.3151011480046913e-09,5.443209853405544e-12,1.719829850375611e-38,3.570701199388408e-08,4.4513510434989674e-08,0.09284174068030401,0.00015244092264953059,3.8636131672593163e-31,False,1e-24,True
UniGCN,random,5,178,restart,9412.303303000843,970.7884643319018,939.6019784545742,1311.1368324409161,1219.0490991699792,7.178734568441765,0.7404173540946181,0.7707663121151775,0.01281542591802077,0.014429751025349845,0.013441469337036004,0.015881017834797916,0.014775846039794201,0.8069650227292152,0.9086162597042045,0.9096920271661966,False,1e-24,False
UniGCN,random,5,179,base,0.002301311358654684,3.4612787461270537e-07,1.132069565385972e-33,0.0027863708746243927,0.003471174237708223,0.8259171022826975,0.00012422175302107403,3.2613446858645723e-31,3.1333759954097595e-09,5.144827361573665e-12,1.6194813015991198e-38,3.374964722171018e-08,4.207339650929441e-08,0.09284174068030403,0.00015244092264953056,3.849181278343813e-31,False,1e-24,True
UniGCN,random,5,179,restart,9412.303303000725,970.7884643319018,939.6019784545744,1311.1368324407904,1219.0490991698202,7.178734568442364,0.7404173540946891,0.7707663121152781,0.012815425918020611,0.014429751025349845,0.013441469337036006,0.015881017834796392,0.014775846039792274,0.8069650227292825,0.9086162597042916,0.9096920271663153,False,1e-24,False
UniGCN,random,5,180,base,0.0021751595041112157,3.2715405208870414e-07,1.0671646770606784e-33,0.0026336293292625085,0.0032808935675661395,0.8259171022826978,0.00012422175302107403,3.252664724056659e-31,2.9616125391888665e-09,4.8628014155722016e-12,1.5266316603411157e-38,3.189958005405169e-08,3.976704323092145e-08,0.09284174068030404,0.00015244092264953056,3.8389368087443347e-31,False,1e-24,True
UniGCN,random,5,180,restart,9412.303303000619,970.7884643319015,939.6019784545742,1311.13683244068,1219.049099169681,7.178734568442887,0.7404173540947513,0.770766312115366,0.012815425918020467,0.014429751025349841,0.013441469337036004,0.015881017834795057,0.014775846039790588,0.8069650227293413,0.9086162597043679,0.909692027166419,False,1e-24,False
UniGCN,random,5,181,base,0.002055922963458198,3.0922032476528497e-07,1.0147477140363521e-33,0.0024892606749224214,0.0031010435848370923,0.8259171022826975,0.00012422175302107398,3.2722781421005407e-31,2.7992647052667875e-09,4.596235392446303e-12,1.4516466116302914e-38,3.0150928717568084e-08,3.7587118191910775e-08,0.09284174068030403,0.00015244092264953048,3.862085420378688e-31,False,1e-24,True
UniGCN,random,5,181,restart,9412.303303000526,970.7884643319017,939.6019784545744,1311.136832440584,1219.0490991695594,7.1787345684433435,0.7404173540948057,0.770766312115443,0.01281542591802034,0.014429751025349843,0.013441469337036006,0.01588101783479389,0.014775846039789113,0.8069650227293926,0.9086162597044347,0.9096920271665099,False,1e-24,False
UniGCN,random,5,182,base,0.001943222657320408,2.9226967735072643e-07,9.486292415328344e-34,0.0023528059316723967,0.0029310525065868133,0.8259171022826974,0.00012422175302107403,3.2364798631243404e-31,2.6458163539172684e-09,4.344281819760518e-12,1.3570608783999884e-38,2.8498133862311e-08,3.5526690927680865e-08,0.09284174068030401,0.00015244092264953056,3.819834729787978e-31,False,1e-24,True
UniGCN,random,5,182,restart,9412.303303000446,970.7884643319015,939.6019784545745,1311.1368324404993,1219.0490991694528,7.178734568443744,0.7404173540948533,0.7707663121155105,0.012815425918020231,0.014429751025349841,0.013441469337036008,0.015881017834792868,0.014775846039787821,0.8069650227294376,0.9086162597044931,0.9096920271665896,False,1e-24,False
UniGCN,random,5,183,base,0.0018367002864600123,2.762482199821029e-07,9.00346813555346e-34,0.0022238312796570964,0.00277037989352225,0.8259171022826975,0.00012422175302107403,3.2499037971671407e-31,2.500779638840513e-09,4.106139681296196e-12,1.2879904858232836e-38,2.6935940887319477e-08,3.357921088354658e-08,0.09284174068030403,0.00015244092264953056,3.8356782423805673e-31,False,1e-24,True
UniGCN,random,5,183,restart,9412.303303000375,970.7884643319014,939.601978454574,1311.1368324404257,1219.0490991693598,7.178734568444093,0.7404173540948948,0.770766312115569,0.012815425918020134,0.01442975102534984,0.013441469337036003,0.015881017834791976,0.014775846039786694,0.8069650227294769,0.9086162597045441,0.9096920271666586,False,1e-24,False
UniGCN,random,5,184,base,0.0017360171926639168,2.611050168974725e-07,8.489724803420814e-34,0.0021019266798881554,0.0026185149318153416,0.8259171022826977,0.000124221753021074,3.2421907166804397e-31,2.3636934561917215e-09,3.881051870443492e-12,1.2144969704379124e-38,2.5459383235079396e-08,3.173848658905478e-08,0.09284174068030404,0.0001524409226495305,3.826574928297745e-31,False,1e-24,True
UniGCN,random,5,184,restart,9412.303303000312,970.7884643319014,939.6019784545744,1311.136832440361,1219.0490991692782,7.1787345684443995,0.7404173540949314,0.7707663121156209,0.012815425918020047,0.01442975102534984,0.013441469337036006,0.015881017834791192,0.014775846039785705,0.8069650227295113,0.9086162597045889,0.9096920271667198,False,1e-24,False
UniGCN,random,5,185,base,0.0016408532820742932,2.467919244998078e-07,8.035911407580933e-34,0.001986704570639411,0.0024749748091127026,0.8259171022826977,0.00012422175302107406,3.246865938995908e-31,2.234121978629832e-09,3.668302783191753e-12,1.1495767277735569e-38,2.4063766601737048e-08,2.999866597392825e-08,0.09284174068030404,0.00015244092264953059,3.83209282963666e-31,False,1e-24,True
UniGCN,random,5,185,restart,9412.303303000259,970.7884643319015,939.6019784545744,1311.1368324403047,1219.0490991692066,7.178734568444668,0.7404173540949632,0.7707663121156662,0.012815425918019976,0.014429751025349841,0.013441469337036006,0.01588101783479051,0.014775846039784837,0.8069650227295415,0.908616259704628,0.9096920271667732,False,1e-24,False
UniGCN,random,5,186,base,0.001550906007539301,2.332634382978353e-07,7.616312751129578e-34,0.001877798635302326,0.002339303179568209,0.8259171022826974,0.00012422175302107398,3.2558040435508687e-31,2.1116532697258634e-09,3.4672160430658394e-12,1.0895510721887431e-38,2.2744654012867316e-08,2.8354217763038007e-08,0.09284174068030401,0.00015244092264953048,3.842641970567992e-31,False,1e-24,True
UniGCN,random,5,186,restart,9412.303303000213,970.7884643319014,939.6019784545745,1311.1368324402551,1219.0490991691443,7.178734568444905,0.7404173540949911,0.7707663121157057,0.012815425918019914,0.01442975102534984,0.013441469337036008,0.015881017834789908,0.014775846039784081,0.8069650227295682,0.9086162597046622,0.90969202716682,False,1e-24,False
UniGCN,random,5,187,base,0.0014658894067486705,2.2047654823717862e-07,7.341858617716439e-34,0.001774862637784344,0.0022110687130184594,0.8259171022826975,0.00012422175302107395,3.3205022415127195e-31,1.995897974325756e-09,3.277152350775493e-12,1.0502890558958107e-38,2.1497851717349126e-08,2.679991389125438e-08,0.09284174068030403,0.00015244092264953045,3.919001606339308e-31,False,1e-24,True
UniGCN,random,5,187,restart,9412.30330300017,970.7884643319012,939.6019784545741,1311.136832440212,1219.0490991690895,7.178734568445107,0.7404173540950154,0.77076631211574,0.012815425918019855,0.014429751025349836,0.013441469337036003,0.015881017834789388,0.014775846039783417,0.8069650227295909,0.9086162597046921,0.9096920271668604,False,1e-24,False
UniGCN,random,5,188,base,0.0013855331930961753,2.0839060196186813e-07,6.812081442539671e-34,0.0016775693217476568,0.0020898637236886463,0.8259171022826977,0.00012422175302107406,3.259581648948969e-31,1.8864880807040873e-09,3.0975074517412785e-12,9.745018202483036e-39,2.0319395854501652e-08,2.5330812882269918e-08,0.09284174068030404,0.00015244092264953059,3.847100465261411e-31,False,1e-24,True
UniGCN,random,5,188,restart,9412.303303000135,970.7884643319015,939.6019784545744,1311.136832440174,1219.0490991690417,7.178734568445289,0.7404173540950371,0.7707663121157704,0.012815425918019808,0.014429751025349841,0.013441469337036006,0.015881017834788926,0.014775846039782839,0.8069650227296112,0.9086162597047186,0.9096920271668963,False,1e-24,False
UniGCN,random,5,189,base,0.0013095818963786401,1.9696717557149577e-07,6.48495831098323e-34,0.001585609370188816,0.001975302874069166,0.8259171022826977,0.000124221753021074,3.283019731361033e-31,1.7830757505732828e-09,2.9277102150354168e-12,9.277052442184919e-39,1.9205539852093213e-08,2.3942244138551557e-08,0.09284174068030404,0.0001524409226495305,3.874763112638678e-31,False,1e-24,True
UniGCN,random,5,189,restart,9412.303303000102,970.7884643319014,939.6019784545742,1311.1368324401408,1219.0490991689999,7.178734568445445,0.7404173540950557,0.7707663121157967,0.012815425918019763,0.01442975102534984,0.013441469337036004,0.015881017834788524,0.01477584603978233,0.8069650227296288,0.9086162597047415,0.9096920271669273,False,1e-24,False
UniGCN,random,5,190,base,0.0012377940505995729,1.8616995146312528e-07,6.146746101888682e-34,0.0014986904220514578,0.00186702194984232,0.8259171022826974,0.00012422175302107395,3.2922730782076812e-31,1.6853322132286432e-09,2.7672208176300676e-12,8.79322320999952e-39,1.8152742515158157e-08,2.2629793092476498e-08,0.09284174068030401,0.00015244092264953045,3.8856843162754837e-31,False,1e-24,True
UniGCN,random,5,190,restart,9412.303303000075,970.7884643319015,939.6019784545744,1311.136832440112,1219.0490991689633,7.1787345684455826,0.740417354095072,0.7707663121158199,0.012815425918019726,0.014429751025349841,0.013441469337036006,0.015881017834788173,0.014775846039781888,0.8069650227296443,0.9086162597047616,0.9096920271669547,False,1e-24,False
UniGCN,random,5,191,base,0.0011699414262952759,1.7596460286958677e-07,5.767843521530996e-34,0.0014165361427457455,0.0017646767019643197,0.8259171022826977,0.00012422175302107395,3.2684987086363294e-31,1.5929467203134523e-09,2.6155290281803343e-12,8.251184396503355e-39,1.7157656767753698e-08,2.1389287171443825e-08,0.09284174068030404,0.00015244092264953045,3.857624768121893e-31,False,1e-24,True
UniGCN,random,5,191,restart,9412.303303000052,970.7884643319012,939.6019784545742,1311.1368324400867,1219.0490991689314,7.178734568445703,0.7404173540950861,0.7707663121158401,0.012815425918019693,0.014429751025349836,0.013441469337036004,0.015881017834787868,0.014775846039781501,0.8069650227296579,0.9086162597047788,0.9096920271669786,False,1e-24,False
UniGCN,random,5,192,base,0.0011058083049428227,1.6631868472708036e-07,5.459092804139439e-34,0.0013388853456194965,0.001667941752221322,0.8259171022826977,0.00012422175302107398,3.2729517064185e-31,1.5056255578811109e-09,2.4721525848857983e-12,7.80950128005948e-39,1.6217119011864053e-08,2.0216782532341948e-08,0.09284174068030404,0.00015244092264953048,3.862880390371797e-31,False,1e-24,True
UniGCN,random,5,192,restart,9412.30330300003,970.7884643319015,939.6019784545744,1311.1368324400644,1219.0490991689032,7.178734568445809,0.7404173540950989,0.7707663121158579,0.012815425918019664,0.014429751025349841,0.013441469337036006,0.015881017834787597,0.01477584603978116,0.8069650227296697,0.9086162597047944,0.9096920271669996,False,1e-24,False
UniGCN,random,5,193,base,0.0010451907931430914,1.5720153052513136e-07,5.14705424930149e-34,0.001265491161587958,0.0015765095587800108,0.8259171022826978,0.000124221753021074,3.264841764286264e-31,1.4230911126134437e-09,2.33663566227343e-12,7.363114750124124e-39,1.532813906962158e-08,1.910855152319773e-08,0.09284174068030404,0.0001524409226495305,3.853308682861348e-31,False,1e-24,True
UniGCN,random,5,193,restart,9412.303303000012,970.7884643319015,939.6019784545741,1311.136832440045,1219.049099168879,7.1787345684459,0.7404173540951098,0.7707663121158732,0.01281542591801964,0.014429751025349841,0.013441469337036003,0.015881017834787365,0.014775846039780865,0.80696502272968,0.9086162597048079,0.9096920271670176,False,1e-24,False
UniGCN,random,5,194,base,0.0009878961743984816,1.4858415481096028e-07,4.863916319423112e-34,0.0011961202542823013,0.0014900894384439836,0.8259171022826975,0.000124221753021074,3.2641774338741883e-31,1.345080989226462e-09,2.2085474220274352e-12,6.958071988414353e-39,1.4487890676868957e-08,1.8061070832145123e-08,0.09284174068030403,0.0001524409226495305,3.8525246111268026e-31,False,1e-24,True
UniGCN,random,5,194,restart,9412.303302999993,970.7884643319014,939.6019784545742,1311.1368324400282,1219.0490991688573,7.178734568445979,0.7404173540951193,0.7707663121158869,0.012815425918019615,0.01442975102534984,0.013441469337036004,0.01588101783478716,0.014775846039780603,0.8069650227296888,0.9086162597048195,0.9096920271670338,False,1e-24,False
UniGCN,random,5,195,base,0.0009337422964244816,1.4043916103830787e-07,4.608531168560273e-34,0.0011305520782216194,0.0014084066425074824,0.8259171022826977,0.00012422175302107392,3.272159495325435e-31,1.2713471762576354e-09,2.0874806432588143e-12,6.592730944741452e-39,1.369370249783938e-08,1.7071010286036327e-08,0.09284174068030404,0.00015244092264953042,3.8619453882785997e-31,False,1e-24,True
UniGCN,random,5,195,restart,9412.30330299998,970.7884643319013,939.6019784545745,1311.1368324400132,1219.0490991688384,7.178734568446051,0.7404173540951277,0.770766312115899,0.012815425918019598,0.014429751025349838,0.013441469337036008,0.01588101783478698,0.014775846039780374,0.806965022729697,0.9086162597048297,0.909692027167048,False,1e-24,False
UniGCN,random,5,196,base,0.0008825569920472044,1.327406544677462e-07,4.363753347451577e-34,0.0010685781776499888,0.0013312014832683934,0.8259171022826975,0.00012422175302107395,3.278056253917025e-31,1.2016552575825108e-09,1.9730504278599578e-12,6.242564209010372e-39,1.2943049632388429e-08,1.6135222263083603e-08,0.09284174068030403,0.00015244092264953045,3.8689050000215836e-31,False,1e-24,True
UniGCN,random,5,196,restart,9412.303302999968,970.7884643319013,939.6019784545746,1311.1368324400003,1219.049099168822,7.178734568446113,0.7404173540951351,0.7707663121159094,0.01281542591801958,0.014429751025349838,0.01344146933703601,0.015881017834786824,0.014775846039780176,0.8069650227297039,0.908616259704839,0.9096920271670603,False,1e-24,False
UniGCN,random,5,197,base,0.0008341775318458063,1.2546415984156528e-07,4.120919358014713e-34,0.0010100015238094456,0.0012582285084235226,0.8259171022826975,0.00012422175302107392,3.2751756381501434e-31,1.1357836671539298e-09,1.864892976828289e-12,5.895178220277746e-39,1.2233545588777199e-08,1.5250731685872454e-08,0.09284174068030403,0.00015244092264953042,3.8655051716231806e-31,False,1e-24,True
UniGCN,random,5,197,restart,9412.303302999957,970.7884643319013,939.6019784545742,1311.136832439989,1219.0490991688077,7.178734568446167,0.7404173540951414,0.7707663121159183,0.012815425918019565,0.014429751025349838,0.013441469337036004,0.015881017834786685,0.014775846039780003,0.80696502272971,0.9086162597048466,0.9096920271670709,False,1e-24,False
UniGCN,random,5,198,base,0.0007884501067996101,1.1858654357150782e-07,3.877169763177315e-34,0.000954635888541919,0.001189255720721349,0.8259171022826977,0.00012422175302107403,3.260164904504809e-31,1.0735229845944821e-09,1.7626644336686592e-12,5.546482412898683e-39,1.156293469648642e-08,1.4414726562931442e-08,0.09284174068030404,0.00015244092264953056,3.8477888489136385e-31,False,1e-24,True
UniGCN,random,5,198,restart,9412.303302999946,970.7884643319015,939.6019784545746,1311.136832439979,1219.0490991687952,7.178734568446213,0.7404173540951472,0.7707663121159264,0.01281542591801955,0.014429751025349841,0.01344146933703601,0.015881017834786564,0.014775846039779852,0.8069650227297152,0.9086162597048537,0.9096920271670804,False,1e-24,False
UniGCN,random,5,199,base,0.0007452293392951591,1.1208594019196735e-07,3.649149704268691e-34,0.0009023052522286668,0.0011240638403913748,0.8259171022826975,0.000124221753021074,3.2463900831452203e-31,1.0146752694027397e-09,1.6660397911973753e-12,5.2202884818162364e-39,1.0929084934940245e-08,1.3624549048788449e-08,0.09284174068030403,0.0001524409226495305,3.8315312038018947e-31,False,1e-24,True
UniGCN,random,5,199,restart,9412.303302999939,970.7884643319013,939.6019784545741,1311.13683243997,1219.0490991687843,7.178734568446256,0.7404173540951521,0.770766312115933,0.01281542591801954,0.014429751025349838,0.013441469337036003,0.015881017834786456,0.014775846039779718,0.80696502272972,0.9086162597048597,0.9096920271670883,False,1e-24,False
UniGCN,random,5,200,base,0.000704377820938579,1.0594168284482985e-07,3.4673750719934396e-34,0.0008528432441849138,0.0010624456080051575,0.8259171022826975,0.00012422175302107398,3.263578903115582e-31,9.590534316565521e-10,1.5747118582723723e-12,4.960250912504444e-39,1.0329981155340523e-08,1.287768699409113e-08,0.09284174068030403,0.00015244092264953048,3.8518181990138705e-31,False,1e-24,True
UniGCN,random,5,200,restart,9412.303302999931,970.7884643319014,939.6019784545745,1311.1368324399625,1219.0490991687745,7.17873456844629,0.7404173540951564,0.7707663121159394,0.01281542591801953,0.01442975102534984,0.013441469337036008,0.015881017834786366,0.0147758460397796,0.8069650227297239,0.908616259704865,0.9096920271670957,False,1e-24,False
UniGCN,random,5,201,base,0.0006657656757038575,1.0013423757495371e-07,3.2698198789313216e-34,0.0008060926137305935,0.001004205125552681,0.8259171022826974,0.00012422175302107392,3.256127454171001e-31,9.064806372127448e-10,1.4883902831645247e-12,4.6776384733220307e-39,9.763718674062419e-09,1.2171765958927693e-08,0.09284174068030401,0.00015244092264953042,3.8430236738910493e-31,False,1e-24,True
UniGCN,random,5,201,restart,9412.303302999924,970.7884643319013,939.6019784545746,1311.136832439956,1219.0490991687664,7.178734568446322,0.74041735409516,0.7707663121159447,0.01281542591801952,0.014429751025349838,0.01344146933703601,0.015881017834786286,0.014775846039779501,0.8069650227297275,0.9086162597048694,0.9096920271671021,False,1e-24,False
UniGCN,random,5,202,base,0.0006292701470281876,9.464514122739942e-08,3.0726361957245785e-34,0.0007619047302556024,0.0009491572336391834,0.8259171022826977,0.00012422175302107395,3.2372257059493933e-31,8.567897455122048e-10,1.4068006304651845e-12,4.395557497295713e-39,9.228497217243245e-09,1.1504541663956403e-08,0.09284174068030404,0.00015244092264953045,3.8207150060283963e-31,False,1e-24,True
UniGCN,random,5,202,restart,9412.303302999919,970.7884643319013,939.6019784545744,1311.1368324399502,1219.0490991687586,7.178734568446349,0.7404173540951632,0.7707663121159494,0.012815425918019513,0.014429751025349838,0.013441469337036006,0.015881017834786217,0.014775846039779408,0.8069650227297305,0.9086162597048734,0.9096920271671075,False,1e-24,False
UniGCN,random,5,203,base,0.0005947752075416621,8.945694274896988e-08,2.9196279888582967e-34,0.0007201391106901678,0.0008971269228224288,0.8259171022826975,0.00012422175302107398,3.254420210323114e-31,8.098227782030196e-10,1.3296835085952219e-12,4.1766717171390225e-39,8.722615197313077e-09,1.0873892855344465e-08,0.09284174068030403,0.00015244092264953048,3.841008710221206e-31,False,1e-24,True
UniGCN,random,5,203,restart,9412.303302999913,970.7884643319013,939.6019784545742,1311.136832439945,1219.0490991687523,7.178734568446374,0.7404173540951662,0.7707663121159534,0.012815425918019506,0.014429751025349838,0.013441469337036004,0.015881017834786154,0.01477584603977933,0.8069650227297333,0.908616259704877,0.9096920271671123,False,1e-24,False
UniGCN,random,5,204,base,0.0005621711901905638,8.455314770744685e-08,2.7963484893714663e-34,0.000680662972878048,0.000847948777218922,0.8259171022826975,0.00012422175302107395,3.297779965604585e-31,7.65430416892303e-10,1.2567937451417387e-12,4.000314317917402e-39,8.244464303270929e-09,1.0277814560832164e-08,0.09284174068030403,0.00015244092264953045,3.8921837850258987e-31,False,1e-24,True
UniGCN,random,5,204,restart,9412.30330299991,970.7884643319014,939.6019784545744,1311.1368324399405,1219.0490991687466,7.178734568446395,0.7404173540951687,0.770766312115957,0.0128154259180195,0.01442975102534984,0.013441469337036006,0.0158810178347861,0.014775846039779262,0.8069650227297357,0.9086162597048801,0.9096920271671166,False,1e-24,False
UniGCN,random,5,205,base,0.0005313544395815082,7.991816585213732e-08,2.6132951726949925e-34,0.000643350813432647,0.000801466448610173,0.8259171022826977,0.00012422175302107398,3.2606420109372277e-31,7.234715284299474e-10,1.1878996074006617e-12,3.738447527556177e-39,7.792524387507835e-09,9.714411715481937e-09,0.09284174068030404,0.00015244092264953048,3.8483519507395215e-31,False,1e-24,True
UniGCN,random,5,205,restart,9412.303302999904,970.7884643319013,939.6019784545744,1311.1368324399366,1219.0490991687418,7.178734568446413,0.740417354095171,0.77076631211596,0.012815425918019494,0.014429751025349838,0.013441469337036006,0.01588101783478605,0.014775846039779203,0.8069650227297377,0.9086162597048829,0.90969202716712,False,1e-24,False
UniGCN,random,5,206,base,0.0005022269824379871,7.553726154901283e-08,2.4885921370790137e-34,0.0006080840087339458,0.0007575321593770785,0.8259171022826977,0.000124221753021074,3.285130678973936e-31,6.838127162150766e-10,1.1227820656471397e-12,3.560053689750042e-39,7.365358632920854e-09,9.181893136847169e-09,0.09284174068030404,0.0001524409226495305,3.8772545451040564e-31,False,1e-24,True
UniGCN,random,5,206,restart,9412.3033029999,970.7884643319014,939.6019784545742,1311.136832439933,1219.0490991687373,7.17873456844643,0.740417354095173,0.7707663121159628,0.012815425918019489,0.01442975102534984,0.013441469337036004,0.01588101783478601,0.014775846039779147,0.8069650227297396,0.9086162597048854,0.9096920271671234,False,1e-24,False
UniGCN,random,5,207,base,0.0004746962161216205,7.13965069328649e-08,2.3397137802753933e-34,0.0005747504377977392,0.0007160062326821341,0.8259171022826974,0.00012422175302107398,3.2677282312346747e-31,6.463278960987027e-10,1.0612340967915325e-12,3.3470758636267315e-39,6.961608984953236e-09,8.678565830406393e-09,0.09284174068030401,0.00015244092264953048,3.856715417079456e-31,False,1e-24,True
UniGCN,random,5,207,restart,9412.303302999899,970.7884643319014,939.6019784545745,1311.1368324399302,1219.0490991687338,7.178734568446443,0.7404173540951745,0.7707663121159652,0.012815425918019485,0.01442975102534984,0.013441469337036008,0.015881017834785974,0.014775846039779108,0.806965022729741,0.9086162597048872,0.9096920271671263,False,1e-24,False
UniGCN,random,5,208,base,0.0004486746142278565,6.748273762753642e-08,2.205785109391645e-34,0.0005432441258181898,0.0006767566484058299,0.8259171022826977,0.000124221753021074,3.259347528520923e-31,6.10897895534288e-10,1.0030600262071521e-12,3.155484299931347e-39,6.57999183403815e-09,8.202829607158726e-09,0.09284174068030404,0.0001524409226495305,3.8468241461184455e-31,False,1e-24,True
UniGCN,random,5,208,restart,9412.303302999897,970.7884643319013,939.6019784545742,1311.1368324399275,1219.0490991687304,7.1787345684464565,0.7404173540951761,0.7707663121159671,0.012815425918019483,0.014429751025349838,0.013441469337036004,0.015881017834785943,0.014775846039779066,0.8069650227297426,0.9086162597048891,0.9096920271671285,False,1e-24,False
UniGCN,random,5,209,base,0.00042407944832014224,6.378351089345354e-08,2.0993021737898764e-34,0.0005134649072504457,0.000639658623425444,0.8259171022826977,0.00012422175302107398,3.2819102204045607e-31,5.774100747018197e-10,9.480749056372763e-13,3.003155213080882e-39,6.219293934719545e-09,7.753171996268527e-09,0.09284174068030404,0.00015244092264953048,3.873453619404099e-31,False,1e-24,True
UniGCN,random,5,209,restart,9412.303302999895,970.7884643319012,939.6019784545744,1311.1368324399252,1219.0490991687275,7.178734568446468,0.7404173540951773,0.7707663121159691,0.01281542591801948,0.014429751025349836,0.013441469337036006,0.015881017834785915,0.01477584603977903,0.8069650227297438,0.9086162597048907,0.9096920271671308,False,1e-24,False
UniGCN,random,5,210,base,0.00040083252491789935,6.02870660694005e-08,1.9737160036995235e-34,0.00048531810736218543,0.0006045942149018557,0.8259171022826977,0.00012422175302107403,3.264530084893251e-31,5.457579684008716e-10,8.961039252036757e-13,2.8234980078883457e-39,5.8783685484760825e-09,7.328163436585612e-09,0.09284174068030404,0.00015244092264953056,3.852940825244325e-31,False,1e-24,True
UniGCN,random,5,210,restart,9412.303302999893,970.7884643319014,939.6019784545741,1311.1368324399232,1219.049099168725,7.178734568446477,0.7404173540951786,0.7707663121159706,0.012815425918019478,0.01442975102534984,0.013441469337036003,0.015881017834785887,0.014775846039779,0.8069650227297448,0.9086162597048923,0.9096920271671326,False,1e-24,False
UniGCN,random,5,211,base,0.00037885993690212814,5.698228718277234e-08,1.867942073510915e-34,0.0004587142412416721,0.0005714519453131338,0.8259171022826978,0.00012422175302107398,3.268764922109687e-31,5.15840947574149e-10,8.469818576472843e-13,2.6721831882211474e-39,5.556131797985368e-09,6.926452731753677e-09,0.09284174068030404,0.00015244092264953048,3.8579389648770324e-31,False,1e-24,True
UniGCN,random,5,211,restart,9412.303302999893,970.7884643319014,939.6019784545744,1311.1368324399216,1219.0490991687227,7.178734568446486,0.7404173540951795,0.7707663121159721,0.012815425918019478,0.01442975102534984,0.013441469337036006,0.01588101783478587,0.014775846039778972,0.8069650227297458,0.9086162597048933,0.9096920271671344,False,1e-24,False
UniGCN,random,5,212,base,0.00035809182854830483,5.385866760943596e-08,1.7483284223321455e-34,0.000433568729305397,0.0005401264480428005,0.8259171022826977,0.00012422175302107411,3.2368872671711964e-31,4.87563899385424e-10,8.005525330341484e-13,2.501069965656974e-39,5.25155922123785e-09,6.546762754457775e-09,0.09284174068030404,0.00015244092264953064,3.8203155658175693e-31,False,1e-24,True
UniGCN,random,5,212,restart,9412.303302999891,970.7884643319014,939.6019784545744,1311.13683243992,1219.0490991687209,7.178734568446494,0.7404173540951804,0.7707663121159732,0.012815425918019476,0.01442975102534984,0.013441469337036006,0.01588101783478585,0.01477584603977895,0.8069650227297468,0.9086162597048945,0.9096920271671357,False,1e-24,False
UniGCN,random,5,213,base,0.00033846217343955914,5.09062766708441e-08,1.6605393250322403e-34,0.000409801628400848,0.0005105181323960172,0.8259171022826974,0.00012422175302107403,3.252654939480451e-31,4.608369248347605e-10,7.566683422566052e-13,2.3754833357284596e-39,4.963682514545154e-09,6.1878863861536805e-09,0.09284174068030401,0.00015244092264953056,3.8389252605606304e-31,False,1e-24,True
UniGCN,random,5,213,restart,9412.303302999888,970.7884643319014,939.6019784545742,1311.1368324399186,1219.049099168719,7.178734568446498,0.7404173540951812,0.7707663121159744,0.012815425918019471,0.01442975102534984,0.013441469337036004,0.015881017834785835,0.014775846039778927,0.8069650227297472,0.9086162597048955,0.909692027167137,False,1e-24,False
UniGCN,random,5,214,base,0.00031990856455406966,4.8115728062209056e-08,1.5620128353255048e-34,0.000387337377649519,0.0004825328669787055,0.8259171022826975,0.0001242217530210741,3.2371117953182602e-31,4.3557505294968055e-10,7.151897677512397e-13,2.2345363368239756e-39,4.691586454088165e-09,5.848682679370647e-09,0.09284174068030403,0.0001524409226495306,3.8205805637320447e-31,False,1e-24,True
UniGCN,random,5,214,restart,9412.303302999888,970.7884643319014,939.6019784545744,1311.1368324399175,1219.0490991687177,7.1787345684465045,0.7404173540951818,0.7707663121159753,0.012815425918019471,0.01442975102534984,0.013441469337036006,0.01588101783478582,0.014775846039778912,0.8069650227297479,0.9086162597048962,0.9096920271671382,False,1e-24,False
UniGCN,random,5,215,base,0.0003023720158593172,4.547815001136013e-08,1.4901196820223518e-34,0.00036610455822214024,0.00045608168043299375,0.8259171022826975,0.00012422175302107403,3.267221083310484e-31,4.1169797064361925e-10,6.759849399416403e-13,2.1316896381339007e-39,4.4344059862177836e-09,5.52807323038666e-09,0.09284174068030403,0.00015244092264953056,3.8561168589743877e-31,False,1e-24,True
UniGCN,random,5,215,restart,9412.303302999888,970.7884643319012,939.6019784545742,1311.1368324399166,1219.0490991687163,7.17873456844651,0.7404173540951822,0.7707663121159761,0.012815425918019471,0.014429751025349836,0.013441469337036004,0.015881017834785807,0.014775846039778894,0.8069650227297486,0.9086162597048967,0.9096920271671392,False,1e-24,False
UniGCN,random,5,216,base,0.00028579677478242143,4.298515707341499e-08,1.413854838842172e-34,0.0003460356662823989,0.000431080478577562,0.8259171022826975,0.00012422175302107414,3.2797932383936166e-31,3.89129767382833e-10,6.389292179958088e-13,2.0225890216381463e-39,4.191323477257738e-09,5.225038750744125e-09,0.09284174068030403,0.00015244092264953067,3.870955064878895e-31,False,1e-24,True
UniGCN,random,5,216,restart,9412.303302999886,970.7884643319013,939.6019784545742,1311.1368324399155,1219.0490991687152,7.178734568446514,0.7404173540951828,0.7707663121159768,0.012815425918019468,0.014429751025349838,0.013441469337036004,0.015881017834785793,0.01477584603977888,0.806965022729749,0.9086162597048975,0.9096920271671399,False,1e-24,False
UniGCN,random,5,217,base,0.00027013014496036163,4.062882347159258e-08,1.3325340447115137e-34,0.0003270668983772909,0.00040744977705361166,0.8259171022826975,0.00012422175302107411,3.2704252640594297e-31,3.677986938499974e-10,6.039047935653403e-13,1.9062556181507983e-39,3.961566114066023e-09,4.9386158267060716e-09,0.09284174068030403,0.00015244092264953064,3.8598985728805344e-31,False,1e-24,True
UniGCN,random,5,217,restart,9412.303302999886,970.7884643319013,939.6019784545742,1311.1368324399148,1219.049099168714,7.178734568446519,0.7404173540951833,0.7707663121159775,0.012815425918019468,0.014429751025349838,0.013441469337036004,0.015881017834785786,0.014775846039778866,0.8069650227297496,0.908616259704898,0.9096920271671407,False,1e-24,False
UniGCN,random,5,218,base,0.00025532231870656574,3.840165789941341e-08,1.2705850502972767e-34,0.0003091379485918106,0.0003851144486264822,0.8259171022826975,0.00012422175302107411,3.299240147516775e-31,3.476369338372339e-10,5.708003162465937e-13,1.8176345287988205e-39,3.744403447090729e-09,4.6678938563504815e-09,0.09284174068030403,0.00015244092264953064,3.8939071554208587e-31,False,1e-24,True
UniGCN,random,5,218,restart,9412.303302999884,970.7884643319014,939.6019784545745,1311.136832439914,1219.0490991687132,7.1787345684465205,0.7404173540951837,0.7707663121159781,0.012815425918019466,0.01442975102534984,0.013441469337036008,0.01588101783478578,0.014775846039778856,0.8069650227297497,0.9086162597048986,0.9096920271671415,False,1e-24,False
UniGCN,random,5,219,base,0.00024132621866124158,3.629657970417655e-08,1.1929928504520263e-34,0.00029219181682308803,0.00036400348433953024,0.8259171022826974,0.00012422175302107406,3.277421513194205e-31,3.285803886433627e-10,5.395105395730882e-13,1.7066350631816326e-39,3.5391450681091084e-09,4.412012154565062e-09,0.09284174068030401,0.00015244092264953059,3.868155851329184e-31,False,1e-24,True
UniGCN,random,5,219,restart,9412.303302999884,970.7884643319014,939.6019784545745,1311.1368324399136,1219.0490991687125,7.178734568446523,0.740417354095184,0.7707663121159787,0.012815425918019466,0.01442975102534984,0.013441469337036008,0.015881017834785773,0.014775846039778847,0.80696502272975,0.908616259704899,0.9096920271671421,False,1e-24,False
UniGCN,random,5,220,base,0.0002280973481220221,3.430689637599646e-08,1.1243085430739017e-34,0.0002761746275644358,0.00034404976776092685,0.8259171022826978,0.0001242217530210741,3.267866013661026e-31,3.105684732899333e-10,5.099359864136757e-13,1.608378776719029e-39,3.345138415266906e-09,4.1701572167386225e-09,0.09284174068030404,0.0001524409226495306,3.85687803390996e-31,False,1e-24,True
UniGCN,random,5,220,restart,9412.303302999882,970.7884643319013,939.6019784545744,1311.1368324399127,1219.0490991687118,7.178734568446526,0.7404173540951843,0.7707663121159789,0.012815425918019463,0.014429751025349838,0.013441469337036006,0.015881017834785762,0.01477584603977884,0.8069650227297503,0.9086162597048992,0.9096920271671424,False,1e-24,False
UniGCN,random,5,221,base,0.00021559364957909145,3.242628227083139e-08,1.0638853080733173e-34,0.00026103545862317954,0.0003251898616056542,0.8259171022826975,0.00012422175302107398,3.271582031556236e-31,2.935439239081572e-10,4.819826327127039e-13,1.5219403613976056e-39,3.161766698439674e-09,3.941560132449716e-09,0.09284174068030403,0.00015244092264953048,3.861263840345639e-31,False,1e-24,True
UniGCN,random,5,221,restart,9412.30330299988,970.7884643319013,939.6019784545745,1311.1368324399125,1219.049099168711,7.178734568446528,0.7404173540951845,0.7707663121159795,0.012815425918019461,0.014429751025349838,0.013441469337036008,0.01588101783478576,0.014775846039778832,0.8069650227297506,0.9086162597048996,0.909692027167143,False,1e-24,False
UniGCN,random,5,222,base,0.0002037753710050456,3.064875849985991e-08,9.971162538544334e-35,0.00024672617922772674,0.00030736380605432323,0.8259171022826977,0.00012422175302107398,3.2440913152871487e-31,2.774526156843849e-10,4.555616085667162e-13,1.4264239389628466e-39,2.9884469383203332e-09,3.725494140930076e-09,0.09284174068030404,0.00015244092264953048,3.8288180976892845e-31,False,1e-24,True
UniGCN,random,5,222,restart,9412.303302999884,970.7884643319014,939.6019784545745,1311.136832439912,1219.0490991687109,7.178734568446531,0.7404173540951848,0.7707663121159797,0.012815425918019466,0.01442975102534984,0.013441469337036008,0.015881017834785755,0.014775846039778828,0.8069650227297509,0.9086162597048999,0.9096920271671433,False,1e-24,False
UniGCN,random,5,223,base,0.00019260493947439105,2.896867392126884e-08,9.490783549013307e-35,0.00023320129700918287,0.00029051492812762723,0.8259171022826977,0.000124221753021074,3.2668832580072695e-31,2.6224339078533326e-10,4.3058891568734295e-13,1.3577033572059e-39,2.824628112998823e-09,3.5212723205311643e-09,0.09284174068030404,0.0001524409226495305,3.8557181428134985e-31,False,1e-24,True
UniGCN,random,5,223,restart,9412.30330299988,970.7884643319014,939.6019784545745,1311.1368324399116,1219.0490991687102,7.17873456844653,0.740417354095185,0.77076631211598,0.012815425918019461,0.01442975102534984,0.013441469337036008,0.015881017834785748,0.01477584603977882,0.8069650227297508,0.9086162597049002,0.9096920271671437,False,1e-24,False
UniGCN,random,5,224,base,0.000182046841710892,2.738068717402165e-08,9.02256013993678e-35,0.000220417813371033,0.00027458966151038553,0.8259171022826977,0.00012422175302107403,3.285833884024628e-31,2.478678957160016e-10,4.069851603521353e-13,1.2907216911355908e-39,2.6697894061413875e-09,3.328245404848068e-09,0.09284174068030404,0.00015244092264953056,3.8780844983830497e-31,False,1e-24,True
UniGCN,random,5,224,restart,9412.30330299988,970.7884643319014,939.6019784545745,1311.1368324399116,1219.0490991687102,7.178734568446532,0.7404173540951852,0.7707663121159801,0.012815425918019461,0.01442975102534984,0.013441469337036008,0.015881017834785748,0.01477584603977882,0.806965022729751,0.9086162597049003,0.9096920271671438,False,1e-24,False
UniGCN,random,5,225,base,0.0001720675111829987,2.5879749696488567e-08,8.49908574150535e-35,0.00020833508678707915,0.0002595373762523627,0.8259171022826975,0.000124221753021074,3.2747058879262206e-31,2.342804275932005e-10,3.846753009943357e-13,1.2158360987615472e-39,2.523438551200086e-09,3.145799718557793e-09,0.09284174068030403,0.0001524409226495305,3.8649507519154884e-31,False,1e-24,True
UniGCN,random,5,225,restart,9412.30330299988,970.7884643319014,939.6019784545745,1311.1368324399111,1219.0490991687097,7.178734568446534,0.7404173540951854,0.7707663121159805,0.012815425918019461,0.01442975102534984,0.013441469337036008,0.01588101783478574,0.014775846039778814,0.8069650227297512,0.9086162597049006,0.9096920271671443,False,1e-24,False
UniGCN,random,5,226,base,0.000162635221388408,2.4461089675950822e-08,7.999625488351008e-35,0.0001969147035930256,0.00024531021780444125,0.8259171022826975,0.000124221753021074,3.2610241676635846e-31,2.2143778884596183e-10,3.6358840962911384e-13,1.1443858482109423e-39,2.385110266388391e-09,2.973355226409464e-09,0.09284174068030403,0.0001524409226495305,3.848802988780015e-31,False,1e-24,True
UniGCN,random,5,226,restart,9412.30330299988,970.7884643319014,939.6019784545745,1311.136832439911,1219.0490991687093,7.178734568446535,0.7404173540951855,0.7707663121159807,0.012815425918019461,0.01442975102534984,0.013441469337036008,0.01588101783478574,0.01477584603977881,0.8069650227297513,0.9086162597049008,0.9096920271671445,False,1e-24,False
UniGCN,random,5,227,base,0.00015371998498848468,2.3120196877950994e-08,7.59421709423648e-35,0.0001861203558609311,0.00023186295487840974,0.8259171022826975,0.00012422175302107406,3.2753041977830956e-31,2.0929914988089223e-10,3.4365744635779185e-13,1.086390179582932e-39,2.254364775447324e-09,2.8103636891637856e-09,0.09284174068030403,0.00015244092264953059,3.8656569033105595e-31,False,1e-24,True
UniGCN,random,5,227,restart,9412.303302999882,970.7884643319012,939.6019784545744,1311.136832439911,1219.049099168709,7.1787345684465365,0.7404173540951854,0.7707663121159807,0.012815425918019463,0.014429751025349836,0.013441469337036006,0.01588101783478574,0.014775846039778806,0.8069650227297516,0.9086162597049006,0.9096920271671445,False,1e-24,False
UniGCN,random,5,228,base,0.0001452934584718695,2.185280830725855e-08,7.153855151928373e-35,0.00017591772596826303,0.00021915283564667788,0.8259171022826977,0.00012422175302107403,3.2643224217559047e-31,1.9782591927585104e-10,3.2481904623315513e-13,1.0233942336349723e-39,2.13078640949931e-09,2.6563069206190502e-09,0.09284174068030404,0.00015244092264953056,3.852695732150075e-31,False,1e-24,True
UniGCN,random,5,228,restart,9412.30330299988,970.7884643319013,939.6019784545744,1311.1368324399104,1219.0490991687088,7.178734568446537,0.7404173540951856,0.7707663121159809,0.012815425918019461,0.014429751025349838,0.013441469337036006,0.015881017834785734,0.014775846039778804,0.8069650227297517,0.9086162597049009,0.9096920271671447,False,1e-24,False
UniGCN,random,5,229,base,0.00013732885204417787,2.065489465486378e-08,6.738715549155943e-35,0.00016627437749457393,0.00020713945182474682,0.8259171022826974,0.00012422175302107395,3.253226505039381e-31,1.8698162108927094e-10,3.0701331780825055e-13,9.640064676531162e-40,2.013982285544742e-09,2.5106951401824226e-09,0.09284174068030401,0.00015244092264953045,3.8395998471685142e-31,False,1e-24,True
UniGCN,random,5,229,restart,9412.30330299988,970.7884643319013,939.6019784545744,1311.1368324399102,1219.0490991687086,7.178734568446537,0.7404173540951857,0.770766312115981,0.012815425918019461,0.014429751025349838,0.013441469337036006,0.01588101783478573,0.0147758460397788,0.8069650227297517,0.908616259704901,0.9096920271671449,False,1e-24,False
UniGCN,random,5,230,base,0.00012980084445730962,1.9522647487911868e-08,6.308643380769235e-35,0.0001571596520989354,0.00019578461020432173,0.8259171022826977,0.000124221753021074,3.2222366069455126e-31,1.7673177889506006e-10,2.9018365272820894e-13,9.024825245725516e-40,1.9035810573998954e-09,2.373065415748941e-09,0.09284174068030404,0.0001524409226495305,3.8030242174665354e-31,False,1e-24,True
UniGCN,random,5,230,restart,9412.30330299988,970.7884643319013,939.6019784545744,1311.1368324399102,1219.0490991687084,7.178734568446537,0.7404173540951857,0.7707663121159811,0.012815425918019461,0.014429751025349838,0.013441469337036006,0.01588101783478573,0.014775846039778799,0.8069650227297517,0.908616259704901,0.909692027167145,False,1e-24,False
UniGCN,random,5,231,base,0.00012268550250759175,1.8452467141851184e-08,6.035194256465003e-35,0.00014854457205028132,0.0001850522112286422,0.8259171022826975,0.00012422175302107403,3.2613467390606792e-31,1.6704380617440595e-10,2.74276545759745e-13,8.633642797853266e-40,1.7992317351051514e-09,2.2429801919378086e-09,0.09284174068030403,0.00015244092264953056,3.8491837016154316e-31,False,1e-24,True
UniGCN,random,5,231,restart,9412.30330299988,970.7884643319013,939.6019784545744,1311.13683243991,1219.0490991687084,7.17873456844654,0.7404173540951859,0.7707663121159811,0.012815425918019461,0.014429751025349838,0.013441469337036006,0.015881017834785727,0.014775846039778799,0.8069650227297519,0.9086162597049013,0.909692027167145,False,1e-24,False
UniGCN,random,5,232,base,0.00011596020494682288,1.7440951276302357e-08,5.737012701966015e-35,0.00014040174810078172,0.00017490813422399478,0.8259171022826977,0.00012422175302107406,3.2800148074411187e-31,1.5788690271601433e-10,2.5924142468616925e-13,8.20707938977487e-40,1.7006025690501658e-09,2.1200258990069156e-09,0.09284174068030404,0.00015244092264953059,3.8712165703349734e-31,False,1e-24,True
UniGCN,random,5,232,restart,9412.30330299988,970.7884643319013,939.6019784545744,1311.13683243991,1219.049099168708,7.17873456844654,0.7404173540951859,0.7707663121159815,0.012815425918019461,0.014429751025349838,0.013441469337036006,0.015881017834785727,0.014775846039778794,0.8069650227297519,0.9086162597049013,0.9096920271671454,False,1e-24,False
UniGCN,random,5,233,base,0.00010960357056431408,1.648488405826453e-08,5.42476757083295e-35,0.0001327052924093569,0.0001653201289225332,0.8259171022826974,0.00012422175302107395,3.281371485849084e-31,1.4923195669541457e-10,2.4503048952710863e-13,7.760397342269284e-40,1.607379995268373e-09,2.003811638023017e-09,0.09284174068030401,0.00015244092264953045,3.872817781378782e-31,False,1e-24,True
UniGCN,random,5,233,restart,9412.30330299988,970.7884643319013,939.6019784545744,1311.13683243991,1219.049099168708,7.17873456844654,0.7404173540951859,0.7707663121159815,0.012815425918019461,0.014429751025349838,0.013441469337036006,0.015881017834785727,0.014775846039778794,0.8069650227297519,0.9086162597049013,0.9096920271671454,False,1e-24,False
UniGCN,random,5,234,base,0.00010359539021128397,1.5581225938269934e-08,5.088822103648983e-35,0.000125430736238496,0.0001562577129315329,0.8259171022826977,0.00012422175302107406,3.256685387350281e-31,1.4105145212202104e-10,2.3159856057178097e-13,7.279810796091866e-40,1.5192676385476742e-09,1.8939679381074337e-09,0.09284174068030404,0.00015244092264953059,3.8436821709697418e-31,False,1e-24,True
UniGCN,random,5,234,restart,9412.30330299988,970.7884643319013,939.6019784545744,1311.1368324399098,1219.049099168708,7.178734568446541,0.740417354095186,0.7707663121159815,0.012815425918019461,0.014429751025349838,0.013441469337036006,0.015881017834785727,0.014775846039778794,0.806965022729752,0.9086162597049015,0.9096920271671454,False,1e-24,False
UniGCN,random,5,235,base,9.791656255149804e-05,1.4727103986982722e-08,4.7980949921246593e-35,0.00011855495216272061,0.00014769207482311227,0.8259171022826977,0.00012422175302107398,3.2487152732272455e-31,1.333193813597039e-10,2.1890293474268505e-13,6.8639113360431905e-40,1.4359853701879917e-09,1.790145581806287e-09,0.09284174068030404,0.00015244092264953048,3.834275494575916e-31,False,1e-24,True
UniGCN,random,5,235,restart,9412.30330299988,970.7884643319013,939.6019784545744,1311.1368324399098,1219.049099168708,7.178734568446541,0.740417354095186,0.7707663121159815,0.012815425918019461,0.014429751025349838,0.013441469337036006,0.015881017834785727,0.014775846039778794,0.806965022729752,0.9086162597049015,0.9096920271671454,False,1e-24,False
UniGCN,random,5,236,base,9.254903333388968e-05,1.3919802761520359e-08,4.5306982773410037e-35,0.0001120560805413758,0.00013959598253632144,0.8259171022826977,0.00012422175302107398,3.2455792745770192e-31,1.2601116244275282e-10,2.0690324983305986e-13,6.481387158252474e-40,1.357268417410075e-09,1.6920144948508578e-09,0.09284174068030404,0.00015244092264953048,3.8305742521572042e-31,False,1e-24,True
UniGCN,random,5,236,restart,9412.303302999879,970.7884643319013,939.6019784545744,1311.1368324399098,1219.0490991687077,7.17873456844654,0.740417354095186,0.7707663121159816,0.01281542591801946,0.014429751025349838,0.013441469337036006,0.015881017834785727,0.01477584603977879,0.8069650227297519,0.9086162597049015,0.9096920271671455,False,1e-24,False
UniGCN,random,5,237,base,8.74757379940967e-05,1.3156755672459094e-08,4.325771400469554e-35,0.00010591346002199047,0.00013194369680038812,0.8259171022826975,0.00012422175302107398,3.2784979543311004e-31,1.191035609243627e-10,1.9556135618648723e-13,6.188229162104713e-40,1.2828665215841867e-09,1.5992626967783684e-09,0.09284174068030403,0.00015244092264953048,3.8694263141199874e-31,False,1e-24,True
UniGCN,random,5,237,restart,9412.30330299988,970.7884643319013,939.6019784545744,1311.1368324399095,1219.0490991687075,7.178734568446542,0.7404173540951862,0.7707663121159817,0.012815425918019461,0.014429751025349838,0.013441469337036006,0.015881017834785724,0.014775846039778787,0.8069650227297521,0.9086162597049016,0.9096920271671457,False,1e-24,False
UniGCN,random,5,238,base,8.268054740243122e-05,1.2435536824077675e-08,4.062948867340754e-35,0.00010010756185326099,0.00012471088930387426,0.8259171022826974,0.00012422175302107398,3.257894230423497e-31,1.1257461600918059e-10,1.8484119541068368e-13,5.812248576586641e-40,1.2125431426024826e-09,1.511595309076984e-09,0.09284174068030401,0.00015244092264953048,3.8451089003019854e-31,False,1e-24,True
UniGCN,random,5,238,restart,9412.30330299988,970.7884643319013,939.6019784545744,1311.1368324399095,1219.0490991687075,7.178734568446542,0.7404173540951862,0.7707663121159817,0.012815425918019461,0.014429751025349838,0.013441469337036006,0.015881017834785724,0.014775846039778787,0.8069650227297521,0.9086162597049016,0.9096920271671457,False,1e-24,False
UniGCN,random,5,239,base,7.814821658580358e-05,1.1753853301897498e-08,3.8671558322214615e-35,9.461992779882497e-05,0.00011787456534958505,0.8259171022826977,0.0001242217530210741,3.280738148007156e-31,1.0640357073507264e-10,1.7470868573988428e-13,5.532156991180468e-40,1.1460747068656123e-09,1.428733617701705e-09,0.09284174068030404,0.0001524409226495306,3.8720702884276134e-31,False,1e-24,True
UniGCN,random,5,239,restart,9412.30330299988,970.7884643319013,939.6019784545744,1311.1368324399095,1219.0490991687075,7.178734568446542,0.7404173540951862,0.7707663121159817,0.012815425918019461,0.014429751025349838,0.013441469337036006,0.015881017834785724,0.014775846039778787,0.8069650227297521,0.9086162597049016,0.9096920271671457,False,1e-24,False
UniGCN,random,5,240,base,7.386433626057593e-05,1.1109537882999529e-08,3.6667380809692523e-35,8.943311145443915e-05,0.00011141299074933266,0.8259171022826977,0.00012422175302107406,3.2911225668638786e-31,1.0057080598214349e-10,1.6513161368135904e-13,5.245449521440448e-40,1.083249896492722e-09,1.3504141869806776e-09,0.09284174068030404,0.00015244092264953059,3.8843264325950856e-31,False,1e-24,True
UniGCN,random,5,240,restart,9412.303302999879,970.7884643319013,939.6019784545744,1311.1368324399095,1219.0490991687075,7.178734568446541,0.7404173540951862,0.7707663121159817,0.01281542591801946,0.014429751025349838,0.013441469337036006,0.015881017834785724,0.014775846039778787,0.806965022729752,0.9086162597049016,0.9096920271671457,False,1e-24,False
UniGCN,random,5,241,base,6.981528702225763e-05,1.0500542145942637e-08,3.425570008509183e-35,8.453062278199563e-05,0.00010530562272613785,0.8259171022826977,0.00012422175302107406,3.2529792045557357e-31,9.505777809920831e-11,1.560795316015848e-13,4.900446709039408e-40,1.023868977495102e-09,1.27638802209484e-09,0.09284174068030404,0.00015244092264953059,3.839307972348935e-31,False,1e-24,True
UniGCN,random,5,241,restart,9412.303302999879,970.7884643319013,939.6019784545744,1311.1368324399095,1219.0490991687075,7.178734568446541,0.7404173540951862,0.7707663121159817,0.01281542591801946,0.014429751025349838,0.013441469337036006,0.015881017834785724,0.014775846039778787,0.806965022729752,0.9086162597049016,0.9096920271671457,False,1e-24,False
UniGCN,random,5,242,base,6.598819604640158e-05,9.924929958378029e-09,3.23320709510367e-35,7.989687568403799e-05,9.953304460419131e-05,0.8259171022826977,0.00012422175302107411,3.2483755600574898e-31,8.984695994941791e-11,1.4752366092647284e-13,4.625262081780972e-40,9.677431647775918e-10,1.206419777468236e-09,0.09284174068030404,0.00015244092264953064,3.8338745502725743e-31,False,1e-24,True
UniGCN,random,5,242,restart,9412.30330299988,970.7884643319013,939.6019784545744,1311.1368324399093,1219.0490991687072,7.178734568446543,0.7404173540951863,0.7707663121159819,0.012815425918019461,0.014429751025349838,0.013441469337036006,0.01588101783478572,0.014775846039778785,0.8069650227297522,0.9086162597049017,0.9096920271671459,False,1e-24,False
UniGCN,random,5,243,base,6.23708961630438e-05,9.380871321655637e-09,3.0441287272613175e-35,7.551713845210494e-05,9.40769040789402e-05,0.8259171022826977,0.0001242217530210741,3.2357875262423397e-31,8.492178518760832e-11,1.3943680064790722e-13,4.354776158812828e-40,9.146940219489454e-10,1.1402870085522965e-09,0.09284174068030404,0.0001524409226495306,3.819017603595811e-31,False,1e-24,True
UniGCN,random,5,243,restart,9412.30330299988,970.7884643319013,939.6019784545744,1311.1368324399093,1219.0490991687072,7.178734568446543,0.7404173540951863,0.7707663121159819,0.012815425918019461,0.014429751025349838,0.013441469337036006,0.01588101783478572,0.014775846039778785,0.8069650227297522,0.9086162597049017,0.9096920271671459,False,1e-24,False
UniGCN,random,5,244,base,5.895188717457483e-05,8.866636552853078e-09,2.892948387191827e-35,7.137748693136589e-05,8.891985487104676e-05,0.8259171022826975,0.0001242217530210741,3.2534335457331043e-31,8.026659559221972e-11,1.31793240845715e-13,4.138505232186104e-40,8.645528940330169e-10,1.0777794646253467e-09,0.09284174068030403,0.0001524409226495306,3.8398442056276463e-31,False,1e-24,True
UniGCN,random,5,244,restart,9412.30330299988,970.7884643319013,939.6019784545744,1311.1368324399093,1219.0490991687072,7.178734568446543,0.7404173540951863,0.7707663121159819,0.012815425918019461,0.014429751025349838,0.013441469337036006,0.01588101783478572,0.014775846039778785,0.8069650227297522,0.9086162597049017,0.9096920271671459,False,1e-24,False
UniGCN,random,5,245,base,5.5720299294064204e-05,8.38059078573045e-09,2.718232228532133e-35,6.74647602526483e-05,8.404550157872384e-05,0.8259171022826977,0.00012422175302107403,3.2342388081127886e-31,7.586659128434175e-11,1.2456868095013422e-13,3.888565157222487e-40,8.171603712772322e-10,1.018698420358987e-09,0.09284174068030404,0.00015244092264953056,3.817189738894623e-31,False,1e-24,True
UniGCN,random,5,245,restart,9412.30330299988,970.7884643319013,939.6019784545744,1311.1368324399093,1219.0490991687072,7.178734568446543,0.7404173540951863,0.7707663121159819,0.012815425918019461,0.014429751025349838,0.013441469337036006,0.01588101783478572,0.014775846039778785,0.8069650227297522,0.9086162597049017,0.9096920271671459,False,1e-24,False
UniGCN,random,5,246,base,5.2665858587799895e-05,7.921188773128456e-09,2.577801580976033e-35,6.376651899111934e-05,7.943834755312077e-05,0.8259171022826977,0.0001242217530210741,3.245034244011994e-31,7.170778367561995e-11,1.177401524849206e-13,3.6876721954803165e-40,7.72365782353674e-10,9.628560440262541e-10,0.09284174068030404,0.0001524409226495306,3.8299309833067472e-31,False,1e-24,True
UniGCN,random,5,246,restart,9412.30330299988,970.7884643319013,939.6019784545744,1311.1368324399093,1219.0490991687072,7.178734568446543,0.7404173540951863,0.7707663121159819,0.012815425918019461,0.014429751025349838,0.013441469337036006,0.01588101783478572,0.014775846039778785,0.8069650227297522,0.9086162597049017,0.9096920271671459,False,1e-24,False
UniGCN,random,5,247,base,4.9778854312177245e-05,7.486969974285337e-09,2.4289863306625273e-35,6.027100561859874e-05,7.5083745631044e-05,0.8259171022826974,0.000124221753021074,3.2350361722740733e-31,6.77769509954347e-11,1.1128594604547273e-13,3.474784646300998e-40,7.300267153415544e-10,9.100748003429539e-10,0.09284174068030401,0.0001524409226495305,3.8181308228637424e-31,False,1e-24,True
UniGCN,random,5,247,restart,9412.303302999879,970.7884643319013,939.6019784545744,1311.1368324399093,1219.0490991687072,7.178734568446542,0.7404173540951863,0.7707663121159819,0.01281542591801946,0.014429751025349838,0.013441469337036006,0.01588101783478572,0.014775846039778785,0.8069650227297521,0.9086162597049017,0.9096920271671459,False,1e-24,False
UniGCN,random,5,248,base,4.7050108041094095e-05,7.0765539114543185e-09,2.309666423659619e-35,5.6967107123772376e-05,7.096785156838079e-05,0.8259171022826975,0.000124221753021074,3.2545249329326944e-31,6.406159625596383e-11,1.0518554227982682e-13,3.3040916392560885e-40,6.90008564968173e-10,8.601868860436672e-10,0.09284174068030403,0.0001524409226495305,3.8411323084136824e-31,False,1e-24,True
UniGCN,random,5,248,restart,9412.303302999879,970.7884643319013,939.6019784545744,1311.1368324399093,1219.0490991687072,7.178734568446542,0.7404173540951863,0.7707663121159819,0.01281542591801946,0.014429751025349838,0.013441469337036006,0.01588101783478572,0.014775846039778785,0.8069650227297521,0.9086162597049017,0.9096920271671459,False,1e-24,False
UniGCN,random,5,249,base,4.447094448570089e-05,6.688635781059015e-09,2.188877821047605e-35,5.384431968146754e-05,6.707758002618039e-05,0.8259171022826977,0.000124221753021074,3.263203323962024e-31,6.05499075214898e-11,9.94195466530909e-14,3.1312975907651287e-40,6.521841046689381e-10,8.130336963979966e-10,0.09284174068030404,0.0001524409226495305,3.851374924111749e-31,False,1e-24,True
UniGCN,random,5,249,restart,9412.303302999879,970.7884643319013,939.6019784545744,1311.1368324399093,1219.0490991687072,7.178734568446542,0.7404173540951863,0.7707663121159819,0.01281542591801946,0.014429751025349838,0.013441469337036006,0.01588101783478572,0.014775846039778785,0.8069650227297521,0.9086162597049017,0.9096920271671459,False,1e-24,False
UniGCN,random,5,250,base,4.203316391373587e-05,6.321982305433853e-09,2.0784884831628665e-35,5.0892715258666036e-05,6.340056296946309e-05,0.8259171022826974,0.00012422175302107395,3.2783438913057786e-31,5.7230720355639804e-11,9.396962778792254e-14,2.9733802029416253e-40,6.164330821059354e-10,7.68465320970998e-10,0.09284174068030401,0.00015244092264953045,3.869244482216318e-31,False,1e-24,True
UniGCN,random,5,250,restart,9412.303302999879,970.7884643319013,939.6019784545744,1311.1368324399093,1219.0490991687072,7.178734568446542,0.7404173540951863,0.7707663121159819,0.01281542591801946,0.014429751025349838,0.013441469337036006,0.01588101783478572,0.014775846039778785,0.8069650227297521,0.9086162597049017,0.9096920271671459,False,1e-24,False
UniGCN,random,5,251,base,3.9729016080759823e-05,5.975427811961185e-09,1.9539704194527008e-35,4.810291005108796e-05,5.9925110346497144e-05,0.8259171022826977,0.00012422175302107395,3.2606872280326444e-31,5.409348232716931e-11,8.881845918501963e-14,2.7952509765621595e-40,5.826418368591079e-10,7.263400670246979e-10,0.09284174068030404,0.00015244092264953045,3.8484053179281824e-31,False,1e-24,True
UniGCN,random,5,251,restart,9412.303302999879,970.7884643319013,939.6019784545744,1311.1368324399093,1219.0490991687072,7.178734568446542,0.7404173540951863,0.7707663121159819,0.01281542591801946,0.014429751025349838,0.013441469337036006,0.01588101783478572,0.014775846039778785,0.8069650227297521,0.9086162597049017,0.9096920271671459,False,1e-24,False
UniGCN,random,5,252,base,3.755117559041218e-05,5.647870527139811e-09,1.8533846104330645e-35,4.5466034649999336e-05,5.6640172923535015e-05,0.8259171022826977,0.000124221753021074,3.2722086017201225e-31,5.112821946144568e-11,8.394966413834088e-14,2.6513580198974493e-40,5.507029390746042e-10,6.865240090454952e-10,0.09284174068030404,0.0001524409226495305,3.8620033457879354e-31,False,1e-24,True
UniGCN,random,5,252,restart,9412.303302999879,970.7884643319013,939.6019784545744,1311.1368324399093,1219.0490991687072,7.178734568446542,0.7404173540951863,0.7707663121159819,0.01281542591801946,0.014429751025349838,0.013441469337036006,0.01588101783478572,0.014775846039778785,0.8069650227297521,0.9086162597049017,0.9096920271671459,False,1e-24,False
UniGCN,random,5,253,base,3.549271860535336e-05,5.3382690738029635e-09,1.751089327984094e-35,4.297370584439696e-05,5.353530715685158e-05,0.8259171022826975,0.000124221753021074,3.270905540625044e-31,4.8325504530973444e-11,7.934776366992966e-14,2.505019577249337e-40,5.205148479214747e-10,6.488905629652852e-10,0.09284174068030403,0.0001524409226495305,3.8604654162359157e-31,False,1e-24,True
UniGCN,random,5,253,restart,9412.303302999879,970.7884643319013,939.6019784545744,1311.1368324399093,1219.0490991687072,7.178734568446542,0.7404173540951863,0.7707663121159819,0.01281542591801946,0.014429751025349838,0.013441469337036006,0.01588101783478572,0.014775846039778785,0.8069650227297521,0.9086162597049017,0.9096920271671459,False,1e-24,False
UniGCN,random,5,254,base,3.3547100834852176e-05,5.045639160349632e-09,1.6592376321367286e-35,4.061799996892372e-05,5.0600641990405305e-05,0.8259171022826977,0.00012422175302107398,3.2790841516424764e-31,4.5676427084149856e-11,7.499812731881456e-14,2.373621199894089e-40,4.919815887708783e-10,6.133200837226678e-10,0.09284174068030404,0.00015244092264953048,3.8701181697604367e-31,False,1e-24,True
UniGCN,random,5,254,restart,9412.30330299988,970.7884643319013,939.6019784545744,1311.1368324399093,1219.0490991687072,7.178734568446543,0.7404173540951863,0.7707663121159819,0.012815425918019461,0.014429751025349838,0.013441469337036006,0.01588101783478572,0.014775846039778785,0.8069650227297522,0.9086162597049017,0.9096920271671459,False,1e-24,False
UniGCN,random,5,255,base,3.1708136729035864e-05,4.7690504514635165e-09,1.5725536033477362e-35,3.839142771278115e-05,4.782684747356454e-05,0.8259171022826977,0.000124221753021074,3.2880143400982844e-31,4.317256511696542e-11,7.088692662753285e-14,2.2496154249281396e-40,4.6501244807147704e-10,5.796994848847947e-10,0.09284174068030404,0.0001524409226495305,3.8806579677661986e-31,False,1e-24,True
UniGCN,random,5,255,restart,9412.30330299988,970.7884643319013,939.6019784545744,1311.1368324399093,1219.0490991687072,7.178734568446543,0.7404173540951863,0.7707663121159819,0.012815425918019461,0.014429751025349838,0.013441469337036006,0.01588101783478572,0.014775846039778785,0.8069650227297522,0.9086162597049017,0.9096920271671459,False,1e-24,False
UniGCN,random,5,256,base,2.996997981365692e-05,4.507623610370973e-09,1.4740547475188868e-35,3.62869103095515e-05,4.520510509912772e-05,0.8259171022826977,0.0001242217530210741,3.260814778079855e-31,4.080595829758758e-11,6.700109117840107e-14,2.108707957647767e-40,4.3952168495096283e-10,5.479218791205486e-10,0.09284174068030404,0.0001524409226495306,3.8485558580584244e-31,False,1e-24,True
UniGCN,random,5,256,restart,9412.303302999879,970.7884643319013,939.6019784545744,1311.1368324399093,1219.0490991687072,7.178734568446542,0.7404173540951863,0.7707663121159819,0.01281542591801946,0.014429751025349838,0.013441469337036006,0.01588101783478572,0.014775846039778785,0.8069650227297521,0.9086162597049017,0.9096920271671459,False,1e-24,False
UniGCN,random,6,0,base,737604.1562537766,67360.51094111317,70132.26368934735,82560.0,82663.47407964883,8.934158869352915,0.8158976615929405,0.8484069230113984,1.0,1.0,1.0,1.0,1.0,1.0,1.0,1.0,False,1e-24,False
UniGCN,random,6,0,restart,737604.1562537766,67360.51094111317,70132.26368934735,82560.0,82663.47407964883,8.934158869352915,0.8158976615929405,0.8484069230113984,1.0,1.0,1.0,1.0,1.0,1.0,1.0,1.0,False,1e-24,False
UniGCN,random,6,1,base,14304.948138158592,2550.882058282098,1879.1264716782682,4020.7945813924907,2875.587012946539,3.5577415977327718,0.6344223776283221,0.6534757818901041,0.01939380088476196,0.03786910198041831,0.026794037049793613,0.0487014847552385,0.03478667023086667,0.39821785685242156,0.7775759234187409,0.7702386250817105,False,1e-24,False
UniGCN,random,6,1,restart,33670.314979416304,4675.348308829681,3883.9343103380465,6760.178115736137,5348.783262458087,4.980684591880733,0.6916013496665934,0.7261341729059227,0.04564821753503224,0.06940785103184399,0.05538013613166733,0.081882002370835,0.06470552226373123,0.5574878021215974,0.8476569822694751,0.8558795941086009,False,1e-24,False
UniGCN,random,6,2,base,1324.4027628739352,293.4405608502792,190.21485585017467,607.8039059617629,421.08777240631895,2.178996794662346,0.48278821174396935,0.4517225821191294,0.0017955467734895292,0.004356269819669363,0.002712230375062984,0.007361965915234531,0.0050940004287817345,0.24389501312059908,0.5917264314759578,0.5324362282614948,False,1e-24,False
UniGCN,random,6,2,restart,12733.048937355035,1607.491933528047,1389.9098786692646,2379.938181368586,1952.5858673888215,5.350159528107105,0.6754343226695314,0.7118303486073986,0.017262713108918765,0.023864010398218668,0.019818408897022143,0.028826770607662134,0.02362090257067401,0.5988431150983783,0.8278419640899919,0.8390199670704892,False,1e-24,False
UniGCN,random,6,3,base,286.6100554520544,55.4953175637123,35.879739553010296,173.44497402823453,142.11394649590827,1.65245523577638,0.31995921400800237,0.25247162884216534,0.00038856892687226763,0.0008238553536541094,0.0005116010473002913,0.002100835441233461,0.0017191867155132755,0.18495924014121146,0.39215606205234255,0.2975831785365728,False,1e-24,False
UniGCN,random,6,3,restart,10227.328190488643,1139.5266692868336,1053.4634030995096,1627.9759683879038,1431.2250264083243,6.282235357943405,0.6999652890547549,0.7360571424209847,0.013865605425045729,0.01691683529958691,0.015021095109176178,0.019718701167489146,0.01731387462652845,0.7031703207666841,0.8579081936430093,0.8675755966351253,False,1e-24,False
UniGCN,random,6,4,base,108.1418390011962,13.912942941198958,9.545838319631214,83.06365589057167,83.01999100964534,1.3019152340665405,0.167497358405798,0.11498240608725396,0.00014661229615413045,0.0002065444983539645,0.000136111937893731,0.001006100483170684,0.001004312871361455,0.14572331353235002,0.2052921172476213,0.13552742554142166,False,1e-24,False
UniGCN,random,6,4,restart,9693.422823281267,1026.3776325034605,977.3541419429566,1427.053961718871,1298.2324437191987,6.792611270008069,0.7192283263536858,0.752834476346174,0.013141768170766914,0.015237082055400737,0.013935870461449408,0.01728505283089718,0.01570503125078328,0.7602966736251967,0.8815178179938405,0.8873506992069412,False,1e-24,False
UniGCN,random,6,5,base,61.21231066483902,4.262898436035254,3.1880349015757075,57.014254106060434,64.20765582617268,1.0736317018366877,0.07476899422564087,0.049651943534686445,8.298802297390879e-05,6.328482929355891e-05,4.5457464708357185e-05,0.0006905796282226312,0.0007767355115550383,0.12017154804797521,0.09164016241897734,0.058523736886125534,False,1e-24,False
UniGCN,random,6,5,restart,9536.453941432412,991.5509030624489,954.6499661782304,1358.855868025253,1253.3422170120145,7.018002545988334,0.729695419797107,0.7616834039582018,0.012928959063716751,0.014720062083989635,0.013612136782107544,0.01645901002937564,0.015161983342296747,0.7855247089977744,0.8943467473266999,0.897780750367555,False,1e-24,False
UniGCN,random,6,6,base,44.53568233006851,1.537733271723608,1.2472094339932418,46.91302551975701,55.76753060493734,0.949324453851579,0.03277838627304063,0.02236443716377897,6.037883863922504e-05,2.2828408666138245e-05,1.778367570620261e-05,0.0005682294757722505,0.0006746332793998421,0.1062578433777434,0.04017462951057469,0.026360507625747535,False,1e-24,False
UniGCN,random,6,6,restart,9479.815960381533,979.1134311780629,946.6034602103686,1331.75945498044,1235.0392214344408,7.118264432010934,0.735202913346272,0.7664561932785685,0.012852172645729984,0.014535421681020321,0.013497403483272302,0.016130807351991766,0.014940567586651899,0.7967470173861478,0.9010969732538247,0.9034063401534397,False,1e-24,False
UniGCN,random,6,7,base,36.984993270354586,0.6341703684827661,0.5439372033762272,41.68952758951463,50.739659703729295,0.8871530911675938,0.015211742736136612,0.01072015867966589,5.014206191325975e-05,9.414571825875257e-06,7.755876892632625e-06,0.00050496036324509,0.0006138099114348866,0.09929900555169428,0.01864417984289542,0.012635633195465878,False,1e-24,False
UniGCN,random,6,7,restart,9456.149632841934,974.1921150306005,943.3883950133416,1319.6016784664623,1226.380409489964,7.165912098438015,0.7382471020821451,0.7692461390554051,0.012820087241466811,0.014462362316138651,0.013451560599727744,0.01598354746204533,0.014835819848417068,0.8020802185440685,0.9048280646384104,0.9066947925471728,False,1e-24,False
UniGCN,random,6,8,base,32.77591121244994,0.28956451624653806,0.25485086912945387,38.26540219243135,47.08471202653805,0.8565416625604632,0.007567267025977112,0.00541260333047835,4.443563791575656e-05,4.298728026271602e-06,3.6338605903029494e-06,0.0004634859761680154,0.0005695951271195119,0.09587266972593032,0.009274774744669506,0.006379725558186695,False,1e-24,False
UniGCN,random,6,8,restart,9445.030937380732,972.0900356964305,941.9821719876367,1313.5365386616525,1221.725744342112,7.190535367218767,0.7400555729396626,0.7710258839596487,0.012805013173124147,0.014431155911899711,0.01343150958537672,0.015910084043866915,0.014779511240538248,0.8048362999100737,0.9070446059310852,0.9087925417002872,False,1e-24,False
UniGCN,random,6,9,base,29.981672646316014,0.14215722290243166,0.12499929367453112,35.63486468156819,44.09002715642195,0.84135783632774,0.003989273543557503,0.0028350922359621253,4.064737487189627e-05,2.110394070892753e-06,1.7823365038981014e-06,0.00043162384546473095,0.0005333677013615449,0.09417314473932989,0.004889428823424905,0.0033416656077004166,False,1e-24,False
UniGCN,random,6,9,restart,9439.255385695296,971.1360437670215,941.3213967652949,1310.195337496765,1218.9277346716235,7.2044641860272245,0.741214699803814,0.7722536537565,0.012797183022444454,0.014416993431299721,0.013422087741740406,0.01586961406851702,0.014745663042145418,0.8063953519721808,0.908465282712887,0.9102396890107941,False,1e-24,False
UniGCN,random,6,10,base,27.86177180912381,0.07356579001527454,0.06312026813695248,33.417752534348665,41.46887215035573,0.8337416401801975,0.002201398491405412,0.0015221120050744137,3.777333895545162e-05,1.0921204276432232e-06,9.000175499331566e-07,0.0004047692894179829,0.000501658956535013,0.0933206642474429,0.002698130654164948,0.0017940824901236266,False,1e-24,False
UniGCN,random,6,10,restart,9435.975352904457,970.6804928794533,940.9921416870001,1308.1739544424674,1217.0788641781435,7.213089146791636,0.7420117864165465,0.7731562591241148,0.012792736148381952,0.014410230553744257,0.013417392968450993,0.01584513026214229,0.014723296809488676,0.8073607434422159,0.909442227065413,0.9113035716161022,False,1e-24,False
UniGCN,random,6,11,base,26.100531270074846,0.03979140798980716,0.03248363142916532,31.45077520081248,39.09205912751454,0.8298851492029545,0.0012651964136254172,0.000830952171723849,3.538555341477064e-05,5.907230725223116e-07,4.631767138310606e-07,0.00038094446706410465,0.00047290607566103645,0.09288900738599264,0.0015506802791360815,0.00097942643934871,False,1e-24,False
UniGCN,random,6,11,restart,9433.957549233714,970.4529595930965,940.8198403512718,1306.842641810645,1215.7608456899382,7.218893267947593,0.7425935828421723,0.7738527225042859,0.012790000529752859,0.014406852709912939,0.013414936162885846,0.015829004866892503,0.014707352421681608,0.8080103984618805,0.9101553023112592,0.9121244788497431,False,1e-24,False
UniGCN,random,6,12,base,24.55277497305663,0.02253290067124502,0.016934939980774194,29.6559790138891,36.89566033891784,0.82791989303599,0.0007598097051758752,0.00045899544350778515,3.32871971570197e-05,3.34512021307905e-07,2.414714582119856e-07,0.0003592051721643544,0.0004463357093287384,0.09266903635170691,0.0009312561378009585,0.0005410086021912607,False,1e-24,False
UniGCN,random,6,12,restart,9432.625286096889,970.3345500104901,940.725873468512,1305.9003085494517,1214.7655023900538,7.2230822095251055,0.7430387631107185,0.77440944084898,0.012788194326350222,0.014405094861272066,0.013413596310472469,0.01581759094657766,0.014695311513517922,0.8084792665040509,0.9107009347961925,0.9127806714497728,False,1e-24,False
UniGCN,random,6,13,base,23.14762172575441,0.013482909745501509,0.008911986408216378,27.992731080287445,34.84519880257522,0.8269154467051993,0.00048165753126518655,0.00025575937903840406,3.138217366252251e-05,2.00160443516949e-07,1.2707398762561334e-07,0.00033905924273603977,0.0004215307811646143,0.09255660871912516,0.0005903406198331406,0.0003014583828837614,False,1e-24,False
UniGCN,random,6,13,restart,9431.690425234849,970.2705448394793,940.6728155297247,1305.1940886775903,1213.981580426292,7.226274243082839,0.7433917708151344,0.7748658057887547,0.012786926897399187,0.01440414467294783,0.013412839769388578,0.0158090369268119,0.014685828220292109,0.8088365506764517,0.9111335965392434,0.9133185795306674,False,1e-24,False
UniGCN,random,6,14,base,21.848488394900727,0.008635295097273454,0.004723795592179467,26.438068356708357,32.92034996984309,0.8264025987116764,0.0003266235256208628,0.00014349165778938355,2.9620885687341e-05,1.2819521373319844e-07,6.735552716654976e-08,0.0003202285411423008,0.0003982454201975991,0.09249920566630032,0.00040032413499405096,0.00016913070119709022,False,1e-24,False
UniGCN,random,6,14,restart,9431.000284889307,970.2347220444627,940.6419755939642,1304.6416134181613,1213.3454507223994,7.228805357649204,0.7436791162152552,0.7752466332106215,0.012785991246020747,0.014403612865891795,0.013412400029757512,0.01580234512376649,0.014678132805709366,0.8091198582159054,0.9114857796789275,0.913767453074173,False,1e-24,False
UniGCN,random,6,15,base,20.63528873964721,0.005981069505437243,0.0025184339200991935,24.977884869023598,31.107926793936283,0.8261423594452597,0.00023945460301383182,8.09579480105405e-05,2.797610149656956e-05,8.879192603906936e-08,3.5909776579502134e-08,0.0003025422101383672,0.0003763200995395237,0.09247007709692717,0.00029348607587172874,9.542348820443656e-05,False,1e-24,False
UniGCN,random,6,15,restart,9430.46952763343,970.2140357825092,940.6236166934256,1304.1957487092018,1212.818288935111,7.230869704158309,0.7439174960835109,0.7755684633675173,0.012785271676789233,0.01440330576813282,0.013412138254369512,0.015796944630683162,0.01467175560231745,0.8093509204277255,0.9117779485126882,0.9141467877403182,False,1e-24,False
UniGCN,random,6,16,base,19.4961257288856,0.004487477450669618,0.001349231228279711,23.602712235307425,29.398500324298954,0.8260120927848807,0.00019012549938887005,4.589455970189477e-05,2.6431691800524308e-05,6.6618815504422e-08,1.9238381271366988e-08,0.00028588556486564226,0.00035564075489946846,0.092455496355496,0.00023302616043496588,5.4094984914777944e-05,False,1e-24,False
UniGCN,random,6,16,restart,9430.04804003002,970.2017585187497,940.6124733745969,1303.8278514250514,1212.3749256018127,7.232586748107284,0.7441179887807606,0.7758428960477592,0.012784700248876528,0.01440312350609846,0.013411979364320304,0.01579248851047785,0.01466639212905148,0.809543109079627,0.9120236811660437,0.9144702559638775,False,1e-24,False
UniGCN,random,6,17,base,18.423284957631974,0.0036149962649991837,0.0007258836459390839,22.30560854478716,27.784714690661367,0.8259485465568036,0.00016206669536680322,2.6125287015563935e-05,2.4977197866132067e-05,5.366640208770726e-08,1.0350209842853553e-08,0.0002701745221025576,0.0003361184005391538,0.0924483836290484,0.00019863605816737822,3.0793344923250865e-05,False,1e-24,False
UniGCN,random,6,17,restart,9429.704990713757,970.1942989418495,940.6056031659999,1303.5194720681807,1211.9981205545544,7.234034621479391,0.7442883054155891,0.7760784337979191,0.012784235162944793,0.014403012765001104,0.013411881403578192,0.015788753295399475,0.01466183382743818,0.8097051694809787,0.9122324287122691,0.9147478795237182,False,1e-24,False
UniGCN,random,6,18,base,17.411256470270832,0.0030786318796029587,0.0003919680136261769,21.081070096457886,26.260425035310693,0.8259190065117393,0.0001460377421789533,1.4926186956194462e-05,2.360514962212387e-05,4.570380830831748e-08,5.588982773497933e-09,0.0002553424188039957,0.00031767870063152627,0.09244507721313436,0.00017899026931126686,1.7593193255913502e-05,False,1e-24,False
UniGCN,random,6,18,restart,9429.42055074097,970.18967584363,940.6013142451209,1303.2580672489685,1211.6754813056052,7.235267356253868,0.7444340458920707,0.7762815446522064,0.012783849536087386,0.014402944132828412,0.013411820248830671,0.015785587054856692,0.014657930782562056,0.8098431494287839,0.9124110546396887,0.9149872821603284,False,1e-24,False
UniGCN,random,6,19,base,16.45574019563109,0.0027265838054006414,0.00021235363148013606,19.924457786895296,24.820246531022253,0.8259065502125911,0.00013684607303060306,8.555661653671334e-06,2.2309717286855155e-05,4.0477481053910534e-08,3.027902142454176e-09,0.00024133306427925503,0.00030025651362181044,0.09244368298013152,0.00016772455599814787,1.0084384534844712e-05,False,1e-24,False
UniGCN,random,6,19,restart,9429.181415260862,970.1867624479102,940.5986100057515,1303.0346890788103,1211.3977281259552,7.236324170254354,0.7445594277569008,0.7764573006595178,0.012783525330376124,0.014402900882032372,0.013411781689696443,0.01578288140841582,0.01465457073530125,0.809961438572277,0.9125647281587245,0.9151944421946755,False,1e-24,False
UniGCN,random,6,20,base,15.55313788287859,0.0024774328980512093,0.00011538418579308658,18.831688717937222,23.45931285486416,0.8259024517575099,0.00013155659777295753,4.918481053001615e-06,2.1086022565099875e-05,3.677871297943377e-08,1.6452368670742437e-09,0.00022809700481997604,0.0002837929704268221,0.0924432242402388,0.0001612415428622621,5.79731367059523e-06,False,1e-24,False
UniGCN,random,6,20,restart,9428.978291091407,970.1849001620899,940.5968913621308,1302.8426862127606,1211.1576741383567,7.237234695234425,0.7446677257576853,0.7766097771136954,0.01278324994666559,0.014402873235481088,0.01341175718394787,0.015780555792305723,0.014651666744266864,0.8100633535923012,0.9126974629438359,0.9153741630927987,False,1e-24,False
UniGCN,random,6,21,base,14.700289231478411,0.002287221343787224,6.286131723489213e-05,17.799066763673466,22.17314300384279,0.8259022468234446,0.00012850231836060457,2.835020602356542e-06,1.9929780908692032e-05,3.3954928664165296e-08,8.963252279056317e-10,0.00021558947145922317,0.00026823386327168243,0.0924432013019781,0.00015749808390150242,3.341581174625155e-06,False,1e-24,False
UniGCN,random,6,21,restart,9428.804439667188,970.1836947887405,940.5957921387666,1302.676942309628,1210.9496003544903,7.238022055529786,0.7447615469946205,0.7767423118711291,0.01278301424920816,0.014402855341119354,0.013411741510371882,0.015778548235339487,0.014649149625476697,0.8101514827947114,0.9128124543715012,0.9155303791181976,False,1e-24,False
UniGCN,random,6,22,base,13.894332034305743,0.0021320464692034134,3.432890915942815e-05,16.823186869226106,20.957564878057205,0.825903685330989,0.00012673261527537745,1.6380199397770151e-06,1.8837111906844142e-05,3.165128113513356e-08,4.894881093741523e-10,0.0002037692207997348,0.0002535287212567904,0.09244336231406278,0.0001553290580928342,1.9307008174366445e-06,False,1e-24,False
UniGCN,random,6,22,restart,9428.654805866363,970.1829055955776,940.5950854698024,1302.5334108832274,1210.7688572280315,7.238704763414046,0.7448430093917606,0.7768576800226158,0.012782811384569237,0.014402843625157704,0.013411731434139816,0.015776809724845294,0.01464696313224651,0.8102278982574587,0.9129122982624385,0.9156663612140028,False,1e-24,False
UniGCN,random,6,23,base,13.13262594293987,0.001998795602650212,1.8787845018148053e-05,15.900878908823293,19.80866899205146,0.8259056633437201,0.00012570346671472943,9.48465796752269e-07,1.7804435931651014e-05,2.9673106315918048e-08,2.6789160979273804e-10,0.00019259785500028213,0.00023963025039287834,0.09244358371293872,0.00015406768842713529,1.1179373612201492e-06,False,1e-24,False
UniGCN,random,6,23,restart,9428.525482012621,970.1823831027594,940.5946292558319,1302.40881977522,1210.6116008401882,7.23929793691037,0.744913861432696,0.7769582156680481,0.012782636054952877,0.01440283586849418,0.013411724929088554,0.015775300627122336,0.014645060763762797,0.8102942921401955,0.912999137634912,0.9157848605363273,False,1e-24,False
UniGCN,random,6,24,base,12.41270919595003,0.001880187825609338,1.0302571200610828e-05,15.029173014621925,18.722778416310437,0.8259076653035846,0.00012510254714481614,5.502693548750058e-07,1.6828415472864245e-05,2.791231538093596e-08,1.469020199639688e-10,0.00018203940182439347,0.00022649396997603144,0.09244380779221621,0.00015333117501595568,6.485913067774589e-07,False,1e-24,False
UniGCN,random,6,24,restart,9428.413368885747,970.1820332179398,940.5943337060382,1302.300476239547,1210.4746118512621,7.239814114259351,0.7449755651010629,0.7770458995976154,0.01278248405861999,0.014402830674281506,0.013411720714911254,0.0157739883265449,0.014643403574896116,0.8103520678476269,0.9130747643602619,0.9158882118023166,False,1e-24,False
UniGCN,random,6,25,base,11.732272612861827,0.0017721085891178906,5.659601489965247e-06,14.205276721852842,17.69642763546593,0.8259094731194753,0.0001247500223907464,3.1981604460228305e-07,1.5905919880453162e-05,2.6307825821972684e-08,8.069897066255548e-11,0.00017206003781314005,0.00021407795683030297,0.09244401014096747,0.0001528991051980554,3.7696067291283323e-07,False,1e-24,False
UniGCN,random,6,25,restart,9428.315955412207,970.1817960473873,940.5941416793995,1302.206133774974,1210.3551669884093,7.240263819123934,0.7450293550952035,0.7771224243374564,0.012782351991205896,0.014402827153367706,0.013411717976847079,0.015772845612584473,0.014641958621557502,0.8104024032928724,0.9131406917389917,0.9159784099581371,False,1e-24,False
UniGCN,random,6,26,base,11.08914275748569,0.0016721712453393307,3.114046301774977e-06,13.426558739541568,16.726346443273687,0.8259110150710377,0.00012454205711063867,1.861761211473206e-07,1.5034002538443413e-05,2.4824206675052533e-08,4.4402478088668636e-11,0.00016262789170956357,0.00020234265048136413,0.09244418273153641,0.00015264421381902912,2.1944201078238882e-07,False,1e-24,False
UniGCN,random,6,26,restart,9428.231171498692,970.1816331105958,940.5940166031179,1302.1238980935454,1210.2509449181066,7.240655966227694,0.7450762823192554,0.7771892437289232,0.01278223704620078,0.014402824734490696,0.013411716193412821,0.015771849540861742,0.014640697822014982,0.8104462963005404,0.9131982078053575,0.9160571686170477,False,1e-24,False
UniGCN,random,6,27,base,10.481270066196222,0.0015789379424253458,1.7159213292219245e-06,12.690536535780781,15.80944679816311,0.8259122879985756,0.0001244185332884511,1.0853772122003005e-07,1.4209884769941677e-05,2.3440112320490853e-08,2.446693203605464e-11,0.000153712894086492,0.00019125069414491599,0.09244432521025843,0.00015249281759864236,1.279312064484083e-07,False,1e-24,False
UniGCN,random,6,27,restart,9428.157286935377,970.1815194879366,940.5939349587453,1302.0521586583427,1210.1599552987007,7.240998161433345,0.7451172466759155,0.777247611640381,0.012782136877888699,0.014402823047706292,0.013411715029264278,0.015770980603904344,0.01463959709862513,0.8104845981945021,0.9132484155196193,0.9161259656882109,False,1e-24,False
UniGCN,random,6,28,base,9.906719742925901,0.0014914962008704658,9.467665493734504e-07,11.994866203113402,14.942811516915135,0.8259133178454714,0.00012434454670976917,6.335933156231803e-08,1.343094349310776e-05,2.214199655009057e-08,1.3499728934562514e-11,0.00014528665459197435,0.0001807667979513814,0.09244444048097511,0.0001524021363990695,7.46803566116902e-08,False,1e-24,False
UniGCN,random,6,28,restart,9428.092839946494,970.1814389275154,940.5938815636305,1301.9895374162093,1210.080483915126,7.241296929817493,0.7451530223912819,0.7772986128330973,0.012782049504480704,0.014402821851747115,0.013411714267915478,0.015770222110176955,0.014638635714114504,0.8105180393262883,0.913292263807279,0.9161860797576898,False,1e-24,False
UniGCN,random,6,29,base,9.363664262882315,0.0014092279946978307,5.230067100986617e-07,11.337333758217628,14.123684191365138,0.8259141401826738,0.00012429977142345143,3.7030473282489184e-08,1.2694701058138691e-05,2.0920684463480148e-08,7.457433748543084e-12,0.0001373223565675585,0.00017085761696582615,0.09244453252514115,0.00015234725784208194,4.364706637594431e-08,False,1e-24,False
UniGCN,random,6,29,restart,9428.036585241665,970.1813807599644,940.5938465844008,1301.9348494185665,1210.0110492871522,7.241557893201914,0.7451842779945859,0.7773431880134716,0.012781973237685904,0.014402820988221139,0.013411713769154596,0.01576955970710473,0.014637795746659146,0.8105472489461569,0.9133305720471175,0.9162386196170018,False,1e-24,False
UniGCN,random,6,30,base,8.850376869265279,0.001331683336661609,2.8922845501993927e-07,10.715847403540982,13.349459984495365,0.8259147910542968,0.00012427233111042278,2.166592921030975e-08,1.199881643050322e-05,1.9769495778109104e-08,4.124042770116249e-12,0.0001297946633180836,0.00016149163984606726,0.0924446053771726,0.00015231362578953375,2.5537190495107103e-08,False,1e-24,False
UniGCN,random,6,30,restart,9427.987455189368,970.1813379346248,940.5938236345708,1301.8870718839337,1209.9503676862296,7.241785911236006,0.745211592377744,0.777382154470728,0.012781906630072755,0.014402820352457855,0.013411713441918188,0.015768981006346095,0.01463706166668491,0.8105727709944468,0.9133640497544869,0.9162845485883474,False,1e-24,False
UniGCN,random,6,31,base,8.365225731336528,0.001258510754951772,1.601029393473304e-07,10.128430482171467,12.61767710844987,0.8259153030730069,0.00012425525920991025,1.2688780824809016e-08,1.134107727079893e-05,1.8683212721648848e-08,2.2828714050427692e-12,0.00012267963277823966,0.0001526390857501627,0.09244466268740377,0.00015229270171864082,1.495600811432622e-08,False,1e-24,False
UniGCN,random,6,31,restart,9427.944530034229,970.1813057598691,940.5938085563677,1301.845319411349,1209.897324473703,7.24198519552018,0.7452354679114664,0.7774162232861531,0.01278184843469143,0.014402819874807743,0.013411713226921518,0.015768475283567698,0.014636419990138925,0.8105950768754019,0.9133933126569884,0.9163247048087896,False,1e-24,False
UniGCN,random,6,32,base,7.9066685817301545,0.0011894188259694758,8.870363439724798e-08,9.573214968953842,11.926008866287166,0.8259157041152491,0.0001242444497305021,7.437830660012196e-09,1.0719392664335561e-05,1.765750896707524e-08,1.2648049518287758e-12,0.00011595463867434401,0.00014427180806357213,0.09244470757604388,0.0001522794531460355,8.766819857636013e-09,False,1e-24,False
UniGCN,random,6,32,restart,9427.907014505034,970.1812810899713,940.5937986372958,1301.8088237872098,1209.8509503047956,7.242159403311967,0.7452563413017352,0.7774460138253673,0.012781797573360355,0.014402819508570945,0.013411713085487728,0.01576803323385671,0.014635858990623434,0.8106145759456932,0.9134188960006495,0.9163598183119991,False,1e-24,False
UniGCN,random,6,33,base,7.473247730001866,0.0011241547073636835,4.918474679291572e-08,9.048435402601445,11.272256182697577,0.8259160172435215,0.00012423746839597115,4.3633453672222395e-09,1.0131786360800623e-05,1.6688630945012043e-08,7.013141200001872e-13,0.00010959829702763379,0.00013636320404144164,0.09244474262447731,0.00015227089651588492,5.142986518467645e-09,False,1e-24,False
UniGCN,random,6,33,restart,9427.874219056252,970.1812617974243,940.5937921044547,1301.7769173027143,1209.810401158776,7.242311715428813,0.7452745926757119,0.7774720660390576,0.01278175311123456,0.014402819222163571,0.013411712992337432,0.01576764676965497,0.014635368457815913,0.8106316242340742,0.9134412656860106,0.9163905255268788,False,1e-24,False
UniGCN,random,6,34,base,7.063585391513361,0.0010624920055521021,2.729184855111131e-08,8.552423198004503,10.654340573000503,0.8259162611552565,0.00012423286137196865,2.5615708794096967e-09,9.576390441437666e-06,1.577321773109674e-08,3.8914826237466464e-13,0.00010359039726265143,0.0001288881297528666,0.09244476992550683,0.0001522652499449737,3.019271542855246e-09,False,1e-24,False
UniGCN,random,6,34,restart,9427.845544556185,970.1812464289109,940.5937877971362,1301.7490188120541,1209.774941435034,7.2424449016753,0.7452905532544789,0.777494850969061,0.0127817142360468,0.01440281899401041,0.013411712930920357,0.01576730885189019,0.014634939492978219,0.8106465317646468,0.9134608276721742,0.91641738166087,False,1e-24,False
UniGCN,random,6,35,base,6.6763792933247075,0.001004223787249462,1.5153700272724993e-08,8.08360129741401,10.07029751336523,0.8259164508101753,0.00012422975234697918,1.5047917156978834e-09,9.051439361775591e-06,1.4908197298671897e-08,2.1607316626551074e-13,9.791183742022783e-05,0.00012182281987885223,0.09244479115357336,0.00015226143938742976,1.7736674169945056e-09,False,1e-24,False
UniGCN,random,6,35,restart,9427.82046960328,970.1812339800623,940.5937849542812,1301.7246219716744,1209.7439295460222,7.242561376248156,0.7453045118794515,0.7775147797660417,0.01278168024091175,0.014402818809201115,0.013411712890384736,0.015767013347525127,0.014634564334670912,0.8106595687583427,0.9134779359758618,0.9164408713289056,False,1e-24,False
UniGCN,random,6,36,base,6.310398531015563,0.0009491584390443729,8.418995751823128e-09,7.6404791304035555,9.51827018313508,0.8259165980710244,0.00012422760704461737,8.845090115996394e-10,8.555264334552418e-06,1.4090725052161955e-08,1.200445459612609e-13,9.254456311050819e-05,0.00011514481201169854,0.09244480763647356,0.00015225881001065518,1.0425527982021853e-09,False,1e-24,False
UniGCN,random,6,36,restart,9427.798539893374,970.1812237473947,940.5937830761851,1301.7032852445923,1209.7168055716327,7.24266324496667,0.745316720595889,0.7775322114597906,0.012781650509910753,0.01440281865729212,0.01341171286360539,0.015766754908485857,0.014634236209405292,0.8106709709194194,0.9134928995148107,0.9164614177121045,False,1e-24,False
UniGCN,random,6,37,base,5.964479657123251,0.0008971171140761231,4.679861512540212e-09,7.221647859155519,8.996503554952422,0.8259167122863177,0.0001242260951479057,5.201867018619725e-10,8.086288026651439e-06,1.3318145921731303e-08,6.672908111550167e-14,8.747150992194185e-05,0.00010883287516181585,0.0924448204205862,0.0001522569569636582,6.131334949691161e-10,False,1e-24,False
UniGCN,random,6,37,restart,9427.77935922102,970.181215230579,940.5937818343272,1301.684623353871,1209.6930806349055,7.242752345748514,0.745327399451679,0.7775474596751913,0.012781624505891941,0.014402818530855791,0.01341171284589802,0.01576652886814282,0.014633949203118763,0.8106809439659195,0.913505987989374,0.9164793904737443,False,1e-24,False
UniGCN,random,6,38,base,5.6375229857364495,0.0008479320714631836,2.602642218341109e-09,6.825775889703419,8.5033388114755,0.8259168007904522,0.0001242250090194547,3.0607297627947845e-10,7.643019549088373e-06,1.2587969711281572e-08,3.711048355532311e-14,8.267654905164025e-05,0.00010286694221540058,0.09244483032684998,0.0001522556257569369,3.607619975483938e-10,False,1e-24,False
UniGCN,random,6,38,restart,9427.762581806592,970.1812080676574,940.5937810124727,1301.6682999403972,1209.6723277284118,7.242830283443396,0.7453367406366749,0.7775607984509083,0.012781601760067793,0.014402818424518687,0.013411712834179385,0.015766331152378844,0.014633698150199383,0.8106896675285987,0.913517436955875,0.9164951126176297,False,1e-24,False
UniGCN,random,6,39,base,5.328489100077154,0.0008014455249294948,1.4480531615132996e-09,6.451604632402774,8.037208069605548,0.82591686931886,0.00012422421561672977,1.801686790950987e-10,7.224049722197958e-06,1.1897854005741163e-08,2.0647460745420795e-14,7.814443595449096e-05,9.722804611213711e-05,0.09244483799723159,0.00015225465332771901,2.1236116091037381e-10,False,1e-24,False
UniGCN,random,6,39,restart,9427.747905715614,970.1812019918895,940.5937804681369,1301.6540212315986,1209.6541737723842,7.242898459911238,0.7453449120634406,0.7775724672902461,0.012781581863093444,0.014402818334320916,0.013411712826417822,0.015766158202902114,0.01463347853741115,0.8106972985175748,0.9135274522153252,0.9165088664414391,False,1e-24,False
UniGCN,random,6,40,base,5.036395551362398,0.0007575087878991482,8.059811416531286e-10,6.097944496716652,7.596629394718253,0.8259169223455822,0.00012422362786460546,1.0609720440140297e-10,6.828046600146325e-06,1.1245591479574218e-08,1.1492301820218474e-14,7.38607618303858e-05,9.189825953115234e-05,0.09244484393251022,0.00015225393295290735,1.250546188671041e-10,False,1e-24,False
UniGCN,random,6,40,restart,9427.73506718943,970.181196802853,940.5937801073342,1301.6415305657742,1209.6382927249651,7.242958100062734,0.745352060471789,0.7775826755520847,0.012781564457380535,0.014402818257287111,0.013411712821273219,0.015766006910922652,0.014633286420547011,0.8107039740370464,0.9135362136184827,0.9165208987122301,False,1e-24,False
UniGCN,random,6,41,base,4.760313738244716,0.0007159815964274942,4.487651671595546e-10,5.763671106733173,7.180202088644377,0.8259169633540807,0.00012422318747353194,6.250035327965004e-11,6.453751240261321e-06,1.0629099845359073e-08,6.3988404701632236e-15,6.981190778504328e-05,8.686063788857976e-05,0.0924448485225896,0.00015225339319027015,7.366789636487954e-11,False,1e-24,False
UniGCN,random,6,41,restart,9427.72383574393,970.1811923469601,940.5937798680104,1301.6306036453882,1209.6243995954305,7.243010274451403,0.7453583141252516,0.7775916062726581,0.01278154923045237,0.014402818191137184,0.013411712817860756,0.015765874559658288,0.014633118352005382,0.8107098139140211,0.9135438783707635,0.9165314251710922,False,1e-24,False
UniGCN,random,6,42,base,4.4993659568899425,0.0006767315433001794,2.4994959518569104e-10,5.44772172487371,6.786602236195762,0.8259169950525046,0.00012422285452105532,3.682985778253016e-11,6.099973703702819e-06,1.004641345270942e-08,3.56397443967942e-15,6.598500151252071e-05,8.209916546280959e-05,0.09244485207059278,0.0001522529851090949,4.3410604962773676e-11,False,1e-24,False
UniGCN,random,6,42,restart,9427.714009921106,970.1811885042262,940.593779709156,1301.6210444147434,1209.6122452353225,7.243055918906221,0.7453637851564202,0.7775994194951038,0.012781535909184127,0.014402818134089904,0.013411712815595687,0.015765758774403383,0.014632971317777224,0.8107149228957938,0.9135505839067959,0.9165406344576195,False,1e-24,False
UniGCN,random,6,43,base,4.252722612371021,0.0006396335854158187,1.3925518574719046e-10,5.1490918721114705,6.41457849595467,0.8259170195437049,0.00012422260105324678,2.1709171668101223e-11,5.765589274835714e-06,9.495675975127162e-09,1.985608027198792e-15,6.236787635793932e-05,7.759870447465133e-05,0.09244485481189171,0.000152252674447819,2.5588159501392422e-11,False,1e-24,False
UniGCN,random,6,43,restart,9427.705413598838,970.1811851791994,940.5937796036457,1301.612681474726,1209.6016118017596,7.243095851614827,0.745368571609171,0.7776062551723836,0.01278152425479987,0.014402818084728241,0.01341171281409124,0.015765657479102788,0.014632842682564621,0.8107193925620702,0.9135564503934598,0.916548691531524,False,1e-24,False
UniGCN,random,6,44,base,4.019599582594198,0.0006045696025758878,7.760395769894704e-11,4.866832133763089,6.062948121876185,0.8259170384588955,0.00012422240709346756,1.279970670026654e-11,5.449534887397291e-06,8.975133860020821e-09,1.1065371858335522e-15,5.8949032627944394e-05,7.334494695969765e-05,0.09244485692906815,0.00015225243672219684,1.5086754189645592e-11,False,1e-24,False
UniGCN,random,6,44,restart,9427.697892780567,970.1811822946756,940.5937795335225,1301.6053649610794,1209.5923088029433,7.243130788003838,0.7453727592185255,0.7776122356997859,0.012781514058520188,0.014402818041906065,0.01341171281309137,0.015765568858540205,0.014632730141942298,0.8107233029905192,0.913561582911362,0.916555740657645,False,1e-24,False
UniGCN,random,6,45,base,3.7992557264592324,0.0005714279947553523,4.3257260513082016e-11,4.600045140577032,5.730593203017632,0.8259170530623644,0.00012422225810672634,7.548478661912956e-12,5.15080574620851e-06,8.483130349989432e-09,6.167954410354007e-16,5.5717601024431106e-05,6.932436927942354e-05,0.09244485856363377,0.00015225225411750484,8.89723840904059e-12,False,1e-24,False
UniGCN,random,6,45,restart,9427.691312799057,970.1811797872905,940.5937794868906,1301.5989638238123,1209.5841696488824,7.243161353711106,0.7453764229629617,0.7776174681253689,0.012781505137771227,0.014402818004682696,0.013411712812426457,0.015765491325385322,0.01463263168063092,0.8107267242087576,0.9135660733574175,0.9165619080113536,False,1e-24,False
UniGCN,random,6,46,base,3.590990528404492,0.0005401033099681566,2.411720428800303e-11,4.34788271544336,5.416457109419311,0.8259170643333035,0.00012422214335491372,4.452579204599035e-12,4.868452133787858e-06,8.018099958302232e-09,3.438817317352082e-16,5.2663308084343024e-05,6.552418912614761e-05,0.09244485982518948,0.00015225211347264455,5.2481646292968955e-12,False,1e-24,False
UniGCN,random,6,46,restart,9427.685555878541,970.1811776043803,940.5937794558632,1301.5933634544767,1209.5770486411955,7.243188095902024,0.7453796284190354,0.7776220460800737,0.012781497332879583,0.014402817972276319,0.013411712811984043,0.01576542349145442,0.014632545536081999,0.810729717460983,0.9135700021051325,0.9165673039535372,False,1e-24,False
UniGCN,random,6,47,base,3.3941418719088423,0.0005104958977095649,1.3448654638666632e-11,4.109543176603082,5.119541132825602,0.8259170730296147,0.00012422205480550202,2.626925790758123e-12,4.60157639179716e-06,7.578563324079333e-09,1.917613082936805e-16,4.977644351505671e-05,6.193232488502436e-05,0.09244486079856719,0.00015225200494259738,3.0963040488094063e-12,False,1e-24,False
UniGCN,random,6,47,restart,9427.680519007783,970.1811757017098,940.5937794352075,1301.5884636156393,1209.5708183449635,7.243211493146569,0.745382432944032,0.777626051463615,0.012781490504188725,0.014402817944030236,0.013411712811689517,0.01576536414263129,0.014632470166684555,0.8107323363135115,0.9135734394541146,0.9165720250177255,False,1e-24,False
UniGCN,random,6,48,base,3.208083934920201,0.00048251158461229914,7.500783583321581e-12,3.8842687887499023,4.838901311560047,0.8259170797375941,0.000124221986390285,1.5501005497678461e-12,4.349330067788342e-06,7.163122397247146e-09,1.0695196745033774e-16,4.704782932109862e-05,5.853735722379167e-05,0.09244486154939102,0.0001522519210899033,1.8270720190092326e-12,False,1e-24,False
UniGCN,random,6,48,restart,9427.676112083343,970.1811740418001,940.5937794214494,1301.5841766332146,1209.5653672933474,7.24323196404381,0.7453848867088652,0.777629555917447,0.012781484529541752,0.014402817919388057,0.013411712811493346,0.015765312216972076,0.014632404223997331,0.8107346276201179,0.9135764468960387,0.9165761556462446,False,1e-24,False
UniGCN,random,6,49,base,3.0322252005575097,0.00045606136992727204,4.184110168577773e-12,3.671343353898382,4.573645429456453,0.8259170849105598,0.00012422193349009635,9.148304636013348e-13,4.110911218231065e-06,6.7704559177997135e-09,5.966027543487538e-17,4.446879062376916e-05,5.532849278811586e-05,0.09244486212840085,0.00015225185625310924,1.0782920775259208e-12,False,1e-24,False
UniGCN,random,6,49,restart,9427.672256288019,970.1811725926744,940.5937794122812,1301.5804258176988,1209.5605979822506,7.243249874755318,0.7453870336004572,0.7776326221119876,0.01278147930208297,0.014402817897875073,0.013411712811362617,0.015765266785582592,0.014632346528489732,0.8107366323652506,0.9135790782206435,0.9165797697074426,False,1e-24,False
UniGCN,random,6,50,base,2.866006576790662,0.00043106113902798145,2.3343272434857667e-12,3.4700899343440557,4.322930179302917,0.8259170888988552,0.0001242218925687481,5.399872648098571e-13,3.885561859286212e-06,6.399315162630177e-09,3.3284641343187336e-17,4.203112808071773e-05,5.229552988708942e-05,0.09244486257481056,0.00015225180609810797,6.364720161560991e-13,False,1e-24,False
UniGCN,random,6,50,restart,9427.66888267415,970.1811713268955,940.5937794061686,1301.5771440848926,1209.5564251179692,7.243265545587401,0.7453889120102877,0.7776353048717274,0.012781474728337228,0.01440281787908396,0.01341171281127546,0.015765227035911974,0.014632296048343237,0.8107383864007802,0.9135813804822125,0.9165829318218326,False,1e-24,False
UniGCN,random,6,51,base,2.708899619142379,0.0004074313935053482,1.30249666837499e-12,3.279868700465773,4.085958481779652,0.8259170919731296,0.00012422186090787384,3.187738383008932e-13,3.6725655572504224e-06,6.048519938655548e-09,1.8572003809037622e-17,3.9727091817657136e-05,4.942882605977465e-05,0.09244486291891396,0.00015225176729315027,3.757322455236618e-13,False,1e-24,False
UniGCN,random,6,51,restart,9427.665930925601,970.1811702208179,940.5937794020919,1301.5742727506108,1209.552774085607,7.243279256743573,0.7453905555236111,0.7776376521587974,0.012781470726531484,0.014402817862663692,0.01341171281121733,0.015765192257153716,0.014632251880923434,0.8107399210898733,0.9135833948443082,0.9165856985214037,False,1e-24,False
UniGCN,random,6,52,base,2.5604048507781028,0.000385096996659403,7.268460467655663e-13,3.1000748965206295,3.8619769513662914,0.8259170943423898,0.00012422183641163533,1.8820569255557636e-13,3.4712451510335335e-06,5.716954804515309e-09,1.0363932497390207e-17,3.754935678925181e-05,4.671926741967264e-05,0.09244486318410515,0.00015225173726948472,2.218342253591533e-13,False,1e-24,False
UniGCN,random,6,52,restart,9427.663348275615,970.1811692539927,940.5937793993714,1301.5717604772137,1209.5495796102284,7.2432912533528055,0.7453919935219565,0.7776397059329088,0.012781467225127697,0.014402817848310696,0.01341171281117854,0.015765161827485632,0.014632213236583666,0.8107412638698045,0.9135851573182225,0.9165881192632148,False,1e-24,False
UniGCN,random,6,53,base,2.420050174655465,0.0003639869333581721,4.056526917503736e-13,2.9301369179591976,3.650273501161886,0.8259170961679835,0.0001242218174609002,1.1112939663870499e-13,3.280960599444933e-06,5.4035655055581595e-09,5.784109487000484e-18,3.5490999490784856e-05,4.415823967965264e-05,0.09244486338844377,0.0001522517140426316,1.3098596159995262e-13,False,1e-24,False
UniGCN,random,6,53,restart,9427.661088560768,970.1811684086888,940.5937793975556,1301.569562352683,1209.5467845863277,7.243301749865427,0.745393251709893,0.7776415029032915,0.012781464161540232,0.014402817835761743,0.01341171281115265,0.01576513520291525,0.01463217942450485,0.8107424387439897,0.9135866994086044,0.9165902373156893,False,1e-24,False
UniGCN,random,6,54,base,2.287389372694369,0.0003440340833521637,2.2641649433317352e-13,2.769514494144781,3.450175079002614,0.8259170975744283,0.00012422180280316625,6.562463908313505e-14,3.1011069464573087e-06,5.107355608583785e-09,3.2284213060067636e-18,3.354547594652109e-05,4.173760076522144e-05,0.09244486354586708,0.00015225169607746927,7.735042855402699e-14,False,1e-24,False
UniGCN,random,6,54,restart,9427.659111393767,970.1811676694981,940.5937793963428,1301.5676390854512,1209.5443390543435,7.243310933896704,0.7453943525756354,0.7776430751862524,0.012781461481014392,0.014402817824788092,0.013411712811135356,0.015765111907527267,0.014632149840314112,0.810743466712197,0.9135880486779971,0.9165920905336656,False,1e-24,False
UniGCN,random,6,55,base,2.1620006872030357,0.0003251750072223032,1.263861842623215e-13,2.6176969706966133,3.261045527679691,0.8259170986577912,0.00012422179146876907,3.8756338477815796e-14,2.9311123979881535e-06,4.82738332413441e-09,1.8021118614130627e-18,3.170660090475549e-05,3.944965492906301e-05,0.09244486366712783,0.00015225168218553438,4.568130861102733e-14,False,1e-24,False
UniGCN,random,6,55,restart,9427.65738144011,970.1811670230104,940.5937793955328,1301.5659563003546,1209.5421993056552,7.243318969587851,0.7453953157938371,0.7776444508802473,0.012781459135645754,0.014402817815190663,0.013411712811123806,0.015765091524955845,0.014632123955257719,0.8107443661467453,0.91358922924052,0.9165937120362224,False,1e-24,False
UniGCN,random,6,56,base,2.0434854800550895,0.0003073497442101324,7.055461570678694e-14,2.4742016859943496,3.082283562454588,0.8259170994921697,0.00012422178270669656,2.2890371465563833e-14,2.7704365040915215e-06,4.5627585051844215e-09,1.0060222213746074e-18,2.9968528173381172e-05,3.7287128284551795e-05,0.09244486376051979,0.0001522516714463536,2.6980415699950977e-14,False,1e-24,False
UniGCN,random,6,56,restart,9427.655867785477,970.1811664575399,940.5937793949918,1301.5644839229526,1209.5403270998675,7.243326000545323,0.7453961585778571,0.7776456545688453,0.01278145708352251,0.014402817806795976,0.013411712811116092,0.015765073690927237,0.014632101306732374,0.8107451531214984,0.9135902621936214,0.9165951307995132,False,1e-24,False
UniGCN,random,6,57,base,1.9314669653586045,0.0002905016212376307,3.938966929691966e-14,2.3385724366811096,2.913320859441609,0.8259171001347013,0.00012422177593519795,1.3520539342332997e-14,2.6185684407858366e-06,4.312639811945435e-09,5.616483373671953e-19,2.8325732033443673e-05,3.524314568045536e-05,0.09244486383243831,0.00015225166314690753,1.5936384977084102e-14,False,1e-24,False
UniGCN,random,6,57,restart,9427.654543382449,970.1811659628938,940.5937793946298,1301.5631956410734,1209.5386889802505,7.243332152411501,0.7453968959878584,0.7776467077606543,0.012781455287975375,0.01440281779945271,0.01341171281111093,0.015765058086737806,0.014632081490003944,0.8107458416996028,0.9135911659956986,0.916596372175297,False,1e-24,False
UniGCN,random,6,58,base,1.8255890115907476,0.00027457707247387025,2.199213576803789e-14,2.2103780272856133,2.7536202487803343,0.8259171006294367,0.00012422177070365477,7.98662625239588e-15,2.4750253860590284e-06,4.076232033244323e-09,3.1358086294565673e-19,2.677298967157962e-05,3.331120884330527e-05,0.09244486388781403,0.0001522516567348985,9.413674070512718e-15,False,1e-24,False
UniGCN,random,6,58,restart,9427.653384566556,970.1811655301744,940.5937793943878,1301.5620684338703,1209.5372556749858,7.243337535113145,0.7453975412002931,0.7776476292741281,0.012781453716921468,0.014402817793028778,0.013411712811107479,0.015765044433549785,0.014632064150964172,0.8107464441851555,0.9135919567963897,0.9165974583445029,False,1e-24,False
UniGCN,random,6,59,base,1.7255150093917222,0.0002595254688492364,1.2279424731385865e-14,2.08921089935168,2.602674006853627,0.8259171010103291,0.00012422176666308405,4.718003368478123e-15,2.3393509848906675e-06,3.852783555577757e-09,1.7508952492647162e-19,2.5305364575480617e-05,3.148517571794611e-05,0.0924448639304473,0.00015225165178259762,5.5610146976779634e-15,False,1e-24,False
UniGCN,random,6,59,restart,9427.652370632984,970.1811651516114,940.593779394226,1301.5610821599005,1209.5360015734411,7.2433422448281,0.7453981057436242,0.7776484355741722,0.012781452342290422,0.014402817787408822,0.013411712811105172,0.015765032487401895,0.014632048979795061,0.8107469713433384,0.9135926487254853,0.9165984087139804,False,1e-24,False
UniGCN,random,6,60,base,1.6309268014199687,0.00024529895695662253,6.8566470637593786e-15,1.974685835716295,2.460002242121778,0.825917101303544,0.0001242217635432844,2.7872523635772985e-15,2.2111138984130663e-06,3.6415839715209976e-09,9.776737129334754e-20,2.3918190839586908e-05,2.975924094058144e-05,0.09244486396326683,0.00015225164795883416,3.285277722256224e-15,False,1e-24,False
UniGCN,random,6,60,restart,9427.651483466256,970.181164820414,940.5937793941176,1301.5602191968092,1209.534904268049,7.24334636570565,0.7453985997045233,0.7776491410665975,0.012781451139522351,0.014402817782492033,0.013411712811103628,0.01576502203484507,0.014632035705426856,0.810747432592977,0.913593254145653,0.916599240263566,False,1e-24,False
UniGCN,random,6,61,base,1.5415236708674733,0.00023185230681393003,3.828834335028852e-15,1.8664387358165089,2.325151369440996,0.8259171015292418,0.00012422176113511803,1.6467032578396673e-15,2.0899064326002848e-06,3.4419618196871493e-09,5.45944781133655e-20,2.2607058331110814e-05,2.812791738223632e-05,0.09244486398852918,0.00015225164500727974,1.9409356679866975e-15,False,1e-24,False
UniGCN,random,6,61,restart,9427.650707216319,970.1811645306486,940.5937793940451,1301.5594641261437,1209.533944153556,7.243349971371431,0.7453990319082504,0.7776497583557128,0.012781450087128691,0.014402817778190325,0.013411712811102592,0.015765012889124803,0.01463202409069007,0.8107478361749855,0.913593783873519,0.9165999678497025,False,1e-24,False
UniGCN,random,6,62,base,1.457021385420244,0.00021914276799400996,2.1381610424145268e-15,1.7641254581313541,2.1976926680157556,0.8259171017029541,0.00012422175927676734,9.729117603805e-16,1.9753432421264018e-06,3.253282448905197e-09,3.048755208994202e-20,2.1367798669226674e-05,2.6586018703958778e-05,0.09244486400797278,0.00015225164272960354,1.1467513217916407e-15,False,1e-24,False
UniGCN,random,6,62,restart,9427.650028015141,970.1811642771264,940.5937793939967,1301.5588034576317,1209.5331040764486,7.243353126243926,0.7453994100764482,0.77765029846967,0.01278144916630799,0.014402817774426662,0.013411712811101902,0.01576500488684147,0.014632013928074518,0.8107481892997219,0.9135942473730674,0.9166006044710484,False,1e-24,False
UniGCN,random,6,63,base,1.377151293625064,0.00020712993365743808,1.1940748153619071e-15,1.6674207260784486,2.0772209184004184,0.8259171018366435,0.00012422175784307306,5.748424757254103e-16,1.867060105273116e-06,3.0749459997195076e-09,1.7026041261851917e-20,2.0196471972849425e-05,2.5128642868299383e-05,0.09244486402293663,0.00015225164097240488,6.77555144982813e-16,False,1e-24,False
UniGCN,random,6,63,restart,9427.649433728828,970.1811640553105,940.5937793939642,1301.558225387979,1209.5323690282635,7.243355886686174,0.7453997409651888,0.7776507710576077,0.012781448360609826,0.014402817771133697,0.013411712811101439,0.015764997885028817,0.01463200503601919,0.8107484982758983,0.9135946529248372,0.9166011615008473,False,1e-24,False
UniGCN,random,6,64,base,1.3016594707901123,0.0001957756120505751,6.668656600907199e-16,1.5760170938867717,1.9633531142168543,0.8259171019395235,0.00012422175673726577,3.3965650664766963e-16,1.7647127659924268e-06,2.9063854967151737e-09,9.508685803222014e-21,1.9089354334868843e-05,2.3751156554648338e-05,0.09244486403445198,0.0001522516396170789,4.003462223552675e-16,False,1e-24,False
UniGCN,random,6,64,restart,9427.648913740717,970.1811638612334,940.5937793939426,1301.5577195898557,1209.5317258772836,7.243358302013329,0.7454000304857437,0.7776511845621262,0.012781447655640764,0.014402817768252524,0.01341171281110113,0.01576499175859806,0.014631997255666537,0.8107487686233581,0.9135950077739421,0.9166016488902206,False,1e-24,False
UniGCN,random,6,65,base,1.230305911704377,0.00018504370505649701,3.724426512123471e-16,1.4896239691577893,1.8557272444923232,0.8259171020186883,0.00012422175588455248,2.0069902638856679e-16,1.6679758394434587e-06,2.7470650455466848e-09,5.310575070870253e-21,1.804292598301586e-05,2.244918042888292e-05,0.0924448640433129,0.00015225163857195603,2.365598640758267e-16,False,1e-24,False
UniGCN,random,6,65,restart,9427.648458761623,970.1811636914243,940.593779393928,1301.5572770272886,1209.5311631338056,7.243360415374146,0.7454002838102401,0.7776515463701813,0.012781447038807073,0.014402817765731626,0.013411712811100924,0.01576498639810185,0.014631990448022844,0.8107490051717392,0.9135953182595684,0.9166020753460229,False,1e-24,False
UniGCN,random,6,66,base,1.1628637676095728,0.0001749000934098487,2.0801439505491685e-16,1.4079666890073637,1.7540011427464028,0.8259171020796011,0.00012422175522714654,1.185942186612315e-16,1.576541777524208e-06,2.596478128895831e-09,2.9660299570012728e-21,1.7053860089720976e-05,2.1218575220494218e-05,0.09244486405013086,0.00015225163776621045,1.3978459562810307e-16,False,1e-24,False
UniGCN,random,6,66,restart,9427.648060663834,970.1811635428478,940.5937793939182,1301.5568897941575,1209.530670744784,7.2433622645221645,0.7454005054641006,0.7776518629451005,0.012781446499089685,0.014402817763525934,0.013411712811100783,0.01576498170777807,0.01463198449147399,0.8107492121467936,0.9135955899282726,0.9166024484864471,False,1e-24,False
UniGCN,random,6,67,base,1.099118624998885,0.00016531252820860615,1.161820686881059e-16,1.3307856468512558,1.6578513991679529,0.8259171021264669,0.00012422175472041547,7.00799050785949e-17,1.4901198911096255e-06,2.454145995910319e-09,1.6566136978372368e-21,1.6119012195388274e-05,2.0055428562929275e-05,0.09244486405537655,0.0001522516371451386,8.260176004911428e-17,False,1e-24,False
UniGCN,random,6,67,restart,9427.647712335862,970.1811634128484,940.5937793939115,1301.5565509728935,1209.530239914162,7.243363882490423,0.7454006994069162,0.777652139942085,0.012781446026847264,0.014402817761596028,0.013411712811100688,0.015764977603838343,0.014631979279611958,0.810749393245908,0.9135958276331034,0.9166027749771641,False,1e-24,False
UniGCN,random,6,68,base,1.0388678239498124,0.000156250528376315,6.489264474337228e-17,1.2578354670580305,1.5669723324236848,0.8259171021625231,0.00012422175432989785,4.1412757201016306e-17,1.4084354258876823e-06,2.319616139980141e-09,9.252894649289504e-22,1.5235410211458703e-05,1.8956042555311166e-05,0.09244486405941232,0.00015225163666650305,4.8812375379991946e-17,False,1e-24,False
UniGCN,random,6,68,restart,9427.647407555376,970.1811632991025,940.5937793939072,1301.5562545108564,1209.5298629456815,7.24336529818177,0.7454008691032035,0.7776523823092643,0.012781445613643945,0.014402817759907415,0.013411712811100627,0.015764974012970646,0.014631974719333255,0.8107495517041766,0.9135960356203244,0.9166030606504332,False,1e-24,False
UniGCN,random,6,69,base,0.9819198138240168,0.0001476852837476942,3.624611956339295e-17,1.1888842248453866,1.481075017829491,0.8259171021902614,0.00012422175402899347,2.4472845147649228e-17,1.331228688855411e-06,2.192460859995573e-09,5.168251765542042e-22,1.4400244971479973e-05,1.7916922005992986e-05,0.09244486406251706,0.00015225163629770143,2.8845645272180824e-17,False,1e-24,False
UniGCN,random,6,69,restart,9427.647140878005,970.1811631995778,940.5937793939044,1301.5559951121759,1209.5295331053553,7.243366536885318,0.7454010175843121,0.7776525943761098,0.01278144525209857,0.014402817758429921,0.013411712811100585,0.015764970871029262,0.01463197072917521,0.8107496903522091,0.9135962176052909,0.9166033106093148,False,1e-24,False
UniGCN,random,6,70,base,0.9280935442858778,0.00013958956346867262,2.02458656081245e-17,1.1237127089397654,1.3998863687948748,0.8259171022115998,0.00012422175379717547,1.4462506428685087e-17,1.2582542226979565e-06,2.0722759005005528e-09,2.8868119383404015e-22,1.3610861300142507e-05,1.693476332056938e-05,0.09244486406490547,0.00015225163601357512,1.7046662440413374e-17,False,1e-24,False
UniGCN,random,6,70,restart,9427.646907540073,970.181163112496,940.5937793939023,1301.5557681431203,1209.5292445011382,7.243367620728335,0.7454011475025895,0.7776527799307933,0.01278144493575283,0.01440281775713715,0.013411712811100557,0.01576496812188857,0.01463196723786033,0.8107498116667091,0.9135963768388363,0.9166035293188496,False,1e-24,False
UniGCN,random,6,71,base,0.877217889703707,0.00013193762941904325,1.1308868687730267e-17,1.0621137246550565,1.3231482686201848,0.8259171022280141,0.00012422175361860872,8.546939867535377e-18,1.189280025425854e-06,1.9586791664092875e-09,1.6125058700262677e-22,1.2864749571887797e-05,1.6006443999018116e-05,0.09244486406674272,0.00015225163579471587,1.0074104342758349e-17,False,1e-24,False
UniGCN,random,6,71,restart,9427.646703373486,970.1811630363014,940.5937793939011,1301.5555695493024,1209.5289919776524,7.243368569071589,0.7454012611787694,0.7776529422878684,0.012781444658955872,0.014402817756006003,0.013411712811100538,0.015764965716440194,0.014631964183022764,0.8107499178147269,0.913596516165354,0.9166037206858348,False,1e-24,False
UniGCN,random,6,72,base,0.8291311051037048,0.0001247051543820418,6.3169759382997e-18,1.0038914351747232,1.2506167498864513,0.8259171022406401,0.00012422175348107974,5.051088544010981e-18,1.1240868127896473e-06,1.8513095081933027e-09,9.00723234356288e-23,1.2159537732251977e-05,1.5129012708580855e-05,0.09244486406815595,0.0001522516356261543,5.9536154255817155e-18,False,1e-24,False
UniGCN,random,6,72,restart,9427.646524731259,970.1811629696326,940.5937793939001,1301.5553957832392,1209.5287710240746,7.2433693988552585,0.7454013606434362,0.7776530843474896,0.012781444416763328,0.014402817755016272,0.013411712811100526,0.01576496361171559,0.014631961510093997,0.8107500106923756,0.9135966380736171,0.9166038881286236,False,1e-24,False
UniGCN,random,6,73,base,0.7836803119470386,0.00011786914470037617,3.528627953566096e-18,0.9488607389431313,1.1820612188289201,0.8259171022503519,0.00012422175337517102,2.985148228669529e-18,1.0624673211269287e-06,1.7498255736720562e-09,5.031390358646119e-23,1.1492983756578624e-05,1.4299679900822549e-05,0.09244486406924299,0.00015225163549634793,3.51853355707403e-18,False,1e-24,False
UniGCN,random,6,73,restart,9427.646368422356,970.1811629112987,940.5937793938994,1301.5552437409704,1209.5285776935455,7.2433701249015945,0.7454014476733035,0.7776532086472244,0.012781444204848983,0.014402817754150275,0.013411712811100514,0.01576496177011834,0.014631959171327919,0.8107500919587093,0.913596744741244,0.9166040346381952,False,1e-24,False
UniGCN,random,6,74,base,0.7407210120952336,0.00011140786717257343,1.971099291340034e-18,0.8968466811866636,1.1172637222283932,0.8259171022578216,0.00012422175329362205,1.7642202571552734e-18,1.0042256484254199e-06,1.6539047227531666e-09,2.8105456570902496e-23,1.0862968522125285e-05,1.3515808943039035e-05,0.09244486407007907,0.00015225163539639793,2.0794505670618755e-18,False,1e-24,False
UniGCN,random,6,74,restart,9427.646231654708,970.1811628602575,940.5937793938991,1301.5551107066035,1209.528408532655,7.243370760179734,0.7454015238229553,0.7776533174073892,0.01278144401942751,0.014402817753392545,0.01341171281110051,0.015764960158752464,0.014631957124947794,0.8107501630653628,0.9135968380736009,0.9166041628315913,False,1e-24,False
UniGCN,random,6,75,base,0.7001166284186772,0.00010530077995706229,1.101074157727539e-18,0.8476838976937128,1.0560182544896668,0.8259171022635668,0.00012422175323083677,1.0426658374950594e-18,9.491766315072096e-07,1.5632420016694447e-09,1.5699966032820144e-23,1.0267489070902529e-05,1.277490773581764e-05,0.09244486407072214,0.00015225163531944555,1.2289690350405723e-18,False,1e-24,False
UniGCN,random,6,75,restart,9427.646111985301,970.1811628155975,940.5937793938987,1301.5549943037947,1209.528260519747,7.24337131603738,0.7454015904526187,0.7776534125707123,0.01278144385718682,0.014402817752729545,0.013411712811100505,0.015764958748834722,0.014631955334399916,0.8107502252824842,0.913596919737842,0.9166042749986665,False,1e-24,False
UniGCN,random,6,76,base,0.6617380705877393,9.95284672641922e-05,6.150771295067884e-19,0.8012160890852036,0.99813010270411,0.8259171022679853,0.00012422175318250263,6.162294152239635e-19,8.971452573540878e-07,1.4775491734497143e-09,8.770244922241327e-24,9.704652241826594e-06,1.2074620790101086e-05,0.0924448640712167,0.0001522516352602051,7.263370895615433e-19,False,1e-24,False
UniGCN,random,6,76,restart,9427.64600727655,970.1811627765206,940.5937793938986,1301.5548924532939,1209.5281310109362,7.243371802403532,0.7454016487524636,0.7776534958370422,0.0127814437152289,0.01440281775214943,0.013411712811100504,0.0157649575151804,0.014631953767700571,0.8107502797214257,0.9135969911926919,0.9166043731429976,False,1e-24,False
UniGCN,random,6,77,base,0.6254633246660694,9.407257762846955e-05,3.43595192053391e-19,0.7572955239042279,0.9434152276141984,0.8259171022713836,0.00012422175314529726,3.642035680538128e-19,8.479661067024619e-07,1.3965538015397209e-09,4.89924571058129e-24,9.172668651940745e-06,1.1412721738566037e-05,0.09244486407159706,0.00015225163521460455,4.2927934482321485e-19,False,1e-24,False
UniGCN,random,6,77,restart,9427.64591565811,970.1811627423293,940.5937793938987,1301.5548033358011,1209.5280176928793,7.243372227965861,0.7454016997638652,0.7776535686937118,0.01278144359101805,0.014402817751641843,0.013411712811100505,0.015764956435753406,0.014631952396864682,0.8107503273545981,0.9135970537145056,0.9166044590176735,False,1e-24,False
UniGCN,random,6,78,base,0.5911770652013012,8.89157655646963e-05,1.919413999482475e-19,0.7157825689450111,0.8916996785119451,0.8259171022739972,0.00012422175311666066,2.1525341387198477e-19,8.014828281389233e-07,1.3199983836587406e-09,2.736848774744486e-24,8.669847007570387e-06,1.0787106257508179e-05,0.09244486407188961,0.00015225163517950627,2.537148248483739e-19,False,1e-24,False
UniGCN,random,6,78,restart,9427.64583549347,970.1811627124121,940.5937793938982,1301.554725359465,1209.5279185414468,7.243372600325915,0.7454017443980054,0.7776536324421081,0.012781443482335581,0.014402817751197707,0.013411712811100499,0.01576495549127259,0.014631951197405868,0.8107503690328421,0.9135971084200678,0.9166045341566127,False,1e-24,False
UniGCN,random,6,79,base,0.5587702885799206,8.404163642247595e-05,1.0722447894388813e-19,0.6765452453280105,0.8428190402110695,0.8259171022760069,0.00012422175309462105,1.2722123472321605e-19,7.575476410245074e-07,1.2476395331375304e-09,1.5288894626136936e-24,8.19458872732571e-06,1.0195785376731046e-05,0.09244486407211455,0.00015225163515249356,1.4995308415406084e-19,False,1e-24,False
UniGCN,random,6,79,restart,9427.645765350708,970.1811626862353,940.5937793938982,1301.5546571314474,1209.527831785564,7.243372926134891,0.7454017834521522,0.7776536882209215,0.012781443387240183,0.014402817750809099,0.013411712811100499,0.015764954664867336,0.014631950147899015,0.8107504055006262,0.9135971562865449,0.9166045999019667,False,1e-24,False
UniGCN,random,6,80,base,0.5281399664806518,7.943469426372992e-05,5.989941845517451e-20,0.6394588089098177,0.7966179103346985,0.8259171022775524,0.00012422175307765998,7.519215633754432e-20,7.160208656673328e-07,1.1792472051343561e-09,8.540921867359153e-25,7.745382859857288e-06,9.636879156169172e-06,0.09244486407228755,0.00015225163513170534,8.862746672392972e-20,False,1e-24,False
UniGCN,random,6,80,restart,9427.64570397692,970.181162663331,940.5937793938982,1301.5545974330407,1209.5277558755756,7.243373211212471,0.7454018176238992,0.777653737026484,0.012781443304033238,0.014402817750469072,0.013411712811100499,0.015764953941776173,0.01463194922959756,0.8107504374093467,0.9135971981689385,0.9166046574280914,False,1e-24,False
UniGCN,random,6,81,base,0.4991887183246156,7.508029259748969e-05,3.346218737940207e-20,0.6044053536938904,0.7529494052567883,0.8259171022787413,0.0001242217530646083,4.4441481918682195e-20,6.767704792499394e-07,1.1146039652686896e-09,4.771297206036822e-25,7.320801280207005e-06,9.108610709142204e-06,0.09244486407242061,0.00015225163511570862,5.2382271659144774e-20,False,1e-24,False
UniGCN,random,6,81,restart,9427.64565027584,970.1811626432901,940.5937793938983,1301.5545451979,1209.5276894555616,7.24337346065076,0.745401847523628,0.7776537797305683,0.012781443231228496,0.014402817750171557,0.0134117128111005,0.01576495330908309,0.014631948426098617,0.8107504653289632,0.913597234815359,0.9166047077625278,False,1e-24,False
UniGCN,random,6,82,base,0.4718245016809082,7.096458781531989e-05,1.8693423058968128e-20,0.571273436981268,0.7116746931265387,0.8259171022796554,0.00012422175305456536,2.6266808753370074e-20,6.396716960995194e-07,1.0535042983471046e-09,2.665452685481695e-25,6.919494149482413e-06,8.60930055323852e-06,0.09244486407252293,0.00015225163510339956,3.09601537197937e-20,False,1e-24,False
UniGCN,random,6,82,restart,9427.64560328825,970.1811626257547,940.5937793938982,1301.5544994929915,1209.527631339116,7.243373678905265,0.7454018736854122,0.7776538170959596,0.012781443167525507,0.014402817749911236,0.013411712811100499,0.015764952755486814,0.014631947723049946,0.8107504897581802,0.9135972668803904,0.9166047518043553,False,1e-24,False
UniGCN,random,6,83,base,0.4459603196433329,6.707449517932142e-05,1.0443014277263654e-20,0.5399577250695446,0.672662552491188,0.8259171022803585,0.00012422175304683798,1.5524893185428898e-20,6.046065709666336e-07,9.957539549834801e-10,1.4890456585746684e-25,6.540185623419872e-06,8.137361270868639e-06,0.09244486407260163,0.00015225163509392854,1.829887612223117e-20,False,1e-24,False
UniGCN,random,6,83,restart,9427.645562174857,970.1811626104114,940.5937793938982,1301.5544595019276,1209.527580488155,7.243373869874474,0.7454018965765563,0.7776538497900829,0.012781443111786406,0.014402817749683456,0.013411712811100499,0.01576495227109893,0.014631947107893598,0.8107505111333551,0.9135972949367819,0.916604790340254,False,1e-24,False
UniGCN,random,6,84,base,0.4215139442479684,6.33976472227784e-05,5.833983713275433e-21,0.5103586583736938,0.6357889551139461,0.825917102280899,0.00012422175304089287,9.175975245165854e-21,5.714636240511425e-07,9.411693340360924e-10,8.318544713054197e-26,6.181669796192996e-06,7.69129246251305e-06,0.09244486407266213,0.00015225163508664194,1.0815535559983371e-20,False,1e-24,False
UniGCN,random,6,84,restart,9427.64552620129,970.1811625969862,940.5937793938983,1301.5544245103836,1209.5275359943737,7.243374036969498,0.7454019166059438,0.7776538783969227,0.012781443063015575,0.014402817749484152,0.0134117128111005,0.015764951847267242,0.014631946569641584,0.8107505298362936,0.9135973194856787,0.9166048240585548,False,1e-24,False
UniGCN,random,6,85,base,0.3984076550522623,5.992235443118853e-05,3.2591671949419572e-21,0.48238213490409254,0.6009366716607564,0.8259171022813145,0.00012422175303631905,5.423478627015523e-21,5.401374865832345e-07,8.895768988981228e-10,4.6471723904115247e-26,5.842806866570889e-06,7.269675976619796e-06,0.09244486407270865,0.00015225163508103608,6.392544049222307e-21,False,1e-24,False
UniGCN,random,6,85,restart,9427.645494724986,970.1811625852396,940.5937793938983,1301.5543938933386,1209.5274970630214,7.243374183174995,0.7454019341313409,0.7776539034274552,0.012781443020341867,0.014402817749309767,0.0134117128111005,0.015764951476421252,0.014631946098679618,0.8107505462010683,0.9135973409655749,0.9166048535615349,False,1e-24,False
UniGCN,random,6,86,base,0.37656799204453,5.663756807866902e-05,1.820748537603895e-21,0.45593921109545194,0.5679948990022748,0.8259171022816342,0.00012422175303280025,3.205571988062173e-21,5.105285658327687e-07,8.408126257857784e-10,2.5961639362860824e-26,5.522519514237547e-06,6.871171400986536e-06,0.09244486407274442,0.00015225163507672328,3.778342563122986e-21,False,1e-24,False
UniGCN,random,6,86,restart,9427.645467183716,970.1811625749613,940.5937793938982,1301.5543671039081,1209.5274629987039,7.243374311102496,0.7454019494657866,0.7776539253287763,0.012781442983003048,0.01440281774915718,0.013411712811100499,0.015764951151936872,0.014631945686595345,0.8107505605199877,0.9135973597601449,0.916604879376177,False,1e-24,False
UniGCN,random,6,87,base,0.3559255220983076,5.353284510158161e-05,1.017173461528869e-21,0.4309458190355194,0.5368589079461776,0.82591710228188,0.0001242217530300934,1.8946755776488762e-21,4.825427284819278e-07,7.947214822699347e-10,1.4503645084585674e-26,5.219789474751931e-06,6.4945118012932455e-06,0.09244486407277193,0.00015225163507340565,2.2332156023948677e-21,False,1e-24,False
UniGCN,random,6,87,restart,9427.645443085537,970.1811625659681,940.5937793938983,1301.5543436635794,1209.527433192963,7.243374423037044,0.7454019628831854,0.7776539444920882,0.012781442950332164,0.014402817749023673,0.0134117128111005,0.01576495086801816,0.014631945326028102,0.8107505730488167,0.913597376205098,0.9166049019635834,False,1e-24,False
UniGCN,random,6,88,base,0.33641461822906404,5.0598314897699305e-05,5.682528908116818e-22,0.4073224991945633,0.5074297102798598,0.8259171022820689,0.00012422175302801114,1.119865233153724e-21,4.560910013545515e-07,7.511569343933949e-10,8.102588750432645e-27,4.93365430225973e-06,6.138499693237372e-06,0.09244486407279308,0.00015225163507085355,1.3199623939639616e-21,False,1e-24,False
UniGCN,random,6,88,restart,9427.645422000009,970.1811625580991,940.5937793938984,1301.5543231536608,1209.5274071134088,7.243374520978013,0.7454019746231982,0.7776539612596852,0.012781442921745654,0.014402817748906855,0.013411712811100502,0.015764950619593758,0.014631945010537441,0.8107505840113449,0.9135973905941732,0.9166049217272092,False,1e-24,False
UniGCN,random,6,89,base,0.317973250951481,4.782464794536076e-05,3.174605161701324e-22,0.3849941478059261,0.47961374406497936,0.8259171022822143,0.00012422175302640953,6.619087132063547e-22,4.310892885507014e-07,7.099804808067631e-10,4.526597310138623e-27,4.663204309664803e-06,5.8020032354659635e-06,0.09244486407280934,0.00015225163506889054,7.8017834986179375e-22,False,1e-24,False
UniGCN,random,6,89,restart,9427.645403550503,970.1811625512137,940.5937793938982,1301.5543052078042,1209.5273842942088,7.2433746066748235,0.7454019848955253,0.7776539759310697,0.012781442896732907,0.014402817748804636,0.013411712811100499,0.01576495040222631,0.01463194473448807,0.8107505936033851,0.9135974031843883,0.9166049390200719,False,1e-24,False
UniGCN,random,6,90,base,0.30054279107397947,4.520302614284336e-05,1.7735320129945373e-22,0.3638897780945138,0.4533225761833315,0.825917102282326,0.00012422175302517755,3.9122958047368245e-22,4.0745810408716856e-07,6.710612124418121e-10,2.5288389675405922e-27,4.407579676532386e-06,5.48395263120131e-06,0.09244486407282185,0.00015225163506738058,4.611343564772234e-22,False,1e-24,False
UniGCN,random,6,90,restart,9427.64538740747,970.1811625451894,940.5937793938982,1301.5542895054612,1209.527364327766,7.24337468165819,0.745401993883651,0.7776539887683018,0.012781442874847141,0.014402817748715203,0.013411712811100499,0.015764950212033203,0.014631944492949191,0.8107506019962699,0.9135974142006299,0.9166049541510566,False,1e-24,False
UniGCN,random,6,91,base,0.28406782330353336,4.272511477365683e-05,9.90808083055093e-23,0.343942294594113,0.4284726211883754,0.8259171022824117,0.0001242217530242299,2.312418656545829e-22,3.851223191939259e-07,6.342753963224432e-10,1.412770714836616e-27,4.16596771552947e-06,5.183336727119994e-06,0.09244486407283144,0.0001522516350662191,2.7256008806929093e-22,False,1e-24,False
UniGCN,random,6,91,restart,9427.645373282574,970.181162539918,940.5937793938982,1301.5542757661565,1209.5273468574412,7.243374747267466,0.7454020017481202,0.7776540000006793,0.012781442855697444,0.014402817748636946,0.013411712811100499,0.015764950045617204,0.014631944281606456,0.8107506093399132,0.9135974238396687,0.9166049673904316,False,1e-24,False
UniGCN,random,6,92,base,0.26849597006817805,4.0383036008627445e-05,5.535298999906304e-23,0.3250882798360408,0.4049848755685854,0.8259171022824777,0.00012422175302350102,1.366791535643134e-22,3.640109234631273e-07,5.995060821900603e-10,7.892656972296021e-28,3.937600288711735e-06,4.899199798672505e-06,0.09244486407283883,0.00015225163506532574,1.6110094090130038e-22,False,1e-24,False
UniGCN,random,6,92,restart,9427.645360923507,970.1811625353057,940.5937793938981,1301.5542637444798,1209.5273315711802,7.243374804674556,0.7454020086294082,0.7776540098288343,0.012781442838941753,0.014402817748568475,0.013411712811100497,0.015764949900005813,0.014631944096684866,0.8107506157654861,0.9135974322736773,0.9166049789746782,False,1e-24,False
UniGCN,random,6,93,base,0.2537777249971071,3.816934386053e-05,3.0923852358870336e-23,0.3072677927309648,0.3827846665777868,0.8259171022825288,0.00012422175302294057,8.07865493551221e-23,3.4405679909129137e-07,5.666427306927318e-10,4.409361787585858e-28,3.7217513654428874e-06,4.630638511623185e-06,0.09244486407284455,0.00015225163506463882,9.522146409222162e-23,False,1e-24,False
UniGCN,random,6,93,restart,9427.645350109517,970.1811625312698,940.5937793938981,1301.5542532257002,1209.52731819594,7.243374854904865,0.7454020146504275,0.7776540184283167,0.012781442824280785,0.01440281774850856,0.013411712811100497,0.015764949772598114,0.014631943934881358,0.8107506213877624,0.9135974396533031,0.9166049891107134,False,1e-24,False
UniGCN,random,6,94,base,0.23986629552895314,3.607700051164177e-05,1.7276145642535458e-23,0.2904241780029016,0.3618014148339549,0.8259171022825678,0.00012422175302250946,4.7750354018002315e-23,3.25196507496937e-07,5.355808619560566e-10,2.463366321535062e-28,3.517734714182432e-06,4.37679905015059e-06,0.09244486407284891,0.00015225163506411043,5.628237196428533e-23,False,1e-24,False
UniGCN,random,6,94,restart,9427.645340647445,970.1811625277387,940.5937793938982,1301.5542440219324,1209.527306492814,7.243374898855603,0.7454020199187259,0.7776540259527299,0.01278144281145267,0.014402817748456139,0.013411712811100499,0.01576494966111837,0.014631943793305817,0.8107506263071665,0.9135974461103609,0.9166049979795864,False,1e-24,False
UniGCN,random,6,95,base,0.22671745414787073,3.409935393895904e-05,9.651633844239298e-24,0.2745038860695447,0.3419684099317256,0.825917102282598,0.00012422175302217789,2.822375858099366e-23,3.073700876352809e-07,5.062217234184703e-10,1.3762045222141204e-28,3.3249017208035933e-06,4.136874402377868e-06,0.0924448640728523,0.00015225163506370405,3.326677071518247e-23,False,1e-24,False
UniGCN,random,6,95,restart,9427.645332368276,970.1811625246489,940.5937793938981,1301.5542359687788,1209.5272962527604,7.2433749373118115,0.7454020245284049,0.7776540325364746,0.012781442800228263,0.01440281774841027,0.013411712811100497,0.015764949563575326,0.014631943669429416,0.8107506306115683,0.9135974517601858,0.9166050057397124,False,1e-24,False
UniGCN,random,6,96,base,0.21428939777446623,3.223011676594079e-05,5.392069201505474e-24,0.25945630279628057,0.3232225983552394,0.8259171022826207,0.00012422175302192283,1.668221599895467e-23,2.9052086536879386e-07,4.784719758749527e-10,7.68842885977527e-29,3.1426393265053364e-06,3.910101794703237e-06,0.09244486407285483,0.00015225163506339144,1.966298900501846e-23,False,1e-24,False
UniGCN,random,6,96,restart,9427.645325124135,970.1811625219455,940.5937793938982,1301.5542289223947,1209.527287292873,7.243374970960399,0.7454020285618024,0.7776540382971486,0.012781442790407086,0.014402817748370135,0.013411712811100499,0.01576494947822668,0.014631943561039498,0.8107506343778532,0.9135974567036949,0.9166050125297018,False,1e-24,False
UniGCN,random,6,97,base,0.20254261486454883,3.0463346273544767e-05,3.01238717613979e-24,0.24523358858264244,0.3055043830170469,0.8259171022826386,0.00012422175302172678,9.860373021135022e-24,2.7459527328756397e-07,4.5224339673100086e-10,4.295294373333272e-29,2.9703680787626265e-06,3.6957602667737374e-06,0.09244486407285685,0.00015225163506315116,1.1622221311132024e-23,False,1e-24,False
UniGCN,random,6,97,restart,9427.64531878562,970.1811625195797,940.5937793938982,1301.554222756918,1209.5272794531109,7.243375000402388,0.7454020320909623,0.7776540433376491,0.012781442781813703,0.014402817748335016,0.013411712811100499,0.015764949403547942,0.0146319434662,0.8107506376732936,0.9135974610291883,0.9166050184708373,False,1e-24,False
UniGCN,random,6,98,base,0.19143975979317887,2.879342550700635e-05,1.6829320357324703e-24,0.23179052626962401,0.2887574337857666,0.8259171022826524,0.00012422175302157596,5.828186009510884e-24,2.59542680406634e-07,4.2745259952344596e-10,2.3996545201892534e-29,2.807540289118508e-06,3.4931683793925697e-06,0.09244486407285839,0.0001522516350629663,6.869564417065208e-24,False,1e-24,False
UniGCN,random,6,98,restart,9427.645313239522,970.1811625175101,940.5937793938982,1301.554217362222,1209.5272725934412,7.243375026163672,0.7454020351789227,0.7776540477480084,0.012781442774294632,0.01440281774830429,0.013411712811100499,0.01576494933820521,0.014631943383216921,0.8107506405567529,0.9135974648139281,0.9166050236692382,False,1e-24,False
UniGCN,random,6,99,base,0.1809455341246542,2.7215045418294613e-05,9.40205351119979e-25,0.2190843773843143,0.27292850840011945,0.8259171022826627,0.00012422175302145995,3.4448777690222686e-24,2.4531523119888565e-07,4.040207688164081e-10,1.3406174300670552e-29,2.6536382919611715e-06,3.301682048072941e-06,0.09244486407285954,0.00015225163506282414,4.0604074242991374e-24,False,1e-24,False
UniGCN,random,6,99,restart,9427.645308386773,970.1811625156993,940.5937793938983,1301.554212641947,1209.5272665913362,7.243375048704395,0.7454020378808398,0.7776540516070046,0.012781442767715562,0.014402817748277407,0.0134117128111005,0.015764949281031334,0.014631943310608008,0.8107506430797351,0.9135974681255163,0.9166050282177587,False,1e-24,False
UniGCN,random,6,100,base,0.17102657439096366,2.5723187987472134e-05,5.252659963863253e-25,0.20707474626482514,0.25796728319998613,0.8259171022826707,0.0001242217530213708,2.0361729203432317e-24,2.3186769345171785e-07,3.818734096295595e-10,7.489648397961377e-30,2.5081727987503045e-06,3.1206924953508076e-06,0.09244486407286043,0.00015225163506271485,2.399995644915165e-24,False,1e-24,False
UniGCN,random,6,100,restart,9427.645304140691,970.1811625141146,940.5937793938982,1301.5542085117793,1209.527261339588,7.243375068427178,0.7454020402449756,0.7776540549835662,0.012781442761958977,0.014402817748253883,0.013411712811100499,0.01576494923100508,0.014631943247076342,0.8107506452873053,0.913597471023105,0.9166050321976431,False,1e-24,False
UniGCN,random,6,101,base,0.161651346021932,2.4313110269297636e-05,2.9345110420351668e-25,0.1957234516335339,0.24382619313634407,0.825917102282677,0.0001242217530213022,1.2035257591846299e-24,2.1915731446382334e-07,3.609401106020745e-10,4.1842525646023035e-30,2.37068134246044e-06,2.9496243153464605e-06,0.09244486407286114,0.00015225163506263077,1.4185713559629456e-24,False,1e-24,False
UniGCN,random,6,101,restart,9427.645300425434,970.181162512728,940.5937793938982,1301.5542048979466,1209.5272567443897,7.243375085684306,0.7454020423135576,0.7776540579380053,0.012781442756922052,0.014402817748233297,0.013411712811100499,0.015764949187232882,0.01463194319148712,0.8107506472188949,0.9135974735584499,0.9166050356799805,False,1e-24,False
UniGCN,random,6,102,base,0.15279004308983582,2.2980329314352338e-05,1.6394263434212392e-25,0.1849944052103443,0.23046028055144072,0.8259171022826819,0.00012422175302124948,7.113704537278411e-25,2.07143685124881e-07,3.4115432013931476e-10,2.3376207428340256e-30,2.2407268072958368e-06,2.78793364442178e-06,0.09244486407286169,0.00015225163506256615,8.384778983213033e-25,False,1e-24,True
UniGCN,random,6,102,restart,9427.645297174644,970.1811625115149,940.5937793938982,1301.5542017358996,1209.5272527236623,7.243375100784026,0.7454020441235346,0.7776540605230937,0.012781442752514822,0.014402817748215288,0.013411712811100499,0.015764949148932894,0.014631943142847409,0.8107506489090058,0.9135974757768373,0.9166050387269716,False,1e-24,False
UniGCN,random,6,103,base,0.14441449354975716,2.1720607916750466e-05,9.158996339281607e-26,0.17485349698004998,0.21782705224844048,0.8259171022826853,0.0001242217530212089,4.204710225264126e-25,1.9578861144604313e-07,3.2245313483056427e-10,1.3059604606307325e-30,2.1178960390025434e-06,2.635106432117253e-06,0.09244486407286208,0.00015225163506251644,4.95600650020584e-25,False,1e-24,True
UniGCN,random,6,103,restart,9427.64529433025,970.1811625104532,940.5937793938981,1301.5541989691571,1209.5272492055883,7.243375113996046,0.7454020457072366,0.7776540627850059,0.012781442748658563,0.014402817748199527,0.013411712811100497,0.015764949115420993,0.01463194310028842,0.8107506503878267,0.9135974777178919,0.9166050413930417,False,1e-24,False
UniGCN,random,6,104,base,0.13649806967441208,2.0529941143123052e-05,5.11685720453055e-26,0.16526848674904013,0.20588634439613934,0.8259171022826882,0.00012422175302117776,2.485282459863083e-25,1.8505599313278434e-07,3.047770994651512e-10,7.296010331558381e-31,2.0017985313594976e-06,2.4906568068716955e-06,0.0924448640728624,0.00015225163506247825,2.9293519329635328e-25,False,1e-24,True
UniGCN,random,6,104,restart,9427.64529184145,970.1811625095245,940.5937793938983,1301.5541965483,1209.5272461273282,7.24337512555636,0.7454020470929513,0.7776540647641443,0.012781442745284395,0.014402817748185739,0.0134117128111005,0.015764949086098597,0.014631943063049964,0.8107506516817722,0.9135974794162848,0.9166050437258119,False,1e-24,False
UniGCN,random,6,105,base,0.12901560339870732,1.9404543600047496e-05,2.858640937138361e-26,0.15620890164658263,0.19460019483924862,0.8259171022826904,0.0001242217530211538,1.468981539047157e-25,1.749117088140686e-07,2.8807001801116127e-10,4.0760711073020305e-31,1.8920651846727548e-06,2.354125531328931e-06,0.09244486407286265,0.0001522516350624489,1.7314586894612378e-25,False,1e-24,True
UniGCN,random,6,105,restart,9427.645289663791,970.1811625087119,940.5937793938982,1301.554194430088,1209.527243433898,7.243375135671456,0.7454020483054303,0.7776540664958594,0.012781442742332054,0.014402817748173676,0.013411712811100499,0.015764949060441957,0.014631943030466889,0.8107506528139543,0.9135974809023523,0.9166050457669492,False,1e-24,False
UniGCN,random,6,106,base,0.12194330630488619,1.8340837399443293e-05,1.5970339080863516e-26,0.14764593924481764,0.18393272240829403,0.825917102282692,0.00012422175302113534,8.682706846154618e-26,1.6532350756295217e-07,2.722787749558035e-10,2.277174333286109e-31,1.788347132325795e-06,2.225078542320507e-06,0.09244486407286281,0.00015225163506242626,1.0234130121587852e-25,False,1e-24,True
UniGCN,random,6,106,restart,9427.645287758372,970.1811625080006,940.5937793938982,1301.5541925766854,1209.5272410771886,7.243375144522007,0.7454020493663303,0.7776540680110835,0.0127814427397488,0.014402817748163117,0.013411712811100499,0.015764949037992797,0.014631943001957205,0.8107506538045961,0.9135974822026378,0.916605047552913,False,1e-24,False
UniGCN,random,6,107,base,0.11525869399387921,1.733544078367326e-05,8.922163384407777e-27,0.13955237598945938,0.17385001284542997,0.8259171022826934,0.00012422175302112114,5.132103954654563e-26,1.5626090636374321e-07,2.5735316643942877e-10,1.2721909881490104e-31,1.6903146316552735e-06,2.1031055708827344e-06,0.09244486407286298,0.00015225163506240886,6.049106643824043e-26,False,1e-24,True
UniGCN,random,6,107,restart,9427.64528609116,970.1811625073783,940.5937793938983,1301.5541909549863,1209.5272390151044,7.243375152266103,0.7454020502946016,0.777654069336881,0.012781442737488491,0.01440281774815388,0.0134117128111005,0.015764949018350124,0.014631942977011675,0.8107506546713924,0.9135974833403679,0.9166050491156036,False,1e-24,False
UniGCN,random,6,108,base,0.10894051460241881,1.638515737418685e-05,4.984482716621026e-27,0.13190248065008675,0.16432001098350127,0.8259171022826943,0.00012422175302111024,3.0333996978137366e-26,1.4769509319974227e-07,2.432457406463383e-10,7.10726055941944e-32,1.5976560156260507e-06,1.9878188379207704e-06,0.09244486407286308,0.0001522516350623955,3.575406583254605e-26,False,1e-24,True
UniGCN,random,6,108,restart,9427.645284632375,970.1811625068342,940.5937793938981,1301.5541895360252,1209.5272372108122,7.243375159042067,0.7454020511068248,0.7776540704969334,0.012781442735510759,0.0144028177481458,0.013411712811100497,0.015764949001163098,0.014631942955184718,0.8107506554298257,0.9135974843358643,0.9166050504829337,False,1e-24,False
UniGCN,random,6,109,base,0.10296868123865843,1.5486966009524658e-05,2.784676736770694e-27,0.12467193251486189,0.15531241883556618,0.825917102282695,0.0001242217530211019,1.7929517534067337e-26,1.39598835453459e-07,2.2991164694495008e-10,3.970607235929943e-32,1.5100767019726488e-06,1.8788518213729782e-06,0.09244486407286315,0.00015225163506238528,2.1133157978516934e-26,False,1e-24,True
UniGCN,random,6,109,restart,9427.645283355962,970.1811625063579,940.5937793938983,1301.5541882944563,1209.527235632085,7.243375164970931,0.7454020518175072,0.7776540715119614,0.012781442733780271,0.01440281774813873,0.0134117128111005,0.015764948986124714,0.014631942936086472,0.8107506560934432,0.9135974852069079,0.9166050516793267,False,1e-24,False
UniGCN,random,6,110,base,0.09732420812149385,1.4638011140376896e-05,1.5557314802145082e-27,0.1178377440695999,0.14679859927088443,0.8259171022826955,0.00012422175302109547,1.0597727007897051e-26,1.3194639332808877e-07,2.173084932977053e-10,2.2182821405931803e-32,1.4272982566569756e-06,1.7758580909561024e-06,0.09244486407286322,0.0001522516350623774,1.249132547183926e-26,False,1e-24,True
UniGCN,random,6,110,restart,9427.64528223912,970.1811625059411,940.5937793938981,1301.5541872081026,1209.527234250723,7.243375170158593,0.7454020524393434,0.7776540724000948,0.012781442732266125,0.014402817748132542,0.013411712811100497,0.015764948972966358,0.014631942919375803,0.8107506566740981,0.9135974859690577,0.9166050527261514,False,1e-24,False
UniGCN,random,6,111,base,0.09198915022055942,1.383559375115961e-05,8.691361160845942e-28,0.11137818791536931,0.13875148497113515,0.8259171022826961,0.00012422175302109049,6.2639770397081e-27,1.2471343801499684e-07,2.053962114873912e-10,1.2392814239312947e-32,1.3490575086648414e-06,1.678510206786661e-06,0.09244486407286327,0.0001522516350623713,7.383222448815334e-27,False,1e-24,True
UniGCN,random,6,111,restart,9427.645281261899,970.1811625055765,940.5937793938982,1301.5541862575599,1209.5272330420526,7.243375174697719,0.7454020529834405,0.777654073177198,0.012781442730941266,0.01440281774812713,0.013411712811100499,0.015764948961453,0.014631942904754225,0.8107506571821622,0.913597486635927,0.9166050536421073,False,1e-24,False
UniGCN,random,6,112,base,0.08694654620500147,1.3077162779246254e-05,4.855570862149812e-28,0.10527272769227784,0.13114549237741618,0.8259171022826963,0.00012422175302108672,3.7024306166591216e-27,1.1787697434704673e-07,1.9413692973140245e-10,6.923448077560546e-33,1.2751057133270087e-06,1.586498678377023e-06,0.0924448640728633,0.00015225163506236666,4.363979732175499e-27,False,1e-24,True
UniGCN,random,6,112,restart,9427.645280406845,970.1811625052569,940.5937793938982,1301.5541854258497,1209.5272319844848,7.243375178669382,0.7454020534595167,0.7776540738571511,0.012781442729782034,0.014402817748122385,0.013411712811100499,0.015764948951378994,0.014631942891960573,0.8107506576267103,0.9135974872194268,0.9166050544435542,False,1e-24,False
UniGCN,random,6,113,base,0.08218036451965047,1.2360307004574456e-05,2.7127060152753432e-28,0.09950195278983529,0.12395644035444313,0.8259171022826968,0.00012422175302108376,2.1884349111015015e-27,1.1141526769187005e-07,1.8349485227895445e-10,3.867985820750551e-33,1.2052077615047878e-06,1.499530980696592e-06,0.09244486407286336,0.00015225163506236305,2.5794637593640896e-27,False,1e-24,True
UniGCN,random,6,113,restart,9427.645279658687,970.1811625049779,940.5937793938982,1301.554184698116,1209.5272310591292,7.243375182144527,0.7454020538760765,0.7776540744520998,0.012781442728767727,0.014402817748118244,0.013411712811100499,0.01576494894256439,0.014631942880766323,0.8107506580156831,0.9135974877299808,0.9166050551448081,False,1e-24,False
UniGCN,random,6,114,base,0.0776754524171557,1.1682747383843388e-05,1.5156029971281945e-28,0.09404751663632308,0.1171614733133639,0.8259171022826971,0.0001242217530210816,1.2936018592686293e-27,1.053077748526556e-07,1.7343614560846327e-10,2.161063849074652e-33,1.1391414321260063e-06,1.4173306241699348e-06,0.09244486407286338,0.0001522516350623604,1.5247422247298773e-27,False,1e-24,True
UniGCN,random,6,114,restart,9427.64527900406,970.1811625047336,940.5937793938981,1301.5541840613605,1209.5272302494575,7.243375185185225,0.7454020542405597,0.7776540749726705,0.012781442727880222,0.014402817748114617,0.013411712811100497,0.01576494893485175,0.01463194287097153,0.8107506583560282,0.9135974881767074,0.9166050557583941,False,1e-24,False
UniGCN,random,6,115,base,0.07341748778404522,1.1042329804930194e-05,8.467683929477359e-29,0.08889207837097877,0.11073898854877895,0.8259171022826973,0.0001242217530210798,7.646524535256581e-28,9.953507875677635e-08,1.639288308632849e-10,1.2073877961483148e-33,1.076696685694995e-06,1.3396362756551762e-06,0.09244486407286341,0.0001522516350623582,9.012803087597918e-28,False,1e-24,True
UniGCN,random,6,115,restart,9427.645278431275,970.18116250452,940.5937793938983,1301.5541835042093,1209.5272295410073,7.24337518784579,0.745402054559477,0.777654075428162,0.012781442727103673,0.014402817748111446,0.0134117128111005,0.01576494892810331,0.014631942862401236,0.8107506586538252,0.9135974885675864,0.9166050562952728,False,1e-24,False
UniGCN,random,6,116,base,0.06939293360755429,1.0437018238490459e-05,4.7315231978220196e-29,0.0840192477135584,0.10466856755895558,0.8259171022826972,0.00012422175302107842,4.52048146656535e-28,9.407882672461417e-08,1.549426821838472e-10,6.746571333816375e-34,1.0176749965305039e-06,1.2662009276080527e-06,0.0924448640728634,0.0001522516350623565,5.32819964566062e-28,False,1e-24,True
UniGCN,random,6,116,restart,9427.645277930096,970.1811625043329,940.5937793938983,1301.5541830167106,1209.527228921124,7.243375190173743,0.7454020548385244,0.7776540758267101,0.012781442726424206,0.014402817748108667,0.0134117128111005,0.01576494892219853,0.01463194285490236,0.8107506589143928,0.9135974889095992,0.9166050567650333,False,1e-24,False
UniGCN,random,6,117,base,0.06558899493846335,9.86488826496986e-06,2.644176280000284e-29,0.07941353285600491,0.09893091113088776,0.8259171022826972,0.00012422175302107742,2.6727503565614403e-28,8.892167212232614e-08,1.4644913061294598e-10,3.7702708295752867e-34,9.618887216085867e-07,1.1967911127902117e-06,0.0924448640728634,0.00015225163506235527,3.15031653333825e-28,False,1e-24,True
UniGCN,random,6,117,restart,9427.645277491569,970.181162504169,940.5937793938982,1301.5541825901566,1209.5272283787363,7.243375192210664,0.7454020550826866,0.7776540761754331,0.012781442725829676,0.014402817748106235,0.013411712811100499,0.015764948917031937,0.014631942848340962,0.8107506591423853,0.9135974892088552,0.9166050571760661,False,1e-24,False
UniGCN,random,6,118,base,0.061993578213120175,9.324120956448127e-06,1.478145356592667e-29,0.07506029121055884,0.09350777798382313,0.8259171022826974,0.0001242217530210766,1.5807726249771293e-28,8.404721921305302e-08,1.3842117326870207e-10,2.1076538512148267e-34,9.091605040038618e-07,1.1311861620251464e-06,0.09244486407286343,0.00015225163506235427,1.8632245707828712e-28,False,1e-24,True
UniGCN,random,6,118,restart,9427.645277107868,970.1811625040259,940.5937793938981,1301.5541822169287,1209.5272279041553,7.243375193992939,0.7454020552963249,0.7776540764805602,0.012781442725309476,0.01440281774810411,0.013411712811100497,0.015764948912511248,0.014631942842599843,0.8107506593418753,0.9135974894706995,0.9166050575357131,False,1e-24,False
UniGCN,random,6,119,base,0.05859525280532204,8.812997093864285e-06,8.269142939441968e-30,0.0709456828577281,0.08838192677619075,0.8259171022826974,0.00012422175302107598,9.356146942102642e-29,7.943997103123973e-08,1.3083328749641822e-10,1.1790782878576895e-34,8.593227090325594e-07,1.0691775026420014e-06,0.09244486407286343,0.0001522516350623535,1.102790027796242e-28,False,1e-24,True
UniGCN,random,6,119,restart,9427.645276772133,970.1811625039007,940.5937793938982,1301.55418189036,1209.527227488904,7.243375195552401,0.7454020554832549,0.7776540767475424,0.012781442724854307,0.014402817748102252,0.013411712811100499,0.015764948908555718,0.014631942837576446,0.8107506595164259,0.9135974896998091,0.9166050578503996,False,1e-24,False
UniGCN,random,6,120,base,0.0553832146858231,8.329891701238413e-06,4.627391345967822e-30,0.06705662654611837,0.0835370612915571,0.8259171022826975,0.00012422175302107552,5.539327424767219e-29,7.508528011434931e-08,1.2366134972640627e-10,6.598092094196431e-35,8.122168913047283e-07,1.0105679953768521e-06,0.09244486407286344,0.00015225163506235294,6.529092673012992e-29,False,1e-24,True
UniGCN,random,6,120,restart,9427.645276478368,970.181162503791,940.593779393898,1301.5541816046173,1209.5272271255658,7.243375196916907,0.7454020556468159,0.777654076981147,0.012781442724456037,0.014402817748100623,0.013411712811100495,0.015764948905094688,0.014631942833181057,0.8107506596691549,0.9135974899002768,0.9166050581257446,False,1e-24,False
UniGCN,random,6,121,base,0.05234725207393213,7.873268879513055e-06,2.5926413093396495e-30,0.06338075810423713,0.07895777862934406,0.8259171022826975,0.0001242217530210752,3.283579343728034e-29,7.096930193533478e-08,1.1688255877981535e-10,3.696788286805942e-35,7.676932909912443e-07,9.551713076233135e-07,0.09244486407286344,0.00015225163506235256,3.8702882480886104e-29,False,1e-24,True
UniGCN,random,6,121,restart,9427.64527622133,970.1811625036952,940.5937793938982,1301.554181354597,1209.5272268076503,7.243375198110829,0.7454020557899295,0.7776540771855479,0.012781442724107561,0.0144028177480992,0.013411712811100499,0.01576494890206634,0.014631942829335156,0.8107506598027906,0.913597490075683,0.9166050583666678,False,1e-24,False
UniGCN,random,6,122,base,0.04947771297199965,7.441676923589881e-06,1.4569441627419077e-30,0.05990639113205367,0.0746295202355962,0.8259171022826975,0.00012422175302107487,1.9522357347903542e-29,6.707895088782088e-08,1.1047536337863329e-10,2.0774235510142362e-35,7.256103577041385e-07,9.02811321039911e-07,0.09244486407286344,0.00015225163506235216,2.3010605899595255e-29,False,1e-24,True
UniGCN,random,6,122,restart,9427.64527599643,970.1811625036112,940.5937793938982,1301.5541811358332,1209.5272265294793,7.243375199155493,0.7454020559151512,0.7776540773643953,0.012781442723802655,0.014402817748097953,0.013411712811100499,0.015764948899416584,0.014631942825970055,0.8107506599197197,0.9135974902291603,0.9166050585774717,False,1e-24,False
UniGCN,random,6,123,base,0.046765474479579405,7.033743707037638e-06,8.224849194137754e-31,0.05662247984734474,0.0705385256181128,0.8259171022826975,0.0001242217530210747,1.1660080958689313e-29,6.340185868406291e-08,1.0441939362940054e-10,1.172762543437915e-35,6.858343004765593e-07,8.5332157163086e-07,0.09244486407286344,0.00015225163506235194,1.3743500485948602e-29,False,1e-24,True
UniGCN,random,6,123,restart,9427.645275799643,970.1811625035378,940.5937793938983,1301.554180944418,1209.527226286084,7.243375200069557,0.7454020560247185,0.7776540775208841,0.012781442723535864,0.014402817748096866,0.0134117128111005,0.015764948897098088,0.014631942823025643,0.8107506600220309,0.9135974903634508,0.9166050587619218,False,1e-24,False
UniGCN,random,6,124,base,0.04420191378970692,6.648172319798241e-06,4.677460026010866e-31,0.05351858396870604,0.06667178859879487,0.8259171022826975,0.00012422175302107455,7.015651033689852e-30,5.992633503342003e-08,9.869539626280595e-11,6.66948388651733e-36,6.482386624116527e-07,8.06544720520148e-07,0.09244486407286344,0.00015225163506235175,8.269205311041051e-30,False,1e-24,True
UniGCN,random,6,124,restart,9427.645275627458,970.1811625034735,940.5937793938982,1301.5541807769328,1209.5272260731167,7.24337520086935,0.7454020561205883,0.7776540776578094,0.012781442723302424,0.01440281774809591,0.013411712811100499,0.015764948895069436,0.014631942820449327,0.8107506601115516,0.913597490480953,0.9166050589233128,False,1e-24,False
UniGCN,random,6,125,base,0.04177888077508617,6.283736945022442e-06,2.6894224487449044e-31,0.050584835523584976,0.06301701596412415,0.8259171022826977,0.00012422175302107436,4.267771819401927e-30,5.664133047633198e-08,9.328517342327926e-11,3.8347863126987736e-36,6.127039186480738e-07,7.623320537363974e-07,0.09244486407286345,0.00015225163506235153,5.0303359197654605e-30,False,1e-24,True
UniGCN,random,6,125,restart,9427.645275476796,970.1811625034175,940.5937793938982,1301.5541806303859,1209.5272258867737,7.243375201569155,0.7454020562044729,0.7776540777776166,0.012781442723098167,0.014402817748095077,0.013411712811100499,0.0157649488932944,0.01463194281819509,0.8107506601898807,0.9135974905837656,0.9166050590645272,False,1e-24,False
UniGCN,random,6,126,base,0.039488672077029496,5.939278961926537e-06,1.5813216543571235e-31,0.04781190747581006,0.05956258838231405,0.8259171022826977,0.00012422175302107436,2.6548907582845516e-30,5.353640125563936e-08,8.817152481397711e-11,2.254770587987332e-36,5.791170963639784e-07,7.205430094182062e-07,0.09244486407286345,0.00015225163506235153,3.129265787767367e-30,False,1e-24,True
UniGCN,random,6,126,restart,9427.645275344974,970.181162503368,940.5937793938983,1301.5541805021596,1209.5272257237261,7.243375202181474,0.7454020562778702,0.7776540778824468,0.012781442722919449,0.014402817748094343,0.0134117128111005,0.015764948891741275,0.014631942816222664,0.8107506602584176,0.9135974906737245,0.9166050591880883,False,1e-24,False
UniGCN,random,6,127,base,0.03732400661477397,5.613703262280203e-06,9.572203225478215e-32,0.045190984072876826,0.05629752346288017,0.8259171022826975,0.0001242217530210742,1.70028850945631e-30,5.060167611356632e-08,8.333819301322884e-11,1.3648786909087283e-36,5.473714156113957e-07,6.810447309368555e-07,0.09244486407286344,0.00015225163506235132,2.0040955151817712e-30,False,1e-24,True
UniGCN,random,6,127,restart,9427.645275229626,970.1811625033253,940.5937793938981,1301.5541803899634,1209.5272255810626,7.243375202717243,0.7454020563420922,0.7776540779741707,0.012781442722763069,0.014402817748093709,0.013411712811100497,0.01576494889038231,0.014631942814496828,0.8107506603183863,0.9135974907524379,0.9166050592962015,False,1e-24,False
UniGCN,random,6,128,base,0.035278002437312744,5.3059747688149105e-06,6.028935905606811e-32,0.04271373281871779,0.053211440841188104,0.8259171022826973,0.00012422175302107414,1.1330149701453183e-30,4.7827824908805366e-08,7.87698117885925e-11,8.596522610922892e-37,5.173659498391206e-07,6.437116445156566e-07,0.09244486407286341,0.00015225163506235126,1.3354617217451632e-30,False,1e-24,True
UniGCN,random,6,128,restart,9427.645275128702,970.1811625032874,940.5937793938983,1301.5541802917935,1209.527225456234,7.243375203186034,0.7454020563982852,0.7776540780544283,0.01278144272262624,0.014402817748093147,0.0134117128111005,0.015764948889193234,0.014631942812986746,0.810750660370858,0.9135974908213105,0.9166050593907995,False,1e-24,False
UniGCN,random,6,129,base,0.03334415484414847,5.015115144483955e-06,4.0328982109552786e-32,0.04037227798285175,0.050294529176975,0.8259171022826975,0.00012422175302107406,8.018562410166775e-31,4.520602895393153e-08,7.445185724419741e-11,5.750417851645433e-37,4.890053050248516e-07,6.084250600030995e-07,0.09244486407286344,0.00015225163506235115,9.451316570714787e-31,False,1e-24,True
UniGCN,random,6,129,restart,9427.645275040393,970.1811625032545,940.5937793938983,1301.5541802058967,1209.527225347011,7.243375203596217,0.7454020564474533,0.7776540781246523,0.012781442722506517,0.014402817748092659,0.0134117128111005,0.01576494888815282,0.014631942811665449,0.8107506604167697,0.913597490881573,0.9166050594735711,False,1e-24,False
UniGCN,random,6,130,base,0.03151631570540935,4.740199682112306e-06,2.867847738254365e-32,0.03815917556169196,0.047537514961925445,0.8259171022826975,0.00012422175302107411,6.032809541162029e-31,4.27279529788414e-08,7.037060164606244e-11,4.089198875652395e-37,4.621993163964627e-07,5.750727935305692e-07,0.09244486407286344,0.0001522516350623512,7.110750015745661e-31,False,1e-24,True
UniGCN,random,6,130,restart,9427.645274963124,970.1811625032256,940.5937793938981,1301.554180130738,1209.5272252514424,7.243375203955121,0.7454020564904744,0.777654078186097,0.01278144272240176,0.014402817748092229,0.013411712811100497,0.015764948887242464,0.014631942810509333,0.8107506604569419,0.9135974909343016,0.9166050595459947,False,1e-24,False
UniGCN,random,6,131,base,0.029788673915582597,4.480354364547627e-06,2.19638519046647e-32,0.036067389612409836,0.04493163303713431,0.8259171022826977,0.00012422175302107406,4.888282579560908e-31,4.0385718631083265e-08,6.651306977858838e-11,3.1317756976951636e-37,4.368627617782199e-07,5.435488108549766e-07,0.09244486407286345,0.00015225163506235115,5.761719343602331e-31,False,1e-24,True
UniGCN,random,6,131,restart,9427.645274895518,970.1811625032002,940.5937793938982,1301.5541800649755,1209.5272251678214,7.243375204269158,0.7454020565281173,0.7776540782398603,0.012781442722310105,0.014402817748091852,0.013411712811100499,0.015764948886445924,0.01463194280949775,0.8107506604920921,0.9135974909804384,0.9166050596093644,False,1e-24,False
UniGCN,random,6,132,base,0.02815573691872259,4.2347530859661745e-06,1.7924213848223663e-32,0.03409026988411406,0.04246859872672504,0.8259171022826975,0.00012422175302107403,4.220580472541974e-31,3.8171879428829386e-08,6.286699769347375e-11,2.5557728932890894e-37,4.129150906506063e-07,5.137528902524133e-07,0.09244486407286344,0.00015225163506235113,4.974712438178997e-31,False,1e-24,True
UniGCN,random,6,132,restart,9427.64527483636,970.1811625031784,940.5937793938982,1301.5541800074343,1209.527225094654,7.243375204543934,0.7454020565610545,0.7776540782869026,0.012781442722229901,0.014402817748091528,0.013411712811100499,0.01576494888574896,0.014631942808612628,0.8107506605228477,0.9135974910208078,0.9166050596648122,False,1e-24,False
UniGCN,random,6,133,base,0.026612313246398983,4.002615025499378e-06,1.53582402269032e-32,0.03222153067522996,0.04014058149902983,0.8259171022826977,0.00012422175302107406,3.8261130390635707e-31,3.607939708686088e-08,5.942079371990631e-11,2.189896549601324e-37,3.902801680623784e-07,4.85590303891089e-07,0.09244486407286345,0.00015225163506235115,4.509761690160285e-31,False,1e-24,True
UniGCN,random,6,133,restart,9427.645274784601,970.181162503159,940.5937793938983,1301.5541799570865,1209.5272250306343,7.243375204784361,0.7454020565898739,0.7776540783280635,0.01278144272215973,0.014402817748091242,0.0134117128111005,0.01576494888513913,0.014631942807838165,0.8107506605497588,0.9135974910561301,0.9166050597133278,False,1e-24,False
UniGCN,random,6,134,base,0.02515349601286848,3.7832021648313284e-06,1.3633326112263293e-32,0.030455230849861813,0.03794018007159496,0.8259171022826975,0.00012422175302107403,3.593374118556249e-31,3.410161914029981e-08,5.616350161207386e-11,1.9439449684174544e-37,3.6888603258069055e-07,4.5897151667057225e-07,0.09244486407286344,0.00015225163506235113,4.2354370539571514e-31,False,1e-24,True
UniGCN,random,6,134,restart,9427.64527473931,970.1811625031421,940.5937793938984,1301.554179913033,1209.5272249746176,7.243375204994728,0.7454020566150903,0.7776540783640791,0.012781442722098328,0.01440281774809099,0.013411712811100502,0.015764948884605536,0.014631942807160517,0.810750660573305,0.9135974910870364,0.9166050597557786,False,1e-24,False
UniGCN,random,6,135,base,0.0237746473149982,3.5758169418750838e-06,1.2337023388369623e-32,0.028785754949605755,0.0358603988808643,0.8259171022826974,0.00012422175302107398,3.4402917350015486e-31,3.223225779494985e-08,5.308476571683189e-11,1.759108110785755e-37,3.486646675097596e-07,4.338119015698722e-07,0.09244486407286343,0.00015225163506235104,4.055001959189963e-31,False,1e-24,True
UniGCN,random,6,135,restart,9427.645274699684,970.1811625031274,940.5937793938983,1301.554179874487,1209.527224925604,7.243375205178797,0.7454020566371544,0.7776540783955919,0.012781442722044603,0.014402817748090772,0.0134117128111005,0.015764948884138652,0.014631942806567589,0.8107506605939079,0.9135974911140792,0.9166050597929221,False,1e-24,False
UniGCN,random,6,136,base,0.02247138348734421,3.3798000330682715e-06,1.1348659865013979e-32,0.027207795340763667,0.033894625841733195,0.8259171022826977,0.00012422175302107398,3.3482180679630912e-31,3.046536993700563e-08,5.017479805078834e-11,1.6181796035107546e-37,3.2955178465072273e-07,4.1003147059939277e-07,0.09244486407286345,0.00015225163506235104,3.946476598845608e-31,False,1e-24,True
UniGCN,random,6,136,restart,9427.64527466501,970.1811625031145,940.5937793938982,1301.5541798407598,1209.527224882718,7.243375205339855,0.7454020566564601,0.777654078423165,0.012781442721997596,0.01440281774809058,0.013411712811100499,0.015764948883730135,0.014631942806048785,0.8107506606119351,0.913597491137741,0.916605059825422,False,1e-24,False
UniGCN,random,6,137,base,0.02123956116550805,3.19452825723743e-06,1.0625202444394273e-32,0.02571633534019992,0.03203661132626527,0.8259171022826977,0.00012422175302107395,3.316581250178349e-31,2.8795338238577476e-08,4.742434718213613e-11,1.5150234550333178e-37,3.1148661991521223e-07,3.875546205013958e-07,0.09244486407286345,0.00015225163506235102,3.9091869246024416e-31,False,1e-24,True
UniGCN,random,6,137,restart,9427.645274634671,970.1811625031032,940.5937793938982,1301.5541798112488,1209.5272248451931,7.243375205480779,0.7454020566733525,0.7776540784472912,0.012781442721956464,0.014402817748090413,0.013411712811100499,0.015764948883372685,0.014631942805594838,0.8107506606277087,0.913597491158445,0.916605059853859,False,1e-24,False
UniGCN,random,6,138,base,0.0200752641134635,3.0194125943670228e-06,9.900072284253957e-33,0.024306633266194404,0.030280448294740824,0.8259171022826975,0.000124221753021074,3.2694602761126967e-31,2.7216853298961755e-08,4.4824668818302244e-11,1.4116287944314158e-37,2.944117401428586e-07,3.6630989239049726e-07,0.09244486407286344,0.0001522516350623511,3.853646389998601e-31,False,1e-24,True
UniGCN,random,6,138,restart,9427.645274608123,970.1811625030931,940.5937793938981,1301.5541797854273,1209.5272248123597,7.243375205604083,0.7454020566881326,0.7776540784684011,0.012781442721920472,0.014402817748090263,0.013411712811100497,0.015764948883059925,0.014631942805197645,0.8107506606415101,0.9135974911765603,0.9166050598787407,False,1e-24,False
UniGCN,random,6,139,base,0.018974790772974783,2.8538963129743217e-06,9.327369871740996e-33,0.022974207363586026,0.028620553515869077,0.8259171022826975,0.00012422175302107395,3.25897605948442e-31,2.572489676487995e-08,4.236749800590452e-11,1.3299684597458337e-37,2.7827286050855166e-07,3.4622974457004165e-07,0.09244486407286344,0.00015225163506235102,3.8412888569046192e-31,False,1e-24,True
UniGCN,random,6,139,restart,9427.645274584896,970.1811625030846,940.5937793938981,1301.5541797628337,1209.5272247836308,7.243375205711975,0.7454020567010655,0.777654078486872,0.012781442721888981,0.014402817748090137,0.013411712811100497,0.01576494888278626,0.014631942804850103,0.8107506606535865,0.9135974911924114,0.916605059900512,False,1e-24,False
UniGCN,random,6,140,base,0.017934642495522925,2.6974532001367175e-06,8.855986084243903e-33,0.021714821555280248,0.027051649816459133,0.8259171022826978,0.00012422175302107403,3.2737323395542493e-31,2.43147253760219e-08,4.0045022854634255e-11,1.2627549174045942e-37,2.630186719389565e-07,3.2725033780208686e-07,0.09244486407286347,0.00015225163506235113,3.858681784366187e-31,False,1e-24,True
UniGCN,random,6,140,restart,9427.645274564575,970.1811625030768,940.5937793938984,1301.554179743065,1209.5272247584933,7.243375205806378,0.7454020567123811,0.7776540785030343,0.01278144272186143,0.014402817748090022,0.013411712811100502,0.015764948882546814,0.01463194280454601,0.8107506606641529,0.9135974912062803,0.9166050599195622,False,1e-24,False
UniGCN,random,6,141,base,0.01695151241932718,2.5495858885442587e-06,8.241248077410463e-33,0.02052447197482171,0.025568749304117434,0.8259171022826974,0.00012422175302107406,3.2231721541746836e-31,2.298185588517064e-08,3.784985970152627e-11,1.175100822913015e-37,2.48600677989604e-07,3.0931133234832533e-07,0.09244486407286343,0.00015225163506235115,3.7990875212735388e-31,False,1e-24,True
UniGCN,random,6,141,restart,9427.645274546789,970.18116250307,940.5937793938982,1301.5541797257674,1209.5272247364987,7.243375205888976,0.7454020567222822,0.7776540785171752,0.012781442721837318,0.01440281774808992,0.013411712811100499,0.015764948882337298,0.014631942804279936,0.8107506606733982,0.9135974912184155,0.9166050599362299,False,1e-24,False
UniGCN,random,6,142,base,0.016022274956098877,2.409824275258805e-06,7.974068552798636e-33,0.019399374237215782,0.024167137509632987,0.8259171022826975,0.000124221753021074,3.299550287914811e-31,2.1722050804966353e-08,3.577502963665883e-11,1.1370043020598873e-37,2.3497304066395086e-07,2.9235569613669027e-07,0.09244486407286344,0.0001522516350623511,3.8891128754620985e-31,False,1e-24,True
UniGCN,random,6,142,restart,9427.64527453123,970.1811625030646,940.5937793938982,1301.5541797106325,1209.5272247172536,7.243375205961252,0.7454020567309458,0.7776540785295487,0.012781442721816225,0.014402817748089838,0.013411712811100499,0.01576494888215398,0.014631942804047122,0.810750660681488,0.913597491229034,0.9166050599508143,False,1e-24,False
UniGCN,random,6,143,base,0.015143975854103903,2.2777240271526627e-06,7.530717915207113e-33,0.018335951407530453,0.022842358398635392,0.8259171022826977,0.00012422175302107403,3.296821538207281e-31,2.0531304935995423e-08,3.381393631565322e-11,1.0737879428168211e-37,2.2209243468423513e-07,2.763295234437651e-07,0.09244486407286345,0.00015225163506235113,3.8858965536317152e-31,False,1e-24,True
UniGCN,random,6,143,restart,9427.645274517616,970.1811625030593,940.5937793938982,1301.5541796973894,1209.5272247004145,7.24337520602449,0.7454020567385261,0.7776540785403752,0.012781442721797766,0.014402817748089762,0.013411712811100499,0.015764948881993573,0.014631942803843417,0.8107506606885663,0.9135974912383247,0.9166050599635752,False,1e-24,False
UniGCN,random,6,144,base,0.014313822805942037,2.152865168275131e-06,7.04571707132339e-33,0.017330822629027794,0.02159020020487452,0.8259171022826975,0.000124221753021074,3.263386631186794e-31,1.9405832633374277e-08,3.196034498843357e-11,1.0046327753703449e-37,2.0991790975082115e-07,2.611818635165477e-07,0.09244486407286344,0.0001522516350623511,3.846487508144662e-31,False,1e-24,True
UniGCN,random,6,144,restart,9427.645274505703,970.1811625030548,940.5937793938981,1301.554179685802,1209.5272246856805,7.243375206079825,0.7454020567451588,0.7776540785498482,0.012781442721781616,0.014402817748089694,0.013411712811100497,0.01576494888185322,0.014631942803665175,0.8107506606947599,0.9135974912464541,0.916605059974741,False,1e-24,False
UniGCN,random,6,145,base,0.013529176571183183,2.034850744655933e-06,6.663621827213202e-33,0.016380792374671483,0.02040668204008264,0.8259171022826978,0.00012422175302107395,3.265411699032978e-31,1.8342055771345733e-08,3.0208362677575405e-11,9.50150683390156e-38,1.984107603521255e-07,2.468645585887204e-07,0.09244486407286347,0.00015225163506235102,3.848874414464328e-31,False,1e-24,True
UniGCN,random,6,145,restart,9427.64527449528,970.181162503051,940.5937793938982,1301.5541796756636,1209.5272246727886,7.243375206128239,0.7454020567509622,0.7776540785581371,0.012781442721767485,0.014402817748089639,0.013411712811100499,0.015764948881730422,0.01463194280350922,0.8107506607001789,0.9135974912535669,0.9166050599845108,False,1e-24,False
UniGCN,random,6,146,base,0.012787542585637423,1.923305562300614e-06,6.30350977672518e-33,0.01548284028783855,0.01928804123784881,0.8259171022826978,0.00012422175302107395,3.268092233417585e-31,1.733659236762462e-08,2.8552419443225058e-11,8.988031249991782e-38,1.8753440271122275e-07,2.3333209077644355e-07,0.09244486407286347,0.00015225163506235102,3.852033905873347e-31,False,1e-24,True
UniGCN,random,6,146,restart,9427.64527448616,970.1811625030475,940.5937793938984,1301.5541796667924,1209.5272246615086,7.243375206170601,0.7454020567560401,0.7776540785653896,0.01278144272175512,0.014402817748089587,0.013411712811100502,0.01576494888162297,0.014631942803372763,0.8107506607049204,0.9135974912597906,0.9166050599930592,False,1e-24,False
UniGCN,random,6,147,base,0.012086563030582875,1.8178749943657178e-06,5.959516615802363e-33,0.01463411157993656,0.01823072139126883,0.8259171022826977,0.00012422175302107395,3.2689417428410327e-31,1.6386245831326942e-08,2.6987250675026966e-11,8.497539224172477e-38,1.7725425847791377e-07,2.205414373669193e-07,0.09244486407286345,0.00015225163506235102,3.8530352053682077e-31,False,1e-24,True
UniGCN,random,6,147,restart,9427.64527447818,970.1811625030447,940.5937793938981,1301.55417965903,1209.527224651638,7.243375206207668,0.7454020567604833,0.7776540785717354,0.012781442721744302,0.014402817748089543,0.013411712811100497,0.015764948881528948,0.014631942803253356,0.8107506607090694,0.9135974912652365,0.9166050600005389,False,1e-24,False
UniGCN,random,6,148,base,0.011424009336737683,1.7182238537215007e-06,5.6644896352296264e-33,0.013831907954398355,0.017231361046339978,0.8259171022826975,0.00012422175302107395,3.287314112910884e-31,1.548799480029935e-08,2.550788035476125e-11,8.076866961432512e-38,1.675376447964917e-07,2.084519340396585e-07,0.09244486407286344,0.00015225163506235102,3.874690344631616e-31,False,1e-24,True
UniGCN,random,6,148,restart,9427.645274471197,970.1811625030421,940.5937793938982,1301.5541796522382,1209.527224643002,7.243375206240101,0.7454020567643711,0.7776540785772881,0.012781442721734834,0.014402817748089505,0.013411712811100499,0.015764948881446684,0.014631942803148883,0.8107506607126996,0.9135974912700014,0.9166050600070836,False,1e-24,False
UniGCN,random,6,149,base,0.010797775099144626,1.6240353273177964e-06,5.291084501031695e-33,0.013073679028199524,0.016286783015154044,0.8259171022826977,0.00012422175302107403,3.248698343993779e-31,1.4638983535539614e-08,2.4109605236479495e-11,7.544437071743026e-38,1.5835367039970353e-07,1.970251455855971e-07,0.09244486407286345,0.00015225163506235113,3.8291747225053378e-31,False,1e-24,True
UniGCN,random,6,149,restart,9427.645274465089,970.1811625030398,940.5937793938983,1301.5541796462956,1209.5272246354452,7.243375206268482,0.7454020567677727,0.7776540785821466,0.012781442721726554,0.01440281774808947,0.0134117128111005,0.015764948881374703,0.014631942803057468,0.8107506607158762,0.9135974912741707,0.9166050600128104,False,1e-24,False
UniGCN,random,6,150,base,0.010205869380443149,1.5350099689651496e-06,5.064772972684235e-33,0.012357014223625857,0.015393984274913243,0.8259171022826978,0.000124221753021074,3.2900988348663093e-31,1.383651284216973e-08,2.2787979893844057e-11,7.221744609754472e-38,1.49673137398569e-07,1.8622474371305347e-07,0.09244486407286347,0.0001522516350623511,3.8779726398132025e-31,False,1e-24,True
UniGCN,random,6,150,restart,9427.645274459743,970.1811625030377,940.5937793938982,1301.5541796410957,1209.5272246288337,7.243375206293311,0.745402056770749,0.7776540785863975,0.012781442721719306,0.014402817748089441,0.013411712811100499,0.015764948881311722,0.014631942802977485,0.8107506607186553,0.9135974912778185,0.9166050600178207,False,1e-24,False
UniGCN,random,6,151,base,0.00964641038123847,1.4508647473290531e-06,4.7123835216833175e-33,0.011679635104512785,0.014550126420655509,0.8259171022826977,0.000124221753021074,3.2387234209824934e-31,1.3078031488097488e-08,2.1538802587133058e-11,6.719280504842878e-38,1.4146844845582347e-07,1.7601639155204157e-07,0.09244486407286345,0.0001522516350623511,3.817417483448542e-31,False,1e-24,True
UniGCN,random,6,151,restart,9427.645274455064,970.181162503036,940.5937793938984,1301.5541796365458,1209.5272246230484,7.243375206315037,0.7454020567733535,0.7776540785901173,0.012781442721712962,0.014402817748089415,0.013411712811100502,0.01576494888125661,0.0146319428029075,0.8107506607210873,0.9135974912810106,0.9166050600222052,False,1e-24,False
UniGCN,random,6,152,base,0.009117619457444487,1.3713321461106346e-06,4.448459787403317e-33,0.011039388132592124,0.013752526641336369,0.8259171022826977,0.00012422175302107406,3.2346490964303627e-31,1.2361128093084553e-08,2.0358101904978998e-11,6.342957653709686e-38,1.3371351904786973e-07,1.6636763448975518e-07,0.09244486407286345,0.00015225163506235115,3.812615159891741e-31,False,1e-24,True
UniGCN,random,6,152,restart,9427.645274450973,970.1811625030346,940.5937793938983,1301.5541796325647,1209.5272246179863,7.24337520633405,0.7454020567756323,0.7776540785933717,0.012781442721707417,0.014402817748089394,0.0134117128111005,0.01576494888120839,0.014631942802846264,0.8107506607232152,0.9135974912838037,0.916605060026041,False,1e-24,False
UniGCN,random,6,153,base,0.008617815465580204,1.2961593135530878e-06,4.20136965594491e-33,0.010434237820916886,0.01299864919057836,0.8259171022826977,0.0001242217530210741,3.2321586607554066e-31,1.1683523462434502e-08,1.924212413837234e-11,5.990637454046804e-38,1.263836945362995e-07,1.572477969901647e-07,0.09244486407286345,0.00015225163506235118,3.8096797339688636e-31,False,1e-24,True
UniGCN,random,6,153,restart,9427.645274447392,970.1811625030332,940.5937793938982,1301.5541796290818,1209.5272246135569,7.243375206350681,0.7454020567776259,0.7776540785962194,0.012781442721702561,0.014402817748089373,0.013411712811100499,0.015764948881166203,0.014631942802792678,0.8107506607250768,0.9135974912862472,0.9166050600293977,False,1e-24,False
UniGCN,random,6,154,base,0.008145409418042218,1.2251072585699242e-06,3.9496782623392114e-33,0.009862260262597372,0.012286097324971601,0.8259171022826978,0.00012422175302107411,3.214754171213878e-31,1.1043063340928012e-08,1.818732134678904e-11,5.631756419319946e-38,1.194556717853364e-07,1.4862788506969308e-07,0.09244486407286347,0.0001522516350623512,3.7891654158162583e-31,False,1e-24,True
UniGCN,random,6,154,restart,9427.645274444258,970.1811625030318,940.5937793938981,1301.5541796260338,1209.5272246096818,7.243375206365235,0.7454020567793704,0.7776540785987109,0.012781442721698313,0.014402817748089353,0.013411712811100497,0.015764948881129285,0.0146319428027458,0.8107506607267058,0.9135974912883853,0.9166050600323343,False,1e-24,False
UniGCN,random,6,155,base,0.007698899431361166,1.1579500909393741e-06,3.804504619792181e-33,0.009321637014275025,0.011612605684295578,0.8259171022826977,0.00012422175302107403,3.2761851415804473e-31,1.0437711563968355e-08,1.719034007850176e-11,5.424756623633783e-38,1.1290742507600563e-07,1.4048049411891968e-07,0.09244486407286345,0.00015225163506235113,3.861572852272012e-31,False,1e-24,True
UniGCN,random,6,155,restart,9427.645274441515,970.1811625030309,940.5937793938982,1301.5541796233672,1209.5272246062907,7.2433752063779675,0.745402056780897,0.7776540786008913,0.012781442721694593,0.014402817748089339,0.013411712811100499,0.015764948881096988,0.014631942802704778,0.810750660728131,0.9135974912902564,0.9166050600349044,False,1e-24,False
UniGCN,random,6,156,base,0.007276865951381458,1.0944743031493312e-06,3.619313884424015e-33,0.00881064931488815,0.010976033089437183,0.8259171022826978,0.00012422175302107406,3.2974699100598308e-31,9.865543584163067e-09,1.6248010709213966e-11,5.160697365275215e-38,1.0671813608149407e-07,1.3277972177725598e-07,0.09244486407286347,0.00015225163506235115,3.8866607763589983e-31,False,1e-24,True
UniGCN,random,6,156,restart,9427.645274439115,970.1811625030302,940.5937793938982,1301.5541796210337,1209.5272246033235,7.243375206389112,0.7454020567822328,0.777654078602799,0.01278144272169134,0.01440281774808933,0.013411712811100499,0.015764948881068722,0.014631942802668883,0.8107506607293784,0.9135974912918936,0.9166050600371529,False,1e-24,False
UniGCN,random,6,157,base,0.006877967240184189,1.0344780916096762e-06,3.3788586162290045e-33,0.008327672621349806,0.010374355735108034,0.8259171022826978,0.0001242217530210741,3.2569334448350863e-31,9.3247403527615e-09,1.5357337365122143e-11,4.817837666264053e-38,1.0086812768107808e-07,1.2550108558360392e-07,0.09244486407286347,0.00015225163506235118,3.838881268524643e-31,False,1e-24,True
UniGCN,random,6,157,restart,9427.645274437018,970.1811625030293,940.5937793938983,1301.5541796189918,1209.5272246007275,7.243375206398863,0.7454020567834014,0.7776540786044681,0.012781442721688498,0.014402817748089316,0.0134117128111005,0.01576494888104399,0.01463194280263748,0.8107506607304698,0.9135974912933259,0.9166050600391202,False,1e-24,False
UniGCN,random,6,158,base,0.006500935110405067,9.777707150739612e-07,3.216287676502139e-33,0.007871171443765439,0.009805660755719143,0.8259171022826974,0.00012422175302107406,3.2800315619997793e-31,8.813582536495885e-09,1.4515488398369369e-11,4.5860314601404677e-38,9.533880140219766e-08,1.1862144514118876e-07,0.09244486407286343,0.00015225163506235115,3.8661065498586366e-31,False,1e-24,True
UniGCN,random,6,158,restart,9427.64527443518,970.1811625030285,940.5937793938982,1301.5541796172054,1209.5272245984559,7.243375206407393,0.745402056784424,0.7776540786059286,0.012781442721686007,0.014402817748089304,0.013411712811100499,0.015764948881022353,0.014631942802609998,0.8107506607314245,0.9135974912945791,0.9166050600408417,False,1e-24,False
UniGCN,random,6,159,base,0.006144570893385877,9.24171888230739e-07,3.0285095063346825e-33,0.007439694463770402,0.009268140143957502,0.8259171022826975,0.0001242217530210741,3.2676561416792592e-31,8.330445051440037e-09,1.3719787384609565e-11,4.318282837339377e-38,9.011257829179266e-08,1.1211892854911178e-07,0.09244486407286344,0.00015225163506235118,3.8515198934030363e-31,False,1e-24,True
UniGCN,random,6,159,restart,9427.645274433575,970.1811625030281,940.5937793938982,1301.5541796156424,1209.5272245964686,7.243375206414858,0.7454020567853188,0.7776540786072064,0.012781442721683828,0.014402817748089297,0.013411712811100499,0.01576494888100342,0.014631942802585958,0.8107506607322601,0.9135974912956759,0.9166050600423478,False,1e-24,False
UniGCN,random,6,160,base,0.005807741628341279,8.735112085366175e-07,2.8693615576582573e-33,0.0070318699204673756,0.008760085002730327,0.8259171022826978,0.00012422175302107398,3.2754951085108647e-31,7.873791896507556e-09,1.2967704614061561e-11,4.0913573963164333e-38,8.517284302891685e-08,1.0597286286673256e-07,0.09244486407286347,0.00015225163506235104,3.8607595243147943e-31,False,1e-24,True
UniGCN,random,6,160,restart,9427.645274432167,970.1811625030276,940.5937793938983,1301.5541796142747,1209.5272245947292,7.243375206421387,0.7454020567861017,0.7776540786083247,0.01278144272168192,0.01440281774808929,0.0134117128111005,0.015764948880986854,0.014631942802564916,0.810750660732991,0.9135974912966355,0.9166050600436659,False,1e-24,False
UniGCN,random,6,161,base,0.0054893764604255135,8.256276144688341e-07,2.6891447656809677e-33,0.0066464012492946185,0.008279880112202655,0.8259171022826977,0.00012422175302107406,3.247806404488613e-31,7.442171270164134e-09,1.2256849049001441e-11,3.834390370732368e-38,8.050389110095226e-08,1.0016370838981111e-07,0.09244486407286345,0.00015225163506235115,3.828123411535361e-31,False,1e-24,True
UniGCN,random,6,161,restart,9427.645274430937,970.1811625030268,940.5937793938982,1301.554179613078,1209.5272245932076,7.243375206427102,0.7454020567867865,0.7776540786093029,0.012781442721680253,0.014402817748089278,0.013411712811100499,0.015764948880972362,0.014631942802546509,0.8107506607336307,0.9135974912974748,0.9166050600448189,False,1e-24,False
UniGCN,random,6,162,base,0.005188463236247642,7.803688734749903e-07,2.539551213908806e-33,0.006282062959960016,0.007825998794655708,0.8259171022826975,0.00012422175302107403,3.245018662209657e-31,7.034210954828898e-09,1.1584960722123855e-11,3.621088326990004e-38,7.609087887548469e-08,9.467299652946009e-08,0.09244486407286344,0.00015225163506235113,3.8248375563598034e-31,False,1e-24,True
UniGCN,random,6,162,restart,9427.645274429862,970.1811625030265,940.5937793938981,1301.554179612031,1209.5272245918763,7.243375206432103,0.7454020567873858,0.7776540786101588,0.012781442721678795,0.014402817748089275,0.013411712811100497,0.015764948880959678,0.014631942802530403,0.8107506607341903,0.9135974912982093,0.9166050600458278,False,1e-24,False
UniGCN,random,6,163,base,0.004904045286011705,7.375910979920511e-07,2.4374748677930287e-33,0.005937696740335971,0.007396998060840225,0.8259171022826978,0.00012422175302107398,3.2952217206829384e-31,6.648613954290738e-09,1.0949903551605423e-11,3.475539986260654e-38,7.191977640910817e-08,8.948327109640937e-08,0.09244486407286347,0.00015225163506235104,3.884010881225054e-31,False,1e-24,True
UniGCN,random,6,163,restart,9427.64527442892,970.1811625030263,940.5937793938981,1301.554179611115,1209.527224590711,7.243375206436478,0.7454020567879103,0.777654078610908,0.012781442721677519,0.014402817748089271,0.013411712811100497,0.015764948880948582,0.014631942802516307,0.81075066073468,0.9135974912988521,0.9166050600467107,False,1e-24,False
UniGCN,random,6,164,base,0.004635218382051526,6.971582879959084e-07,2.264973566906299e-33,0.005612207773928585,0.006991514022394017,0.8259171022826977,0.00012422175302107403,3.239603839242151e-31,6.284154370270053e-09,1.0349658550027433e-11,3.2295743039737846e-38,6.797732284312724e-08,8.45780328039138e-08,0.09244486407286345,0.00015225163506235113,3.8184552145605568e-31,False,1e-24,True
UniGCN,random,6,164,restart,9427.645274428094,970.1811625030259,940.5937793938981,1301.554179610313,1209.5272245896917,7.243375206440306,0.7454020567883692,0.7776540786115633,0.012781442721676398,0.014402817748089266,0.013411712811100497,0.015764948880938868,0.014631942802503977,0.8107506607351085,0.9135974912994147,0.9166050600474832,False,1e-24,False
UniGCN,random,6,165,base,0.004381127864090667,6.589418986271757e-07,2.158862115190409e-33,0.005304561259213495,0.00660825755573873,0.8259171022826977,0.00012422175302107395,3.266915820064571e-31,5.939673505016581e-09,9.782317405567564e-12,3.0782723979267854e-38,6.42509842443495e-08,7.994168681286572e-08,0.09244486407286345,0.00015225163506235102,3.850647291359596e-31,False,1e-24,True
UniGCN,random,6,165,restart,9427.645274427376,970.1811625030259,940.5937793938981,1301.5541796096118,1209.5272245887998,7.243375206443656,0.7454020567887709,0.7776540786121369,0.012781442721675425,0.014402817748089266,0.013411712811100497,0.015764948880930375,0.014631942802493185,0.8107506607354835,0.913597491299907,0.9166050600481592,False,1e-24,False
UniGCN,random,6,166,base,0.00414096592208809,6.228204315186109e-07,2.0287606944115747e-33,0.005013779119772611,0.006246010203670445,0.8259171022826975,0.00012422175302107395,3.2480905862423674e-31,5.614076177552568e-09,9.246076415053964e-12,2.8927637405203714e-38,6.07289137569357e-08,7.555949315234706e-08,0.09244486407286344,0.00015225163506235102,3.8284583707937624e-31,False,1e-24,True
UniGCN,random,6,166,restart,9427.64527442674,970.1811625030255,940.5937793938982,1301.5541796089979,1209.5272245880194,7.2433752064465855,0.7454020567891221,0.7776540786126387,0.012781442721674564,0.014402817748089259,0.013411712811100499,0.01576494888092294,0.014631942802483746,0.8107506607358114,0.9135974913003374,0.9166050600487508,False,1e-24,False
UniGCN,random,6,167,base,0.003913969028031086,5.886790485248874e-07,1.9265523662089126e-33,0.004738936894772521,0.005903620301614307,0.8259171022826978,0.00012422175302107398,3.2633405737189926e-31,5.306327241849847e-09,8.73923074959323e-12,2.7470272095345805e-38,5.739991393862065e-08,7.14175198579966e-08,0.09244486407286347,0.00015225163506235104,3.8464332211432808e-31,False,1e-24,True
UniGCN,random,6,167,restart,9427.645274426191,970.1811625030252,940.5937793938981,1301.554179608461,1209.5272245873366,7.2433752064491514,0.7454020567894295,0.7776540786130776,0.012781442721673818,0.014402817748089256,0.013411712811100497,0.015764948880916438,0.014631942802475486,0.8107506607360986,0.9135974913007141,0.916605060049268,False,1e-24,False
UniGCN,random,6,168,base,0.0036994155085106066,5.564092066266959e-07,1.829831219673277e-33,0.0044791607998987265,0.005579999316227746,0.8259171022826977,0.000124221753021074,3.2792678206102367e-31,5.0154482958713194e-09,8.260169034541781e-12,2.609114726110312e-38,5.425340116156403e-08,6.750259867920919e-08,0.09244486407286345,0.0001522516350623511,3.8652063434024803e-31,False,1e-24,True
UniGCN,random,6,168,restart,9427.645274425708,970.181162503025,940.5937793938981,1301.554179607991,1209.527224586739,7.243375206451396,0.7454020567896984,0.7776540786134616,0.012781442721673163,0.014402817748089252,0.013411712811100497,0.015764948880910745,0.014631942802468257,0.8107506607363498,0.9135974913010437,0.9166050600497206,False,1e-24,False
UniGCN,random,6,169,base,0.0034966232503616267,5.259083128484413e-07,1.7317785894761046e-33,0.004233624949401751,0.005274118384711848,0.8259171022826978,0.00012422175302107406,3.2835413677782293e-31,4.740514571014151e-09,7.807368226588906e-12,2.469303710410749e-38,5.127937196465299e-08,6.380228321435016e-08,0.09244486407286347,0.00015225163506235115,3.8702434866082706e-31,False,1e-24,True
UniGCN,random,6,169,restart,9427.645274425286,970.1811625030248,940.5937793938981,1301.5541796075797,1209.5272245862163,7.243375206453359,0.7454020567899338,0.7776540786137979,0.01278144272167259,0.014402817748089249,0.013411712811100497,0.015764948880905762,0.014631942802461934,0.8107506607365695,0.9135974913013322,0.916605060050117,False,1e-24,False
UniGCN,random,6,170,base,0.0033049475320742956,4.970793980924466e-07,1.6276649329198664e-33,0.004001548730423392,0.004985005043828608,0.8259171022826978,0.00012422175302107395,3.265121937910376e-31,4.480651992065526e-09,7.379388771664685e-12,2.3208504150524068e-38,4.846837125028333e-08,6.030480934088737e-08,0.09244486407286347,0.00015225163506235102,3.848532878917242e-31,False,1e-24,True
UniGCN,random,6,170,restart,9427.645274424916,970.1811625030248,940.5937793938983,1301.5541796072202,1209.5272245857586,7.243375206455076,0.7454020567901396,0.7776540786140922,0.01278144272167209,0.014402817748089249,0.0134117128111005,0.015764948880901408,0.014631942802456397,0.8107506607367617,0.9135974913015845,0.9166050600504639,False,1e-24,False
UniGCN,random,6,171,base,0.0031237789740814472,4.698308088527137e-07,1.5256972172535879e-33,0.003782194321255537,0.004711740138224895,0.8259171022826977,0.00012422175302107395,3.238075896580282e-31,4.235034398323936e-09,6.9748700282787595e-12,2.175456968010761e-38,4.5811462224509895e-08,5.6999057814639954e-08,0.09244486407286345,0.00015225163506235102,3.816654259593752e-31,False,1e-24,True
UniGCN,random,6,171,restart,9427.64527442459,970.1811625030247,940.5937793938983,1301.5541796069053,1209.5272245853585,7.243375206456579,0.74540205679032,0.7776540786143494,0.012781442721671648,0.014402817748089247,0.0134117128111005,0.015764948880897595,0.014631942802451555,0.81075066073693,0.9135974913018056,0.9166050600507671,False,1e-24,False
UniGCN,random,6,172,base,0.0029525416014059675,4.4407591582812293e-07,1.4422973908326813e-33,0.0035748643456415094,0.00445345489823397,0.8259171022826975,0.000124221753021074,3.2386033400823896e-31,4.0028809170513e-09,6.592525941739603e-12,2.0565390520137413e-38,4.33001979849989e-08,5.3874518919237863e-08,0.09244486407286344,0.0001522516350623511,3.8172759465317076e-31,False,1e-24,True
UniGCN,random,6,172,restart,9427.645274424309,970.1811625030243,940.5937793938982,1301.5541796066295,1209.5272245850083,7.2433752064578965,0.7454020567904776,0.7776540786145745,0.012781442721671267,0.014402817748089242,0.013411712811100499,0.015764948880894254,0.014631942802447319,0.8107506607370775,0.9135974913019987,0.9166050600510324,False,1e-24,False
UniGCN,random,6,173,base,0.0027906910125087545,4.1973283850869584e-07,1.3831402635494305e-33,0.0033788996556624734,0.0042093281778642685,0.8259171022826975,0.00012422175302107403,3.285893152315838e-31,3.783453480905553e-09,6.231140955501777e-12,1.9721882494426325e-38,4.092659466645438e-08,5.0921259053405496e-08,0.09244486407286344,0.00015225163506235113,3.8730154872530337e-31,False,1e-24,True
UniGCN,random,6,173,restart,9427.645274424061,970.1811625030244,940.5937793938982,1301.5541796063887,1209.527224584702,7.243375206459046,0.7454020567906156,0.7776540786147714,0.012781442721670932,0.014402817748089243,0.013411712811100499,0.015764948880891336,0.014631942802443615,0.810750660737206,0.9135974913021678,0.9166050600512645,False,1e-24,False
UniGCN,random,6,174,base,0.0026377126485156387,3.967241848593176e-07,1.2988002003003302e-33,0.00319367723616019,0.003978583844194408,0.8259171022826977,0.00012422175302107406,3.264478646580625e-31,3.576054481461083e-09,5.889566146642437e-12,1.8519296711331017e-38,3.868310605814184e-08,4.812988914984287e-08,0.09244486407286345,0.00015225163506235115,3.8477746444989424e-31,False,1e-24,True
UniGCN,random,6,174,restart,9427.645274423843,970.1811625030244,940.5937793938982,1301.5541796061782,1209.527224584434,7.243375206460052,0.7454020567907362,0.7776540786149438,0.012781442721670635,0.014402817748089243,0.013411712811100499,0.015764948880888786,0.014631942802440371,0.8107506607373187,0.9135974913023157,0.9166050600514678,False,1e-24,False
UniGCN,random,6,175,base,0.0024931201573207334,3.749768052733123e-07,1.2314466606178173e-33,0.0030186082240338213,0.0037604883098747,0.8259171022826975,0.00012422175302107406,3.2746988134071596e-31,3.380024551357005e-09,5.566715573180829e-12,1.7558917905067796e-38,3.6562599612812756e-08,4.549153482530086e-08,0.09244486407286344,0.00015225163506235115,3.859820947457266e-31,False,1e-24,True
UniGCN,random,6,175,restart,9427.645274423654,970.1811625030242,940.593779393898,1301.5541796059936,1209.527224584199,7.243375206460934,0.7454020567908417,0.7776540786150946,0.012781442721670378,0.01440281774808924,0.013411712811100495,0.01576494888088655,0.01463194280243753,0.8107506607374174,0.913597491302445,0.9166050600516454,False,1e-24,False
UniGCN,random,6,176,base,0.002356453847365364,3.544215600136417e-07,1.1617800476386723e-33,0.0028531360361136937,0.0035543482008904685,0.8259171022826977,0.00012422175302107414,3.268616303117439e-31,3.194740468022273e-09,5.261562821628215e-12,1.6565557512656466e-38,3.455833377075695e-08,4.299780816695102e-08,0.09244486407286345,0.00015225163506235126,3.8526516161791444e-31,False,1e-24,True
UniGCN,random,6,176,restart,9427.645274423488,970.1811625030244,940.5937793938983,1301.5541796058321,1209.527224583994,7.243375206461704,0.7454020567909344,0.7776540786152268,0.012781442721670155,0.014402817748089243,0.0134117128111005,0.015764948880884595,0.01463194280243505,0.8107506607375036,0.9135974913025586,0.9166050600518013,False,1e-24,False
UniGCN,random,6,177,base,0.0022272792261767683,3.3499309940236344e-07,1.0948363223768784e-33,0.0026967345996601094,0.003359508152172466,0.8259171022826975,0.00012422175302107417,3.258918486829357e-31,3.0196131723130653e-09,4.973137743791994e-12,1.5611022157027238e-38,3.266393652689086e-08,4.06407810653527e-08,0.09244486407286344,0.0001522516350623513,3.841220997186009e-31,False,1e-24,True
UniGCN,random,6,177,restart,9427.645274423343,970.1811625030241,940.5937793938983,1301.5541796056907,1209.5272245838144,7.24337520646238,0.7454020567910151,0.7776540786153422,0.012781442721669957,0.014402817748089238,0.0134117128111005,0.01576494888088288,0.014631942802432876,0.8107506607375793,0.9135974913026575,0.9166050600519373,False,1e-24,False
UniGCN,random,6,178,base,0.0021051856190202837,3.1662965605953077e-07,1.0432077495408267e-33,0.002548906679861575,0.003175348724046143,0.8259171022826975,0.00012422175302107417,3.285332856957941e-31,2.854085895763287e-09,4.700523372459714e-12,1.4874862077199475e-38,3.087338517274195e-08,3.8412960009236916e-08,0.09244486407286344,0.0001522516350623513,3.8723550785002287e-31,False,1e-24,True
UniGCN,random,6,178,restart,9427.645274423216,970.1811625030242,940.5937793938982,1301.5541796055672,1209.527224583657,7.243375206462969,0.7454020567910858,0.7776540786154433,0.012781442721669783,0.01440281774808924,0.013411712811100499,0.015764948880881386,0.014631942802430973,0.8107506607376451,0.9135974913027443,0.9166050600520566,False,1e-24,False
UniGCN,random,6,179,base,0.0019897848632733956,2.9927284853100883e-07,9.834428841226648e-34,0.002409182299015193,0.0030012844328957144,0.8259171022826977,0.00012422175302107411,3.276740029514012e-31,2.697632390494285e-09,4.442853006157189e-12,1.4022688451621213e-38,2.9180987148924334e-08,3.6307262261974174e-08,0.09244486407286345,0.0001522516350623512,3.862226887403639e-31,False,1e-24,True
UniGCN,random,6,179,restart,9427.645274423105,970.1811625030241,940.5937793938981,1301.5541796054592,1209.5272245835197,7.243375206463485,0.7454020567911476,0.7776540786155316,0.012781442721669634,0.014402817748089238,0.013411712811100497,0.015764948880880078,0.01463194280242931,0.810750660737703,0.9135974913028199,0.9166050600521606,False,1e-24,False
UniGCN,random,6,180,base,0.001880710074370776,2.8286749568089983e-07,9.168342184207007e-34,0.0022771172423634357,0.0028367618897820477,0.8259171022826975,0.000124221753021074,3.2319745330868864e-31,2.549755256156268e-09,4.199307453712513e-12,1.3072930634063678e-38,2.7581361947231538e-08,3.4316993343985754e-08,0.09244486407286344,0.0001522516350623511,3.8094627064275673e-31,False,1e-24,True
UniGCN,random,6,180,restart,9427.645274423006,970.181162503024,940.5937793938981,1301.5541796053644,1209.5272245833994,7.243375206463937,0.7454020567912019,0.777654078615609,0.0127814427216695,0.014402817748089236,0.013411712811100497,0.01576494888087893,0.014631942802427857,0.8107506607377536,0.9135974913028865,0.9166050600522517,False,1e-24,False
UniGCN,random,6,181,base,0.0017776144793969805,2.673614412584888e-07,8.750544573757004e-34,0.0021522916458370333,0.002681258041096644,0.8259171022826975,0.00012422175302107398,3.2635965802746836e-31,2.409984358582414e-09,3.969112429865879e-12,1.247720252196302e-38,2.606942400480903e-08,3.243582574951022e-08,0.09244486407286344,0.00015225163506235104,3.846734970868262e-31,False,1e-24,True
UniGCN,random,6,181,restart,9427.645274422921,970.181162503024,940.5937793938982,1301.554179605282,1209.5272245832941,7.2433752064643295,0.745402056791249,0.7776540786156767,0.012781442721669384,0.014402817748089236,0.013411712811100499,0.01576494888087793,0.014631942802426582,0.8107506607377974,0.9135974913029443,0.9166050600523316,False,1e-24,False
UniGCN,random,6,182,base,0.0016801703146185369,2.527053880819685e-07,8.281067932736567e-34,0.002034308661214092,0.002534278505658352,0.8259171022826975,0.00012422175302107392,3.267623473208332e-31,2.2778753351282167e-09,3.7515360936452e-12,1.1807786455343533e-38,2.4640366536023402e-08,3.065777883006097e-08,0.09244486407286344,0.000152251635062351,3.851481387740198e-31,False,1e-24,True
UniGCN,random,6,182,restart,9427.645274422848,970.1811625030241,940.5937793938982,1301.5541796052094,1209.527224583202,7.243375206464679,0.7454020567912908,0.777654078615736,0.012781442721669286,0.014402817748089238,0.013411712811100499,0.015764948880877053,0.014631942802425468,0.8107506607378365,0.9135974913029954,0.9166050600524015,False,1e-24,False
UniGCN,random,6,183,base,0.0015880677834504303,2.3885274131177937e-07,7.812384472577571e-34,0.0019227931944516886,0.002395356002966085,0.8259171022826977,0.0001242217530210739,3.2614711395315645e-31,2.1530081819442015e-09,3.5458867216815708e-12,1.1139501367277587e-38,2.3289646250626072e-08,2.8977199780619972e-08,0.09244486407286345,0.00015225163506235096,3.8442297570546184e-31,False,1e-24,True
UniGCN,random,6,183,restart,9427.645274422783,970.181162503024,940.5937793938983,1301.554179605146,1209.5272245831216,7.2433752064649815,0.745402056791327,0.7776540786157876,0.012781442721669197,0.014402817748089236,0.0134117128111005,0.015764948880876282,0.014631942802424495,0.8107506607378705,0.9135974913030398,0.9166050600524623,False,1e-24,False
UniGCN,random,6,184,base,0.0015010140715441365,2.2575946031529293e-07,7.388790459499556e-34,0.00181739071317882,0.002264048867610593,0.8259171022826977,0.000124221753021074,3.263529584190228e-31,2.034985918690654e-09,3.351510509067438e-12,1.0535508296478766e-38,2.201296890962718e-08,2.738874566811832e-08,0.09244486407286345,0.0001522516350623511,3.846656003944916e-31,False,1e-24,True
UniGCN,random,6,184,restart,9427.645274422724,970.1811625030242,940.5937793938983,1301.5541796050904,1209.527224583051,7.243375206465245,0.745402056791359,0.777654078615833,0.012781442721669119,0.01440281774808924,0.0134117128111005,0.01576494888087561,0.014631942802423642,0.8107506607378999,0.913597491303079,0.9166050600525159,False,1e-24,False
UniGCN,random,6,185,base,0.001418732415865945,2.133839186518842e-07,6.940925388023224e-34,0.0017177661195594625,0.0021399396451222976,0.8259171022826975,0.00012422175302107398,3.243514556050272e-31,1.9234333264491837e-09,3.1677894907659662e-12,9.896907675429143e-39,2.0806275672958607e-08,2.588736644506858e-08,0.09244486407286344,0.00015225163506235104,3.823064696994104e-31,False,1e-24,True
UniGCN,random,6,185,restart,9427.645274422677,970.1811625030239,940.5937793938982,1301.5541796050418,1209.527224582989,7.24337520646548,0.7454020567913865,0.7776540786158729,0.012781442721669055,0.014402817748089235,0.013411712811100499,0.015764948880875023,0.014631942802422892,0.8107506607379262,0.9135974913031127,0.9166050600525628,False,1e-24,False
UniGCN,random,6,186,base,0.0013409612248059697,2.016867717332577e-07,6.614772449283029e-34,0.0016236026849423216,0.0020226337647910575,0.8259171022826975,0.000124221753021074,3.2703757667005766e-31,1.8179957548186658e-09,2.9941395769633202e-12,9.431853616736702e-39,1.9665730195522308e-08,2.4468288894345124e-08,0.09244486407286344,0.0001522516350623511,3.8547254601512e-31,False,1e-24,True
UniGCN,random,6,186,restart,9427.645274422632,970.1811625030238,940.5937793938982,1301.5541796049995,1209.527224582935,7.2433752064656804,0.7454020567914108,0.7776540786159075,0.012781442721668992,0.014402817748089233,0.013411712811100499,0.01576494888087451,0.01463194280242224,0.8107506607379487,0.9135974913031425,0.9166050600526037,False,1e-24,False
UniGCN,random,6,187,base,0.001267453246520474,1.9063083173828477e-07,6.222316876929421e-34,0.0015346010429102917,0.0019117582852384812,0.8259171022826977,0.00012422175302107395,3.2547612974792056e-31,1.7183379944030574e-09,2.830008696117745e-12,8.872260140484459e-39,1.8587706430599462e-08,2.3127001454069577e-08,0.09244486407286345,0.00015225163506235102,3.8363210025756443e-31,False,1e-24,True
UniGCN,random,6,187,restart,9427.645274422594,970.1811625030239,940.5937793938982,1301.5541796049622,1209.527224582888,7.243375206465857,0.745402056791432,0.7776540786159378,0.01278144272166894,0.014402817748089235,0.013411712811100499,0.01576494888087406,0.014631942802421671,0.8107506607379684,0.9135974913031685,0.9166050600526393,False,1e-24,False
UniGCN,random,6,188,base,0.0011979747828634883,1.8018094938468318e-07,5.858604902451654e-34,0.0014504782375283007,0.001806960708754671,0.8259171022826975,0.00012422175302107395,3.2422425535136913e-31,1.6241432111064715e-09,2.674875039801852e-12,8.353651506819306e-39,1.756877710184473e-08,2.1859239874356213e-08,0.09244486407286344,0.00015225163506235102,3.821565413452115e-31,False,1e-24,True
UniGCN,random,6,188,restart,9427.645274422563,970.1811625030239,940.593779393898,1301.5541796049297,1209.5272245828467,7.243375206466015,0.7454020567914508,0.7776540786159641,0.012781442721668899,0.014402817748089235,0.013411712811100495,0.015764948880873663,0.01463194280242117,0.8107506607379862,0.9135974913031916,0.9166050600526704,False,1e-24,False
UniGCN,random,6,189,base,0.0011323049464086398,1.7030390218166229e-07,5.54676754916049e-34,0.0013709668237637134,0.001707907860629922,0.8259171022826974,0.000124221753021074,3.2476971838016452e-31,1.5351119388474058e-09,2.5282454037580362e-12,7.909009715884886e-39,1.660570280721552e-08,2.0660973660317005e-08,0.09244486407286343,0.0001522516350623511,3.827994675331064e-31,False,1e-24,True
UniGCN,random,6,189,restart,9427.64527442253,970.1811625030239,940.5937793938981,1301.5541796049015,1209.5272245828103,7.243375206466148,0.7454020567914669,0.7776540786159876,0.012781442721668855,0.014402817748089235,0.013411712811100497,0.015764948880873323,0.014631942802420729,0.810750660738001,0.9135974913032112,0.916605060052698,False,1e-24,False
UniGCN,random,6,190,base,0.001070234958199093,1.6096828880826576e-07,5.2197615517245445e-34,0.001295814017219333,0.0016142848299185173,0.8259171022826975,0.00012422175302107406,3.2334823786877916e-31,1.450961127489733e-09,2.389653619892891e-12,7.44273930019657e-39,1.569542172019541e-08,1.9528393258225555e-08,0.09244486407286344,0.00015225163506235115,3.8112399733969985e-31,False,1e-24,True
UniGCN,random,6,190,restart,9427.645274422506,970.181162503024,940.5937793938983,1301.5541796048765,1209.5272245827787,7.243375206466268,0.7454020567914813,0.7776540786160082,0.012781442721668822,0.014402817748089236,0.0134117128111005,0.015764948880873018,0.014631942802420347,0.8107506607380145,0.913597491303229,0.9166050600527224,False,1e-24,False
UniGCN,random,6,191,base,0.0010115674839929981,1.5214442928161644e-07,4.9321397631219275e-34,0.0012247808904758042,0.0015257939682670732,0.8259171022826975,0.000124221753021074,3.2325070525240218e-31,1.3714232429636187e-09,2.258659074225576e-12,7.03262593229411e-39,1.4835039855569333e-08,1.8457897944101926e-08,0.09244486407286344,0.0001522516350623511,3.810090376266994e-31,False,1e-24,True
UniGCN,random,6,191,restart,9427.645274422483,970.181162503024,940.5937793938983,1301.5541796048549,1209.5272245827512,7.2433752064663715,0.7454020567914937,0.777654078616026,0.012781442721668791,0.014402817748089236,0.0134117128111005,0.015764948880872758,0.014631942802420014,0.810750660738026,0.9135974913032442,0.9166050600527432,False,1e-24,False
UniGCN,random,6,192,base,0.0009561160068942248,1.4380427059767651e-07,4.647480785082598e-34,0.0011576416134884229,0.0014421539436244922,0.8259171022826975,0.00012422175302107403,3.2225968702081283e-31,1.2962454167154503e-09,2.1348453060783756e-12,6.62673716860008e-39,1.4021821868803572e-08,1.744608437621351e-08,0.09244486407286344,0.00015225163506235113,3.798409445752286e-31,False,1e-24,True
UniGCN,random,6,192,restart,9427.645274422463,970.1811625030238,940.5937793938983,1301.5541796048356,1209.5272245827268,7.243375206466463,0.7454020567915046,0.7776540786160415,0.012781442721668763,0.014402817748089233,0.0134117128111005,0.015764948880872525,0.01463194280241972,0.8107506607380363,0.9135974913032575,0.9166050600527615,False,1e-24,False
UniGCN,random,6,193,base,0.0009037042343738335,1.3592129754453316e-07,4.38288115883324e-34,0.0010941827356234,0.0013630988458250529,0.8259171022826975,0.00012422175302107406,3.215380287539148e-31,1.2251886417826924e-09,2.0178186840559463e-12,6.249450578477437e-39,1.3253182359779555e-08,1.6489735775097773e-08,0.09244486407286344,0.00015225163506235115,3.7899034064057837e-31,False,1e-24,True
UniGCN,random,6,193,restart,9427.645274422444,970.1811625030239,940.5937793938982,1301.554179604819,1209.5272245827055,7.243375206466542,0.7454020567915142,0.7776540786160552,0.01278144272166874,0.014402817748089235,0.013411712811100499,0.015764948880872324,0.014631942802419461,0.8107506607380451,0.9135974913032692,0.9166050600527776,False,1e-24,False
UniGCN,random,6,194,base,0.000854165537797074,1.284704484046666e-07,4.16900775891305e-34,0.0010342025070510133,0.0012883773412010913,0.8259171022826975,0.0001242217530210741,3.235859266995869e-31,1.1580270129378092e-09,1.9072071546039187e-12,5.944493360972599e-39,1.2526677653234173e-08,1.558581169670778e-08,0.09244486407286344,0.00015225163506235118,3.8140415633458883e-31,False,1e-24,True
UniGCN,random,6,194,restart,9427.645274422433,970.1811625030238,940.5937793938982,1301.5541796048044,1209.527224582687,7.243375206466613,0.7454020567915225,0.7776540786160671,0.012781442721668724,0.014402817748089233,0.013411712811100499,0.015764948880872147,0.014631942802419239,0.810750660738053,0.9135974913032794,0.9166050600527916,False,1e-24,False
UniGCN,random,6,195,base,0.0008073424226740463,1.2142803527819843e-07,4.001670245447844e-34,0.0009775102373382099,0.0012177518735375962,0.8259171022826975,0.00012422175302107387,3.2861129860740045e-31,1.0945470084855051e-09,1.8026590591682314e-12,5.705890605746513e-39,1.183999802977483e-08,1.4731438366167073e-08,0.09244486407286344,0.0001522516350623509,3.873274600836626e-31,False,1e-24,True
UniGCN,random,6,195,restart,9427.645274422419,970.1811625030238,940.5937793938984,1301.5541796047917,1209.527224582671,7.243375206466673,0.7454020567915297,0.7776540786160776,0.012781442721668704,0.014402817748089233,0.013411712811100502,0.01576494888087199,0.014631942802419043,0.8107506607380598,0.9135974913032883,0.9166050600528041,False,1e-24,False
UniGCN,random,6,196,base,0.0007630860279498284,1.1477166877381153e-07,3.7686541331334176e-34,0.0009239256892014773,0.0011509979088283808,0.8259171022826977,0.00012422175302107406,3.2742493311474313e-31,1.034546811429957e-09,1.7038420161947019e-12,5.373638229940455e-39,1.1190960382769831e-08,1.3923899541402753e-08,0.09244486407286345,0.00015225163506235115,3.859291151851482e-31,False,1e-24,True
UniGCN,random,6,196,restart,9427.645274422408,970.1811625030238,940.5937793938979,1301.5541796047803,1209.5272245826566,7.243375206466728,0.7454020567915361,0.7776540786160864,0.012781442721668689,0.014402817748089233,0.013411712811100493,0.015764948880871855,0.01463194280241887,0.8107506607380659,0.9135974913032961,0.9166050600528145,False,1e-24,False
UniGCN,random,6,197,base,0.0007212556527422099,1.0848018682791395e-07,3.5431725186365397e-34,0.0008732785054925963,0.0010879032214327405,0.8259171022826975,0.00012422175302107406,3.256882091010148e-31,9.778356678538807e-10,1.6104418644144158e-12,5.052129123239359e-39,1.057750127776885e-08,1.316062787761027e-08,0.09244486407286344,0.00015225163506235115,3.8388207388147297e-31,False,1e-24,True
UniGCN,random,6,197,restart,9427.645274422397,970.1811625030239,940.5937793938982,1301.5541796047708,1209.527224582644,7.243375206466773,0.7454020567915418,0.7776540786160946,0.012781442721668675,0.014402817748089235,0.013411712811100499,0.015764948880871738,0.014631942802418718,0.810750660738071,0.9135974913033031,0.9166050600528242,False,1e-24,False
UniGCN,random,6,198,base,0.000681718309022419,1.0253358742575252e-07,3.3560863341648198e-34,0.0008254076675955283,0.0010282672193631277,0.8259171022826977,0.00012422175302107406,3.263827019831928e-31,9.242332804695723e-10,1.5221616640554849e-12,4.7853671871061934e-39,9.997670392387699e-09,1.2439196765095552e-08,0.09244486407286345,0.00015225163506235115,3.8470065852917115e-31,False,1e-24,True
UniGCN,random,6,198,restart,9427.64527442239,970.1811625030238,940.5937793938982,1301.554179604762,1209.5272245826334,7.2433752064668155,0.7454020567915466,0.7776540786161016,0.012781442721668665,0.014402817748089233,0.013411712811100499,0.015764948880871633,0.01463194280241859,0.8107506607380758,0.9135974913033089,0.9166050600528324,False,1e-24,False
UniGCN,random,6,199,base,0.0006443482988167205,9.691296501057652e-08,3.202509136394498e-34,0.000780160983512569,0.0009719003065587929,0.8259171022826977,0.00012422175302107398,3.2951004488656055e-31,8.735692354138919e-10,1.4387207528057237e-12,4.566384953122423e-39,9.449624315801465e-09,1.175731261454529e-08,0.09244486407286345,0.00015225163506235104,3.883867940598282e-31,False,1e-24,True
UniGCN,random,6,199,restart,9427.64527442238,970.1811625030239,940.5937793938981,1301.5541796047546,1209.5272245826238,7.243375206466849,0.7454020567915509,0.7776540786161076,0.012781442721668652,0.014402817748089235,0.013411712811100497,0.015764948880871543,0.014631942802418474,0.8107506607380796,0.9135974913033142,0.9166050600528395,False,1e-24,False
UniGCN,random,6,200,base,0.0006090268145847143,9.160045037868527e-08,3.021990766207979e-34,0.0007373946040122735,0.0009186232801179069,0.8259171022826978,0.00012422175302107395,3.289695386143601e-31,8.25682460464845e-10,1.3598538535249941e-12,4.3089879140276496e-39,8.931620688133158e-09,1.1112807565198442e-08,0.09244486407286347,0.00015225163506235102,3.877497103002074e-31,False,1e-24,True
UniGCN,random,6,200,restart,9427.645274422373,970.1811625030239,940.5937793938981,1301.554179604748,1209.5272245826154,7.24337520646688,0.7454020567915547,0.7776540786161129,0.012781442721668642,0.014402817748089235,0.013411712811100497,0.015764948880871463,0.014631942802418372,0.810750660738083,0.9135974913033189,0.9166050600528457,False,1e-24,False
UniGCN,random,6,201,base,0.0005756415615038461,8.657915386927109e-08,2.8782196791552033e-34,0.0006969725653008862,0.0008682667605718408,0.8259171022826975,0.00012422175302107406,3.314902527490062e-31,7.804207129573082e-10,1.2853102308704122e-12,4.103987990326892e-39,8.442012661105696e-09,1.050363259273665e-08,0.09244486407286344,0.00015225163506235115,3.907208248282441e-31,False,1e-24,True
UniGCN,random,6,201,restart,9427.645274422366,970.1811625030239,940.5937793938981,1301.5541796047423,1209.5272245826081,7.243375206466908,0.745402056791558,0.7776540786161177,0.012781442721668633,0.014402817748089235,0.013411712811100497,0.015764948880871394,0.014631942802418285,0.8107506607380861,0.9135974913033229,0.9166050600528514,False,1e-24,False
UniGCN,random,6,202,base,0.0005440864004592929,8.183311166844616e-08,2.6760907525223636e-34,0.0006587663567633223,0.0008206706533903167,0.8259171022826975,0.000124221753021074,3.26085834977408e-31,7.37640095769874e-10,1.2148528941531484e-12,3.815776950215347e-39,7.979243662346442e-09,9.927850994982076e-09,0.09244486407286344,0.0001522516350623511,3.8435074742197383e-31,False,1e-24,True
UniGCN,random,6,202,restart,9427.645274422364,970.1811625030238,940.5937793938982,1301.5541796047373,1209.527224582602,7.243375206466934,0.7454020567915609,0.7776540786161217,0.01278144272166863,0.014402817748089233,0.013411712811100499,0.015764948880871335,0.01463194280241821,0.810750660738089,0.9135974913033265,0.916605060052856,False,1e-24,False
UniGCN,random,6,203,base,0.0005142610106042042,7.734723505674245e-08,2.5077286452378634e-34,0.0006226545123994553,0.0007756836400054308,0.8259171022826977,0.0001242217530210741,3.2329270799372617e-31,6.972045998440252e-10,1.1482578438925398e-12,3.575713249961403e-39,7.541842446698829e-09,9.383632234692139e-09,0.09244486407286345,0.00015225163506235118,3.8105854540437633e-31,False,1e-24,True
UniGCN,random,6,203,restart,9427.645274422359,970.1811625030236,940.5937793938982,1301.5541796047328,1209.527224582596,7.243375206466954,0.7454020567915632,0.7776540786161255,0.012781442721668623,0.014402817748089231,0.013411712811100499,0.01576494888087128,0.014631942802418139,0.8107506607380912,0.9135974913033293,0.9166050600528605,False,1e-24,False
UniGCN,random,6,204,base,0.00048607057041750827,7.310726243872963e-08,2.3944988811857906e-34,0.0005885222246567967,0.0007331626967364081,0.8259171022826975,0.000124221753021074,3.2659856970964764e-31,6.58985671781211e-10,1.0853133596721125e-12,3.41426150422334e-39,7.1284184188081e-09,8.86924611987615e-09,0.09244486407286344,0.0001522516350623511,3.8495509743177773e-31,False,1e-24,True
UniGCN,random,6,204,restart,9427.645274422355,970.1811625030238,940.5937793938983,1301.5541796047294,1209.5272245825913,7.24337520646697,0.7454020567915655,0.7776540786161287,0.012781442721668618,0.014402817748089233,0.0134117128111005,0.015764948880871238,0.01463194280241808,0.810750660738093,0.9135974913033321,0.9166050600528644,False,1e-24,False
UniGCN,random,6,205,base,0.0004594254562452929,6.90997140022446e-08,2.257767054136999e-34,0.000556260979431855,0.0006929726400856398,0.8259171022826977,0.00012422175302107398,3.2580897477539326e-31,6.228618051431169e-10,1.0258193270334876e-12,3.2192987012908006e-39,6.737657212110647e-09,8.38305730313172e-09,0.09244486407286345,0.00015225163506235104,3.8402441792782965e-31,False,1e-24,True
UniGCN,random,6,205,restart,9427.645274422352,970.1811625030239,940.5937793938982,1301.5541796047257,1209.5272245825872,7.243375206466989,0.7454020567915676,0.7776540786161311,0.012781442721668613,0.014402817748089235,0.013411712811100499,0.015764948880871193,0.014631942802418032,0.8107506607380951,0.9135974913033347,0.9166050600528672,False,1e-24,False
UniGCN,random,6,206,base,0.00043424095736735576,6.531184886308228e-08,2.155890155325396e-34,0.0005257682110797633,0.0006549856969603986,0.8259171022826975,0.00012422175302107406,3.2915072273032307e-31,5.887181541557812e-10,9.695866012681846e-13,3.074034747937078e-39,6.368316510171552e-09,7.9235200825131e-09,0.09244486407286344,0.00015225163506235115,3.8796326833591965e-31,False,1e-24,True
UniGCN,random,6,206,restart,9427.645274422348,970.181162503024,940.5937793938983,1301.554179604723,1209.5272245825834,7.243375206467,0.7454020567915692,0.7776540786161337,0.012781442721668607,0.014402817748089236,0.0134117128111005,0.01576494888087116,0.014631942802417985,0.8107506607380964,0.9135974913033367,0.9166050600528702,False,1e-24,False
UniGCN,random,6,207,base,0.0004104370066830612,6.173162455890243e-08,2.014432029328276e-34,0.0004969469763353749,0.0006190810984538743,0.8259171022826977,0.00012422175302107395,3.25390653075861e-31,5.564461685894408e-10,9.164364060846936e-13,2.8723328228092762e-39,6.019222097085452e-09,7.489173487402313e-09,0.09244486407286345,0.00015225163506235102,3.835313506411467e-31,False,1e-24,True
UniGCN,random,6,207,restart,9427.645274422344,970.1811625030238,940.5937793938981,1301.5541796047203,1209.5272245825802,7.243375206467014,0.7454020567915706,0.7776540786161357,0.012781442721668604,0.014402817748089233,0.013411712811100497,0.015764948880871127,0.014631942802417947,0.8107506607380979,0.9135974913033383,0.9166050600528726,False,1e-24,False
UniGCN,random,6,208,base,0.0003879379261602907,5.8347658763574736e-08,1.8857928597045886e-34,0.0004697056461091491,0.0005851446958940663,0.8259171022826978,0.00012422175302107406,3.222780404465957e-31,5.259432486533042e-10,8.661997652390507e-13,2.6889091560736666e-39,5.689264124384073e-09,7.078636633759927e-09,0.09244486407286347,0.00015225163506235115,3.798625773852459e-31,False,1e-24,True
UniGCN,random,6,208,restart,9427.645274422344,970.1811625030238,940.5937793938981,1301.5541796047182,1209.5272245825772,7.243375206467024,0.7454020567915718,0.7776540786161376,0.012781442721668604,0.014402817748089233,0.013411712811100497,0.015764948880871103,0.01463194280241791,0.8107506607380991,0.9135974913033398,0.9166050600528748,False,1e-24,False
UniGCN,random,6,209,base,0.0003666721862382156,5.514919310024208e-08,1.8106356681453665e-34,0.0004439576141779782,0.000553068597939871,0.8259171022826975,0.00012422175302107403,3.2737994434864246e-31,4.971124188080905e-10,8.187169653219187e-13,2.5817442256899383e-39,5.3773935825821005e-09,6.6906043339888205e-09,0.09244486407286344,0.00015225163506235113,3.858760878407449e-31,False,1e-24,True
UniGCN,random,6,209,restart,9427.64527442234,970.1811625030238,940.5937793938983,1301.554179604716,1209.527224582575,7.243375206467034,0.745402056791573,0.7776540786161392,0.012781442721668599,0.014402817748089233,0.0134117128111005,0.015764948880871075,0.014631942802417882,0.8107506607381002,0.9135974913033413,0.9166050600528768,False,1e-24,False
UniGCN,random,6,210,base,0.00034657217841897823,5.212605893805794e-08,1.7181576169239712e-34,0.00041962102184481997,0.0005227508275706074,0.8259171022826975,0.00012422175302107403,3.286762117448588e-31,4.698620194593077e-10,7.738370479942877e-13,2.449881875387046e-39,5.082618966143652e-09,6.3238429474536805e-09,0.09244486407286344,0.00015225163506235113,3.8740397187970967e-31,False,1e-24,True
UniGCN,random,6,210,restart,9427.645274422339,970.1811625030238,940.5937793938983,1301.5541796047141,1209.5272245825727,7.243375206467043,0.745402056791574,0.7776540786161406,0.012781442721668595,0.014402817748089233,0.0134117128111005,0.015764948880871054,0.014631942802417855,0.8107506607381012,0.9135974913033426,0.9166050600528783,False,1e-24,False
UniGCN,random,6,211,base,0.00032757400032530106,4.9268645063856125e-08,1.6108025448215751e-34,0.00039661849769176703,0.0004940949978784808,0.8259171022826977,0.00012422175302107406,3.260106966753265e-31,4.4410541555109877e-10,7.31417330057472e-13,2.2968067193106243e-39,4.804003121266558e-09,5.977186458464169e-09,0.09244486407286345,0.00015225163506235115,3.842621834321672e-31,False,1e-24,True
UniGCN,random,6,211,restart,9427.645274422337,970.1811625030238,940.5937793938983,1301.5541796047128,1209.5272245825706,7.243375206467049,0.7454020567915749,0.7776540786161419,0.012781442721668593,0.014402817748089233,0.0134117128111005,0.015764948880871037,0.01463194280241783,0.8107506607381019,0.9135974913033437,0.9166050600528799,False,1e-24,False
UniGCN,random,6,212,base,0.000309617252540674,4.6567867125975204e-08,1.515526993306624e-34,0.00037487691159917067,0.00046701000563325104,0.8259171022826974,0.0001242217530210741,3.2451702854880304e-31,4.197607211342076e-10,6.91322949831616e-13,2.1609554769537872e-39,4.540660266462823e-09,5.6495327692527455e-09,0.09244486407286343,0.00015225163506235118,3.8250162716369434e-31,False,1e-24,True
UniGCN,random,6,212,restart,9427.645274422335,970.1811625030238,940.5937793938983,1301.5541796047114,1209.527224582569,7.243375206467056,0.7454020567915757,0.7776540786161429,0.01278144272166859,0.014402817748089233,0.0134117128111005,0.01576494888087102,0.014631942802417811,0.8107506607381026,0.9135974913033446,0.9166050600528811,False,1e-24,False
UniGCN,random,6,213,base,0.0002926448465862304,4.4015138753092234e-08,1.4493717227103429e-34,0.00035432714224879075,0.0004414097416448828,0.8259171022826974,0.00012422175302107398,3.283506424913414e-31,3.967505390324081e-10,6.534264384005407e-13,2.0666261809691067e-39,4.2917531764630666e-09,5.3398401961617385e-09,0.09244486407286343,0.00015225163506235104,3.8702023001635733e-31,False,1e-24,True
UniGCN,random,6,213,restart,9427.645274422337,970.181162503024,940.5937793938982,1301.5541796047103,1209.5272245825674,7.2433752064670625,0.7454020567915765,0.7776540786161439,0.012781442721668593,0.014402817748089236,0.013411712811100499,0.015764948880871005,0.014631942802417792,0.8107506607381034,0.9135974913033456,0.9166050600528822,False,1e-24,False
UniGCN,random,6,214,base,0.0002766028234238265,4.1602344256246486e-08,1.3635225699669098e-34,0.000334903857371814,0.0004172128170033568,0.8259171022826975,0.00012422175302107403,3.2681703782746906e-31,3.750017147797359e-10,6.176073143598246e-13,1.9442158262660217e-39,4.056490520491933e-09,5.047124157900251e-09,0.09244486407286344,0.00015225163506235113,3.8521260136284655e-31,False,1e-24,True
UniGCN,random,6,214,restart,9427.645274422333,970.1811625030238,940.5937793938981,1301.5541796047091,1209.5272245825663,7.243375206467067,0.7454020567915769,0.7776540786161446,0.012781442721668588,0.014402817748089233,0.013411712811100497,0.01576494888087099,0.014631942802417778,0.8107506607381039,0.9135974913033461,0.916605060052883,False,1e-24,False
UniGCN,random,6,215,base,0.0002614401819083065,3.932181282726621e-08,1.2813545447556006e-34,0.0003165453060430995,0.00039434230432529554,0.8259171022826978,0.00012422175302107406,3.249345887319771e-31,3.5444510404623673e-10,5.837517007797268e-13,1.8270543076028362e-39,3.834124346452271e-09,4.770454045342136e-09,0.09244486407286347,0.00015225163506235115,3.8299379686652035e-31,False,1e-24,True
UniGCN,random,6,215,restart,9427.645274422332,970.1811625030238,940.5937793938981,1301.5541796047082,1209.5272245825647,7.2433752064670704,0.7454020567915774,0.7776540786161454,0.012781442721668586,0.014402817748089233,0.013411712811100497,0.01576494888087098,0.01463194280241776,0.8107506607381043,0.9135974913033468,0.9166050600528841,False,1e-24,False
UniGCN,random,6,216,base,0.000247108716643565,3.716629415157051e-08,1.2182419648850808e-34,0.00029919312236130913,0.0003727254931847717,0.8259171022826977,0.00012422175302107398,3.268469657054448e-31,3.3501535281282495e-10,5.517519631652057e-13,1.737063515133797e-39,3.6239477030197326e-09,4.508950262913449e-09,0.09244486407286345,0.00015225163506235104,3.8524787674446355e-31,False,1e-24,True
UniGCN,random,6,216,restart,9427.645274422332,970.1811625030238,940.5937793938981,1301.5541796047073,1209.527224582564,7.243375206467075,0.745402056791578,0.777654078616146,0.012781442721668586,0.014402817748089233,0.013411712811100497,0.01576494888087097,0.01463194280241775,0.8107506607381048,0.9135974913033474,0.9166050600528848,False,1e-24,False
UniGCN,random,6,217,base,0.00023356286472691451,3.512893535781322e-08,1.142142479614787e-34,0.00028279213989077786,0.00035229365895075686,0.8259171022826977,0.00012422175302107403,3.242018272529947e-31,3.166506895963802e-10,5.215063672620161e-13,1.6285549895750355e-39,3.42529239208791e-09,4.2617814321632664e-09,0.09244486407286345,0.00015225163506235113,3.821301058014104e-31,False,1e-24,True
UniGCN,random,6,217,restart,9427.645274422332,970.1811625030238,940.5937793938981,1301.5541796047069,1209.5272245825631,7.243375206467078,0.7454020567915783,0.7776540786161465,0.012781442721668586,0.014402817748089233,0.013411712811100497,0.015764948880870964,0.01463194280241774,0.8107506607381052,0.9135974913033479,0.9166050600528853,False,1e-24,False
UniGCN,random,6,218,base,0.0002207595608945248,3.320325923108679e-08,1.081518430130257e-34,0.0002672902162751953,0.00033298184429629714,0.8259171022826975,0.00012422175302107411,3.2479801786667078e-31,2.9929272906451913e-10,4.929187556209782e-13,1.5421125359946607e-39,3.2375268444185474e-09,4.028161748627438e-09,0.09244486407286344,0.0001522516350623512,3.8283282356278826e-31,False,1e-24,True
UniGCN,random,6,218,restart,9427.645274422332,970.1811625030238,940.5937793938981,1301.5541796047062,1209.5272245825624,7.243375206467081,0.7454020567915787,0.777654078616147,0.012781442721668586,0.014402817748089233,0.013411712811100497,0.015764948880870957,0.014631942802417731,0.8107506607381054,0.9135974913033482,0.9166050600528859,False,1e-24,False
UniGCN,random,6,219,base,0.00020865810060740993,3.138314362042132e-08,1.0196958841531988e-34,0.00025263806746550423,0.0003147286526847811,0.8259171022826975,0.0001242217530210741,3.2399207236288175e-31,2.8288628641569096e-10,4.658982418921464e-13,1.4539611735191776e-39,3.060054111743026e-09,3.807348483582123e-09,0.09244486407286344,0.00015225163506235118,3.818828719747834e-31,False,1e-24,True
UniGCN,random,6,219,restart,9427.645274422332,970.1811625030235,940.5937793938982,1301.554179604706,1209.5272245825618,7.243375206467083,0.7454020567915787,0.7776540786161474,0.012781442721668586,0.01440281774808923,0.013411712811100499,0.015764948880870953,0.014631942802417723,0.8107506607381056,0.9135974913033482,0.9166050600528864,False,1e-24,False
UniGCN,random,6,220,base,0.00019722001064268203,2.966280197511063e-08,9.68144933625441e-35,0.00023878911103499215,0.00029747605317675,0.8259171022826975,0.00012422175302107406,3.2545306530949666e-31,2.6737920193446884e-10,4.4035892187697287e-13,1.3804558454206806e-39,2.8923099689315908e-09,3.598639622744654e-09,0.09244486407286344,0.00015225163506235115,3.8360491467267784e-31,False,1e-24,True
UniGCN,random,6,220,restart,9427.645274422328,970.1811625030239,940.5937793938982,1301.5541796047055,1209.5272245825613,7.243375206467084,0.7454020567915792,0.7776540786161478,0.012781442721668581,0.014402817748089235,0.013411712811100499,0.01576494888087095,0.014631942802417718,0.8107506607381058,0.913597491303349,0.9166050600528868,False,1e-24,False
UniGCN,random,6,221,base,0.00018640892677865365,2.8036764947985625e-08,9.141425338298191e-35,0.00022569931808343762,0.0002811691959366865,0.8259171022826977,0.00012422175302107406,3.25121865069339e-31,2.527221751642607e-10,4.1621960041982873e-13,1.3034550515566369e-39,2.7337611201966766e-09,3.4013716344146293e-09,0.09244486407286345,0.00015225163506235115,3.832145356797978e-31,False,1e-24,True
UniGCN,random,6,221,restart,9427.645274422328,970.1811625030239,940.5937793938982,1301.554179604705,1209.5272245825608,7.2433752064670855,0.7454020567915794,0.7776540786161481,0.012781442721668581,0.014402817748089235,0.013411712811100499,0.015764948880870943,0.014631942802417712,0.810750660738106,0.9135974913033492,0.9166050600528872,False,1e-24,False
UniGCN,random,6,222,base,0.00017619047818492152,2.649986300714816e-08,8.688656437898022e-35,0.0002133270732594837,0.00026575623785323783,0.8259171022826975,0.00012422175302107406,3.2694082773313022e-31,2.388686081702368e-10,3.934035332706197e-13,1.2388957636366405e-39,2.5839035036274674e-09,3.214917359959653e-09,0.09244486407286344,0.00015225163506235115,3.853585100091619e-31,False,1e-24,True
UniGCN,random,6,222,restart,9427.645274422328,970.1811625030239,940.5937793938982,1301.5541796047048,1209.5272245825604,7.243375206467086,0.7454020567915796,0.7776540786161484,0.012781442721668581,0.014402817748089235,0.013411712811100499,0.01576494888087094,0.014631942802417707,0.8107506607381061,0.9135974913033493,0.9166050600528876,False,1e-24,False
UniGCN,random,6,223,base,0.0001665321781498833,2.5047210000883978e-08,8.136839356478243e-35,0.00020163304245621752,0.00025118817771848073,0.8259171022826974,0.00012422175302107398,3.239340095694157e-31,2.2577445739417311e-10,3.7183818309781453e-13,1.1602134208187804e-39,2.4422606886654253e-09,3.038684019939122e-09,0.09244486407286343,0.00015225163506235104,3.818144345399968e-31,False,1e-24,True
UniGCN,random,6,223,restart,9427.645274422328,970.1811625030239,940.5937793938982,1301.5541796047044,1209.5272245825602,7.243375206467089,0.7454020567915798,0.7776540786161485,0.012781442721668581,0.014402817748089235,0.013411712811100499,0.015764948880870936,0.014631942802417704,0.8107506607381063,0.9135974913033497,0.9166050600528878,False,1e-24,False
UniGCN,random,6,224,base,0.0001574033207982852,2.3674187623504173e-08,7.689365072222223e-35,0.00019058004775933155,0.00023741870044222685,0.8259171022826974,0.000124221753021074,3.2387360632922605e-31,2.1339809363022318e-10,3.5145498887620143e-13,1.0964090801749194e-39,2.308382361426012e-09,2.8721113295270717e-09,0.09244486407286343,0.0001522516350623511,3.817432384682165e-31,False,1e-24,True
UniGCN,random,6,224,restart,9427.645274422328,970.1811625030239,940.5937793938982,1301.5541796047041,1209.5272245825597,7.24337520646709,0.7454020567915799,0.7776540786161489,0.012781442721668581,0.014402817748089235,0.013411712811100499,0.015764948880870933,0.014631942802417698,0.8107506607381064,0.9135974913033498,0.9166050600528881,False,1e-24,False
UniGCN,random,6,225,base,0.00014877488347044262,2.2376430732728206e-08,7.276409386158664e-35,0.00018013294925029832,0.0002244040298060918,0.8259171022826977,0.00012422175302107395,3.2425484481924106e-31,2.0170016967645153e-10,3.3218914791619934e-13,1.0375266679526707e-39,2.181842893051094e-09,2.7146697172426063e-09,0.09244486407286345,0.00015225163506235102,3.8219259652939523e-31,False,1e-24,True
UniGCN,random,6,225,restart,9427.645274422328,970.1811625030239,940.5937793938982,1301.554179604704,1209.5272245825595,7.243375206467093,0.7454020567915801,0.777654078616149,0.012781442721668581,0.014402817748089235,0.013411712811100499,0.01576494888087093,0.014631942802417695,0.8107506607381068,0.91359749130335,0.9166050600528882,False,1e-24,False
UniGCN,random,6,226,base,0.00014061943445277628,2.1149813471929867e-08,6.919662497425548e-35,0.00017025853328878592,0.00021210278928920003,0.8259171022826977,0.00012422175302107398,3.2624099478440417e-31,1.9064349524136278e-10,3.139794098417561e-13,9.866589403240097e-40,2.062239986540527e-09,2.565858641324854e-09,0.09244486407286345,0.00015225163506235104,3.84533631133537e-31,False,1e-24,True
UniGCN,random,6,226,restart,9427.645274422328,970.1811625030239,940.5937793938982,1301.5541796047037,1209.527224582559,7.2433752064670935,0.7454020567915802,0.7776540786161492,0.012781442721668581,0.014402817748089235,0.013411712811100499,0.015764948880870926,0.01463194280241769,0.8107506607381069,0.9135974913033502,0.9166050600528886,False,1e-24,False
UniGCN,random,6,227,base,0.00013291104576631813,1.9990436153124954e-08,6.502586909751547e-35,0.00016092540691913765,0.00020047587052305927,0.8259171022826977,0.00012422175302107403,3.2435758442079455e-31,1.8019291870772673e-10,2.967678818618326e-13,9.271890806997078e-40,1.9491933977608728e-09,2.4252049983998317e-09,0.09244486407286345,0.00015225163506235113,3.8231369361001404e-31,False,1e-24,True
UniGCN,random,6,227,restart,9427.645274422328,970.1811625030239,940.5937793938982,1301.5541796047037,1209.5272245825588,7.2433752064670935,0.7454020567915802,0.7776540786161493,0.012781442721668581,0.014402817748089235,0.013411712811100499,0.015764948880870926,0.014631942802417688,0.8107506607381069,0.9135974913033502,0.9166050600528887,False,1e-24,False
UniGCN,random,6,228,base,0.00012562521073592286,1.889461285899941e-08,6.140093805906595e-35,0.00015210389806521215,0.00018948630895739411,0.8259171022826978,0.00012422175302107406,3.2403891551273986e-31,1.703152153778006e-10,2.8049984471639705e-13,8.755020133250364e-40,1.8423437265650696e-09,2.2922616193800197e-09,0.09244486407286347,0.00015225163506235115,3.8193808504363934e-31,False,1e-24,True
UniGCN,random,6,228,restart,9427.645274422328,970.1811625030239,940.5937793938982,1301.5541796047032,1209.5272245825588,7.243375206467095,0.7454020567915804,0.7776540786161494,0.012781442721668581,0.014402817748089235,0.013411712811100499,0.015764948880870922,0.014631942802417688,0.8107506607381071,0.9135974913033504,0.9166050600528888,False,1e-24,False
UniGCN,random,6,229,base,0.00011873876607811906,1.7858859724561723e-08,5.868295202473876e-35,0.00014376596119628092,0.00017909916634165267,0.8259171022826974,0.00012422175302107406,3.2765619864915583e-31,1.609789818446554e-10,2.6512357871177684e-13,8.367468685265371e-40,1.7413512741797592e-09,2.16660584781478e-09,0.09244486407286343,0.00015225163506235115,3.8620170317110173e-31,False,1e-24,True
UniGCN,random,6,229,restart,9427.645274422328,970.1811625030239,940.5937793938982,1301.5541796047032,1209.5272245825586,7.243375206467095,0.7454020567915804,0.7776540786161497,0.012781442721668581,0.014402817748089235,0.013411712811100499,0.015764948880870922,0.014631942802417685,0.8107506607381071,0.9135974913033504,0.916605060052889,False,1e-24,False
UniGCN,random,6,230,base,0.00011222981825990016,1.687988386116436e-08,5.513699580317349e-35,0.00013588508816407313,0.00016928141964856868,0.8259171022826975,0.00012422175302107403,3.2571203571921186e-31,1.5215453615378882e-10,2.505901992922949e-13,7.861858851070915e-40,1.64589496322763e-09,2.047838196171876e-09,0.09244486407286344,0.00015225163506235113,3.839101578321702e-31,False,1e-24,True
UniGCN,random,6,230,restart,9427.645274422328,970.1811625030239,940.5937793938982,1301.5541796047032,1209.5272245825583,7.243375206467095,0.7454020567915804,0.7776540786161498,0.012781442721668581,0.014402817748089235,0.013411712811100499,0.015764948880870922,0.014631942802417681,0.8107506607381071,0.9135974913033504,0.9166050600528892,False,1e-24,False
UniGCN,random,6,231,base,0.00010607767389433313,1.5954572887681366e-08,5.164438247899263e-35,0.0001284362239275008,0.00016000185608664282,0.8259171022826975,0.00012422175302107406,3.2277364614462103e-31,1.4381382343761704e-10,2.3685350162543923e-13,7.363855059313747e-40,1.555671316951318e-09,1.9355810757781127e-09,0.09244486407286344,0.00015225163506235115,3.80446737750494e-31,False,1e-24,True
UniGCN,random,6,231,restart,9427.645274422328,970.1811625030239,940.5937793938982,1301.5541796047032,1209.5272245825583,7.243375206467095,0.7454020567915804,0.7776540786161498,0.012781442721668581,0.014402817748089235,0.013411712811100499,0.015764948880870922,0.014631942802417681,0.8107506607381071,0.9135974913033504,0.9166050600528892,False,1e-24,False
UniGCN,random,6,232,base,0.0001002627739516977,1.507998503555929e-08,4.938251611994417e-35,0.00012139568689713296,0.0001512309738677645,0.8259171022826977,0.00012422175302107406,3.2653705029449826e-31,1.359303267228361e-10,2.2386981370646479e-13,7.0413406786190845e-40,1.470393494393568e-09,1.829477596381308e-09,0.09244486407286345,0.00015225163506235115,3.8488258574725376e-31,False,1e-24,True
UniGCN,random,6,232,restart,9427.645274422328,970.1811625030239,940.5937793938982,1301.554179604703,1209.5272245825581,7.243375206467097,0.7454020567915806,0.7776540786161499,0.012781442721668581,0.014402817748089235,0.013411712811100499,0.01576494888087092,0.01463194280241768,0.8107506607381072,0.9135974913033506,0.9166050600528893,False,1e-24,False
UniGCN,random,6,233,base,9.476663157699825e-05,1.425333979628334e-08,4.689490082289208e-35,0.00011474109364617712,0.00014294088841449232,0.8259171022826977,0.00012422175302107403,3.280719837623281e-31,1.2847898262708989e-10,2.115978575154168e-13,6.686637270203374e-40,1.3897903784662926e-09,1.7291904315171212e-09,0.09244486407286345,0.00015225163506235113,3.8669178063498718e-31,False,1e-24,True
UniGCN,random,6,233,restart,9427.645274422328,970.1811625030239,940.5937793938982,1301.5541796047028,1209.5272245825581,7.243375206467098,0.7454020567915807,0.7776540786161499,0.012781442721668581,0.014402817748089235,0.013411712811100499,0.015764948880870915,0.01463194280241768,0.8107506607381073,0.9135974913033508,0.9166050600528893,False,1e-24,False
UniGCN,random,6,234,base,8.957177331615661e-05,1.3472009081524914e-08,4.390526218570182e-35,0.00010845128774860712,0.00013510524370880566,0.8259171022826974,0.0001242217530210741,3.2497082260057568e-31,1.214361016769257e-10,1.9999861778516196e-13,6.2603514953091055e-40,1.3136057140092918e-09,1.6344007460735021e-09,0.09244486407286343,0.00015225163506235118,3.830365049911429e-31,False,1e-24,True
UniGCN,random,6,234,restart,9427.645274422328,970.1811625030239,940.5937793938982,1301.5541796047028,1209.5272245825581,7.243375206467098,0.7454020567915807,0.7776540786161499,0.012781442721668581,0.014402817748089235,0.013411712811100499,0.015764948880870915,0.01463194280241768,0.8107506607381073,0.9135974913033508,0.9166050600528893,False,1e-24,False
UniGCN,random,6,235,base,8.466168356403114e-05,1.2733508867866583e-08,4.1754726848000266e-35,0.00010250627251819865,0.00012769912850048515,0.8259171022826975,0.00012422175302107406,3.269773829963266e-31,1.147792929937109e-10,1.8903521796321095e-13,5.9537115517836254e-40,1.2415972930983364e-09,1.544807182643244e-09,0.09244486407286344,0.00015225163506235115,3.854015969550659e-31,False,1e-24,True
UniGCN,random,6,235,restart,9427.645274422328,970.1811625030239,940.5937793938982,1301.5541796047028,1209.527224582558,7.243375206467098,0.7454020567915807,0.77765407861615,0.012781442721668581,0.014402817748089235,0.013411712811100499,0.015764948880870915,0.014631942802417676,0.8107506607381073,0.9135974913033508,0.9166050600528894,False,1e-24,False
UniGCN,random,6,236,base,8.002075205764935e-05,1.2035491299541483e-08,3.9456162361276803e-35,9.688714743463393e-05,0.0001206989971087302,0.8259171022826975,0.00012422175302107406,3.268971847854975e-31,1.0848739310806945e-10,1.7867280297299048e-13,5.625964468514645e-40,1.1735361850125234e-09,1.4601249034420324e-09,0.09244486407286344,0.00015225163506235115,3.853070689536389e-31,False,1e-24,True
UniGCN,random,6,236,restart,9427.645274422328,970.1811625030239,940.5937793938982,1301.5541796047028,1209.5272245825577,7.243375206467098,0.7454020567915807,0.7776540786161501,0.012781442721668581,0.014402817748089235,0.013411712811100499,0.015764948880870915,0.014631942802417674,0.8107506607381073,0.9135974913033508,0.9166050600528896,False,1e-24,False
UniGCN,random,6,237,base,7.563422424772415e-05,1.1375737224079695e-08,3.707983900258522e-35,9.157604805456108e-05,0.0001140825945652238,0.8259171022826975,0.00012422175302107406,3.2502625964897536e-31,1.0254039867652507e-10,1.688784284018334e-13,5.287129924513959e-40,1.1092060084128037e-09,1.3800846847460303e-09,0.09244486407286344,0.00015225163506235115,3.8310184751357648e-31,False,1e-24,True
UniGCN,random,6,237,restart,9427.645274422328,970.1811625030239,940.5937793938982,1301.5541796047025,1209.5272245825577,7.243375206467099,0.7454020567915808,0.7776540786161501,0.012781442721668581,0.014402817748089235,0.013411712811100499,0.015764948880870912,0.014631942802417674,0.8107506607381074,0.9135974913033509,0.9166050600528896,False,1e-24,False
UniGCN,random,6,238,base,7.148815439067328e-05,1.0752149137130987e-08,3.5363630973986264e-35,8.655608921657138e-05,0.00010782888586065859,0.8259171022826974,0.00012422175302107411,3.27960645162232e-31,9.691940288644117e-11,1.5962095576339316e-13,5.042419724341191e-40,1.0484022434177735e-09,1.3044320609700253e-09,0.09244486407286343,0.0001522516350623512,3.865605480895231e-31,False,1e-24,True
UniGCN,random,6,238,restart,9427.645274422328,970.1811625030239,940.5937793938982,1301.5541796047025,1209.5272245825577,7.243375206467099,0.7454020567915808,0.7776540786161501,0.012781442721668581,0.014402817748089235,0.013411712811100499,0.015764948880870912,0.014631942802417674,0.8107506607381074,0.9135974913033509,0.9166050600528896,False,1e-24,False
UniGCN,random,6,239,base,6.756936121201134e-05,1.016274451403385e-08,3.352690471952632e-35,8.181131135953094e-05,0.00010191798906978277,0.8259171022826977,0.00012422175302107414,3.2895963730770435e-31,9.160653534707544e-11,1.5087095350149826e-13,4.78052510439911e-40,9.909315813896674e-10,1.2329265156649673e-09,0.09244486407286345,0.00015225163506235126,3.8773803983125293e-31,False,1e-24,True
UniGCN,random,6,239,restart,9427.645274422328,970.1811625030239,940.5937793938982,1301.5541796047025,1209.5272245825577,7.243375206467099,0.7454020567915808,0.7776540786161501,0.012781442721668581,0.014402817748089235,0.013411712811100499,0.015764948880870912,0.014631942802417674,0.8107506607381074,0.9135974913033509,0.9166050600528896,False,1e-24,False
UniGCN,random,6,240,base,6.386538600015832e-05,9.605649506930464e-09,3.1721548983141897e-35,7.732662978360058e-05,9.633111214235557e-05,0.8259171022826975,0.00012422175302107411,3.292970285266159e-31,8.658490527564909e-11,1.4260060342071577e-13,4.523103535293443e-40,9.366113103633792e-10,1.165340716862898e-09,0.09244486407286344,0.0001522516350623512,3.8813571600498567e-31,False,1e-24,True
UniGCN,random,6,240,restart,9427.645274422328,970.1811625030239,940.5937793938982,1301.5541796047025,1209.5272245825574,7.243375206467099,0.7454020567915808,0.7776540786161502,0.012781442721668581,0.014402817748089235,0.013411712811100499,0.015764948880870912,0.01463194280241767,0.8107506607381074,0.9135974913033509,0.9166050600528897,False,1e-24,False
UniGCN,random,6,241,base,6.036445299743579e-05,9.079092987389269e-09,2.9965903154867337e-35,7.308778669263352e-05,9.105049315905681e-05,0.8259171022826978,0.00012422175302107411,3.2911302416033783e-31,8.183854779780698e-11,1.3478361224614595e-13,4.272769988945754e-40,8.852687341646502e-10,1.1014597943382686e-09,0.09244486407286347,0.0001522516350623512,3.8791883379753627e-31,False,1e-24,True
UniGCN,random,6,241,restart,9427.645274422326,970.1811625030238,940.593779393898,1301.5541796047025,1209.5272245825574,7.243375206467098,0.7454020567915808,0.7776540786161502,0.012781442721668578,0.014402817748089233,0.013411712811100495,0.015764948880870912,0.01463194280241767,0.8107506607381073,0.9135974913033509,0.9166050600528897,False,1e-24,False
UniGCN,random,6,242,base,5.7055431962324635e-05,8.581400915595335e-09,2.8366194844797514e-35,6.908130586548323e-05,8.605934386241095e-05,0.8259171022826975,0.0001242217530210741,3.296120278368438e-31,7.735237319174543e-11,1.2739512803127682e-13,4.0446712187198595e-40,8.367406233706787e-10,1.0410806564878957e-09,0.09244486407286344,0.00015225163506235118,3.8850699929097045e-31,False,1e-24,True
UniGCN,random,6,242,restart,9427.645274422328,970.1811625030238,940.593779393898,1301.5541796047023,1209.5272245825574,7.2433752064671,0.7454020567915809,0.7776540786161502,0.012781442721668581,0.014402817748089233,0.013411712811100495,0.01576494888087091,0.01463194280241767,0.8107506607381075,0.913597491303351,0.9166050600528897,False,1e-24,False
UniGCN,random,6,243,base,5.3927802783961926e-05,8.110991018206992e-09,2.648304229517907e-35,6.529444981211121e-05,8.134179628319779e-05,0.8259171022826975,0.000124221753021074,3.2557729857570764e-31,7.311211891464421e-11,1.2041166114814143e-13,3.77615677892366e-40,7.908726963676261e-10,9.84011344657768e-10,0.09244486407286344,0.0001522516350623511,3.837513458990639e-31,False,1e-24,True
UniGCN,random,6,243,restart,9427.645274422326,970.1811625030238,940.593779393898,1301.5541796047023,1209.5272245825574,7.243375206467099,0.7454020567915809,0.7776540786161502,0.012781442721668578,0.014402817748089233,0.013411712811100495,0.01576494888087091,0.01463194280241767,0.8107506607381074,0.913597491303351,0.9166050600528897,False,1e-24,False
UniGCN,random,6,244,base,5.097162203637798e-05,7.66636775795837e-09,2.50229855115406e-35,6.171517927828459e-05,7.688285229266315e-05,0.8259171022826975,0.00012422175302107398,3.254690059662175e-31,6.910430425888344e-11,1.1381100960858714e-13,3.567970602286638e-40,7.475191288551912e-10,9.30070422863962e-10,0.09244486407286344,0.00015225163506235104,3.836237036008307e-31,False,1e-24,True
UniGCN,random,6,244,restart,9427.645274422326,970.1811625030238,940.593779393898,1301.5541796047023,1209.5272245825574,7.243375206467099,0.7454020567915809,0.7776540786161502,0.012781442721668578,0.014402817748089233,0.013411712811100495,0.01576494888087091,0.01463194280241767,0.8107506607381074,0.913597491303351,0.9166050600528897,False,1e-24,False
UniGCN,random,6,245,base,4.817749136614274e-05,7.246117579015149e-09,2.386258169370324e-35,5.8332114970120064e-05,7.26683359201455e-05,0.8259171022826978,0.000124221753021074,3.283766084849609e-31,6.5316187493888e-11,1.0757218847923724e-13,3.4025112606379214e-40,7.065420902388573e-10,8.790864009674611e-10,0.09244486407286347,0.0001522516350623511,3.870508356053916e-31,False,1e-24,True
UniGCN,random,6,245,restart,9427.645274422326,970.1811625030238,940.593779393898,1301.5541796047023,1209.5272245825574,7.243375206467099,0.7454020567915809,0.7776540786161502,0.012781442721668578,0.014402817748089233,0.013411712811100495,0.01576494888087091,0.01463194280241767,0.8107506607381074,0.913597491303351,0.9166050600528897,False,1e-24,False
UniGCN,random,6,246,base,4.5536527612918245e-05,6.848904412967436e-09,2.232796127845776e-35,5.5134501376788114e-05,6.868484828452492e-05,0.8259171022826977,0.00012422175302107395,3.2507841010239767e-31,6.173572535734352e-11,1.0167536316573928e-13,3.1836932253263678e-40,6.678113054359026e-10,8.308971894690142e-10,0.09244486407286345,0.00015225163506235102,3.8316331619329587e-31,False,1e-24,True
UniGCN,random,6,246,restart,9427.645274422326,970.1811625030238,940.593779393898,1301.5541796047023,1209.5272245825572,7.243375206467099,0.7454020567915809,0.7776540786161503,0.012781442721668578,0.014402817748089233,0.013411712811100495,0.01576494888087091,0.014631942802417667,0.8107506607381074,0.913597491303351,0.9166050600528898,False,1e-24,False
UniGCN,random,6,247,base,4.3040334567924256e-05,6.4734654311723475e-09,2.1172611876773222e-35,5.211217257636137e-05,6.49197249962121e-05,0.8259171022826979,0.000124221753021074,3.2613526748624685e-31,5.835153476699771e-11,9.610178635419611e-14,3.018954581383234e-40,6.312036407020515e-10,7.853495841907144e-10,0.09244486407286348,0.0001522516350623511,3.8440901251564305e-31,False,1e-24,True
UniGCN,random,6,247,restart,9427.645274422326,970.1811625030238,940.593779393898,1301.5541796047023,1209.5272245825572,7.243375206467099,0.7454020567915809,0.7776540786161503,0.012781442721668578,0.014402817748089233,0.013411712811100495,0.01576494888087091,0.014631942802417667,0.8107506607381074,0.913597491303351,0.9166050600528898,False,1e-24,False
UniGCN,random,6,248,base,4.068097628053063e-05,6.1186070299420056e-09,2.0086703214838572e-35,4.925551991609711e-05,6.136099589424837e-05,0.8259171022826977,0.00012422175302107398,3.27352953160289e-31,5.515285663132045e-11,9.08337384093021e-14,2.864117334614085e-40,5.966027121620289e-10,7.422987792059784e-10,0.09244486407286345,0.00015225163506235104,3.858442738755103e-31,False,1e-24,True
UniGCN,random,6,248,restart,9427.645274422326,970.1811625030238,940.593779393898,1301.5541796047023,1209.5272245825572,7.243375206467099,0.7454020567915809,0.7776540786161503,0.012781442721668578,0.014402817748089233,0.013411712811100495,0.01576494888087091,0.014631942802417667,0.8107506607381074,0.913597491303351,0.9166050600528898,False,1e-24,False
UniGCN,random,6,249,base,3.845095182811239e-05,5.78320103581303e-09,1.8913000069016564e-35,4.6555461464401634e-05,5.799734699051256e-05,0.8259171022826974,0.00012422175302107406,3.261011244550622e-31,5.212952164396852e-11,8.585447103969754e-14,2.696761672030462e-40,5.638985157994384e-10,7.016079064694319e-10,0.09244486407286343,0.00015225163506235115,3.843687688185932e-31,False,1e-24,True
UniGCN,random,6,249,restart,9427.645274422326,970.1811625030238,940.593779393898,1301.5541796047023,1209.5272245825572,7.243375206467099,0.7454020567915809,0.7776540786161503,0.012781442721668578,0.014402817748089233,0.013411712811100495,0.01576494888087091,0.014631942802417667,0.8107506607381074,0.913597491303351,0.9166050600528898,False,1e-24,False
UniGCN,random,6,250,base,3.634317146895509e-05,5.466181118833162e-09,1.8008813492944253e-35,4.400341313735798e-05,5.481808450004655e-05,0.8259171022826975,0.0001242217530210739,3.2851956899239996e-31,4.927191795330805e-11,8.114815405144001e-14,2.5678357642517786e-40,5.329870777296267e-10,6.631476006830733e-10,0.09244486407286344,0.00015225163506235096,3.8721934025046408e-31,False,1e-24,True
UniGCN,random,6,250,restart,9427.645274422326,970.1811625030238,940.593779393898,1301.5541796047023,1209.5272245825572,7.243375206467099,0.7454020567915809,0.7776540786161503,0.012781442721668578,0.014402817748089233,0.013411712811100495,0.01576494888087091,0.014631942802417667,0.8107506607381074,0.913597491303351,0.9166050600528898,False,1e-24,False
UniGCN,random,6,251,base,3.4350934102395465e-05,5.1665394024621945e-09,1.6952873595477932e-35,4.1591261408021696e-05,5.181310084314405e-05,0.8259171022826975,0.00012422175302107392,3.2719280104080377e-31,4.657096060420902e-11,7.669982502031204e-14,2.4172716954597553e-40,5.037701236436737e-10,6.267955880153369e-10,0.09244486407286344,0.000152251635062351,3.856555058266632e-31,False,1e-24,True
UniGCN,random,6,251,restart,9427.645274422326,970.1811625030238,940.593779393898,1301.5541796047023,1209.5272245825572,7.243375206467099,0.7454020567915809,0.7776540786161503,0.012781442721668578,0.014402817748089233,0.013411712811100495,0.01576494888087091,0.014631942802417667,0.8107506607381074,0.913597491303351,0.9166050600528898,False,1e-24,False
UniGCN,random,6,252,base,3.246790596453805e-05,4.883323259309137e-09,1.6161150770859224e-35,3.9311337511721394e-05,4.897284251111574e-05,0.8259171022826977,0.000124221753021074,3.3000230213696506e-31,4.401806265496055e-11,7.249534172295928e-14,2.3043817382603608e-40,4.761547663725944e-10,5.924362973654952e-10,0.09244486407286345,0.0001522516350623511,3.8896700767790817e-31,False,1e-24,True
UniGCN,random,6,252,restart,9427.645274422328,970.1811625030238,940.593779393898,1301.5541796047023,1209.5272245825572,7.2433752064671,0.7454020567915809,0.7776540786161503,0.012781442721668581,0.014402817748089233,0.013411712811100495,0.01576494888087091,0.014631942802417667,0.8107506607381075,0.913597491303351,0.9166050600528898,False,1e-24,False
UniGCN,random,6,253,base,3.068810049181669e-05,4.615632282518745e-09,1.528533676440621e-35,3.7156393065357153e-05,4.6288279693568945e-05,0.8259171022826974,0.00012422175302107406,3.3022045462903377e-31,4.1605107877480954e-11,6.852133717563023e-14,2.179501410664997e-40,4.500532105784539e-10,5.599604929375306e-10,0.09244486407286343,0.00015225163506235115,3.8922413958731598e-31,False,1e-24,True
UniGCN,random,6,253,restart,9427.645274422328,970.1811625030238,940.593779393898,1301.5541796047023,1209.5272245825572,7.2433752064671,0.7454020567915809,0.7776540786161503,0.012781442721668581,0.014402817748089233,0.013411712811100495,0.01576494888087091,0.014631942802417667,0.8107506607381075,0.913597491303351,0.9166050600528898,False,1e-24,False
UniGCN,random,6,254,base,2.9005859288382956e-05,4.362615423178673e-09,1.4396384495783584e-35,3.511957702318499e-05,4.375087757064017e-05,0.8259171022826975,0.00012422175302107406,3.2905361663978468e-31,3.9324424954030945e-11,6.476517713757381e-14,2.052747728143032e-40,4.2538247363353914e-10,5.292649269553423e-10,0.09244486407286344,0.00015225163506235115,3.8784881136025787e-31,False,1e-24,True
UniGCN,random,6,254,restart,9427.645274422328,970.1811625030238,940.593779393898,1301.5541796047023,1209.5272245825572,7.2433752064671,0.7454020567915809,0.7776540786161503,0.012781442721668581,0.014402817748089233,0.013411712811100495,0.01576494888087091,0.014631942802417667,0.8107506607381075,0.913597491303351,0.9166050600528898,False,1e-24,False
UniGCN,random,6,255,base,2.74158341368122e-05,4.123468284646468e-09,1.3604582504578205e-35,3.319441389582489e-05,4.135256917891217e-05,0.8259171022826975,0.00012422175302107406,3.2899001863023038e-31,3.716876308839512e-11,6.121491994398945e-14,1.939846482760067e-40,4.0206412180020455e-10,5.002520114151951e-10,0.09244486407286344,0.00015225163506235115,3.877738496787471e-31,False,1e-24,True
UniGCN,random,6,255,restart,9427.645274422328,970.1811625030238,940.593779393898,1301.5541796047023,1209.5272245825572,7.2433752064671,0.7454020567915809,0.7776540786161503,0.012781442721668581,0.014402817748089233,0.013411712811100495,0.01576494888087091,0.014631942802417667,0.8107506607381075,0.913597491303351,0.9166050600528898,False,1e-24,False
UniGCN,random,6,256,base,2.59129699949358e-05,3.897430565194451e-09,1.2846247811949655e-35,3.137478316324563e-05,3.90857297647503e-05,0.8259171022826977,0.00012422175302107406,3.2866849075784995e-31,3.5131268953994755e-11,5.785927854082936e-14,1.8317172633771577e-40,3.800240208726457e-10,4.728295078318385e-10,0.09244486407286345,0.00015225163506235115,3.8739487130921755e-31,False,1e-24,True
UniGCN,random,6,256,restart,9427.645274422328,970.1811625030238,940.593779393898,1301.5541796047023,1209.5272245825572,7.2433752064671,0.7454020567915809,0.7776540786161503,0.012781442721668581,0.014402817748089233,0.013411712811100495,0.01576494888087091,0.014631942802417667,0.8107506607381075,0.913597491303351,0.9166050600528898,False,1e-24,False
UniGCN,random,7,0,base,734061.1384087293,67326.79884364014,69911.54868812751,82559.99999999997,82446.69570010185,8.891244409020464,0.8154893270789747,0.847960589499297,1.0,1.0,1.0,1.0,1.0,1.0,1.0,1.0,False,1e-24,False
UniGCN,random,7,0,restart,734061.1384087293,67326.79884364014,69911.54868812751,82559.99999999997,82446.69570010185,8.891244409020464,0.8154893270789747,0.847960589499297,1.0,1.0,1.0,1.0,1.0,1.0,1.0,1.0,False,1e-24,False
UniGCN,random,7,1,base,14332.605225225505,2560.386559853197,1883.1201752158654,4021.4291041322685,2870.7272036213476,3.5640576655940204,0.6366857387146874,0.6559732226873938,0.019525083777483708,0.038029233586457045,0.02693575254091975,0.04870917035043932,0.03481919049932042,0.4008502636569258,0.7807407375829808,0.7735892809295917,False,1e-24,False
UniGCN,random,7,1,restart,33640.833785014394,4689.245609310415,3886.5507316963317,6767.295358652451,5343.367929720306,4.971089926199583,0.6929275819644686,0.7273597444186798,0.045828381349733015,0.0696490207443358,0.05559239931923224,0.08196820928600355,0.06480997066464249,0.5590994575693191,0.8497077263371261,0.857775412473085,False,1e-24,False
UniGCN,random,7,2,base,1316.566627344398,293.0514791950049,189.36367664562314,599.6015515652473,412.86225093495625,2.195735858100314,0.4887436972602891,0.4586606700341227,0.0017935381107333957,0.004352672104247644,0.002708617963683891,0.007262615692408521,0.005007626411575476,0.24695484198732257,0.5993256821777602,0.5408985697141329,False,1e-24,False
UniGCN,random,7,2,restart,12691.838056197055,1609.5064675166998,1387.9610708616717,2374.566731415394,1943.008591793911,5.344906878499012,0.6778105859157434,0.7143360439699428,0.01728989234290478,0.02390588138988488,0.01985310148189261,0.028761709440593444,0.023566846133671198,0.6011427234051092,0.8311703947660641,0.8424165613542762,False,1e-24,False
UniGCN,random,7,3,base,279.5572851825442,54.993229989624965,35.35917206710042,167.25527794359078,135.85661172028375,1.6714407378930598,0.32879817405924977,0.26026831980692766,0.00038083651422898937,0.0008168104073586111,0.0005057701156762555,0.0020258633471849667,0.0016478114806985032,0.18798726713634453,0.40319126583419757,0.3069344531219436,False,1e-24,False
UniGCN,random,7,3,restart,10182.238252163399,1140.031006788913,1051.0081225101846,1622.4367549165945,1422.3221659289989,6.275892247452717,0.7026659149172931,0.7389381587987219,0.013871103807832791,0.016932796841218054,0.0150333978038262,0.01965160798106341,0.017251415036724654,0.7058508301813877,0.8616494313103924,0.8714298376001761,False,1e-24,False
UniGCN,random,7,4,base,103.28536277165179,13.644657357102616,9.311916250007531,78.32541132439414,77.93926077345655,1.3186699057842544,0.17420473287515365,0.11947657903856912,0.00014070403317569704,0.00020266309391585646,0.00013319567975167591,0.0009487089549950844,0.0009453291015683516,0.14831106256019908,0.21361988083785563,0.14089874048169804,False,1e-24,False
UniGCN,random,7,4,restart,9649.032215855386,1026.724390571563,974.9825402733672,1422.2914058467622,1290.1729052084056,6.784145763793622,0.7218804714356702,0.7556991286496405,0.013144725569824064,0.015249861989666689,0.013945943961601015,0.01722736683438424,0.015648570197420438,0.7630142027038285,0.885211427623946,0.8911960508634783,False,1e-24,False
UniGCN,random,7,5,base,57.55973249888758,4.129581436561662,3.084400433784381,53.10256741874935,59.777716889488964,1.0839350204104161,0.07776613518508706,0.05159782932972349,7.841272271089496e-05,6.133636987779871e-05,4.4118611183164625e-05,0.0006431997022619837,0.0007250468485350726,0.12191038403024079,0.09536131571904181,0.060849324801982754,False,1e-24,False
UniGCN,random,7,5,restart,9493.106001934331,991.9349776376175,952.3927006235806,1354.7181919648917,1245.8676299516023,7.007439671394292,0.7322076159610058,0.7644413240438535,0.012932309729014038,0.014733137393644525,0.013622823674986295,0.016408892829032126,0.015111189349339362,0.7881281122229652,0.8978751672737666,0.9015057226836923,False,1e-24,False
UniGCN,random,7,6,base,41.51634703309957,1.4723026755751434,1.2005772032564865,43.495472649406246,51.74580588265429,0.9544981236953246,0.03384956148063014,0.023201439861214566,5.6557069787262104e-05,2.1868003541864828e-05,1.7172802287819584e-05,0.000526834697788351,0.0006276274075419419,0.10735259090695498,0.04150828264286043,0.02736146012978567,False,1e-24,False
UniGCN,random,7,6,restart,9437.18823894482,979.5468012307146,944.4230303247928,1328.0495736981532,1227.9469591374889,7.106051178997449,0.7375830094226223,0.7691073488940895,0.012856133835667161,0.014549136719029455,0.013508827197317918,0.01608587177444469,0.014893828657537963,0.7992189677957927,0.9044667844576123,0.9070083662121978,False,1e-24,False
UniGCN,random,7,7,base,34.33099995245591,0.6020869354454164,0.5225074456153654,38.59757140017643,47.01311728445447,0.889460106091001,0.015599088585212494,0.011114077853079095,4.676858391778836e-05,8.942753046134037e-06,7.473835945849937e-06,0.00046750934350988906,0.0005702243963234586,0.10003775232954051,0.019128501216671135,0.013106833018786552,False,1e-24,False
UniGCN,random,7,7,restart,9413.96219282319,974.6617690502468,941.2539243540662,1316.182511486073,1219.5441691942935,7.1524747598979195,0.7405217441688823,0.771807982138045,0.012824493356548516,0.014476579694718633,0.013463496976056996,0.01594213313331,0.014791910807806783,0.804440237031556,0.908070430328474,0.9101932232414026,False,1e-24,False
UniGCN,random,7,8,base,30.362295912931813,0.2737735139095457,0.24475985939243264,35.411998695801316,43.596954307015025,0.8574013620002695,0.007731094656964564,0.005614150421352925,4.1362080519274016e-05,4.06633790127699e-06,3.500993240534495e-06,0.00042892440280767113,0.0005287895886767621,0.09643209910306899,0.009480313721157823,0.006620768100399528,False,1e-24,False
UniGCN,random,7,8,restart,9403.111068294687,972.583790921392,939.8745473701273,1310.3197370317325,1215.0686346992188,7.176195857047499,0.7422492109632617,0.7735156027649304,0.012809711039435222,0.014445715638138719,0.013443766659538158,0.0158711208458301,0.014737626831268119,0.8071081534736587,0.9101887496454995,0.9122070204013552,False,1e-24,False
UniGCN,random,7,9,base,27.74742951011476,0.13432892788431572,0.12011660660056954,32.97288537114957,40.809797164219034,0.8415226389132765,0.0040739209314647985,0.002943327704306373,3.779988894421603e-05,1.9951777032542633e-06,1.7181225255988061e-06,0.00039938087901101726,0.0004949840235279269,0.09464621600768545,0.004995676578695758,0.003471066628278499,False,1e-24,False
UniGCN,random,7,9,restart,9397.504551597942,971.6453825900709,939.2294635140132,1307.123648449507,1212.401703904674,7.189453394669386,0.7433461889719645,0.7746850408483598,0.012802073369487323,0.014431777528092812,0.013434539516552215,0.0158324085325764,0.014705279497370763,0.8085992313264323,0.9115339272858152,0.9135861388390646,False,1e-24,False
UniGCN,random,7,10,base,25.774624658121027,0.06963983158336479,0.06068857881687707,30.91974263046329,38.37640858320157,0.833597645561477,0.0022522772073384923,0.0015814032906519078,3.5112367770883915e-05,1.0343553054571396e-06,8.680765904300916e-07,0.00037451238651239465,0.0004654693345479237,0.09375489045332781,0.00276187208409703,0.0018649490439003697,False,1e-24,False
UniGCN,random,7,10,restart,9394.337897678644,971.1998243160654,938.9094423001103,1305.2093917109435,1210.6526445027296,7.197571483426124,0.7440950321717811,0.7755399094558318,0.012797759486414638,0.0144251596837625,0.01342996200082115,0.015809222283320542,0.014684065070435978,0.8095122743588004,0.9124522019645273,0.9145942854652855,False,1e-24,False
UniGCN,random,7,11,base,24.141443323798633,0.03778358597182256,0.031237250434779706,29.09916303629388,36.1731012845054,0.8296267247854606,0.0012984423615447992,0.0008635491380486101,3.28875104001985e-05,5.611968283175206e-07,4.468110207961173e-07,0.00035246079259076903,0.0004387453126815938,0.09330828021595905,0.0015922248378108495,0.0010183835767161276,False,1e-24,False
UniGCN,random,7,11,restart,9392.401371070624,970.9786744285071,938.7426161488005,1303.9593283662966,1209.4131853540973,7.202986448080529,0.7446387730858339,0.7761967766821983,0.012795121386525277,0.01442187496071972,0.013427575754851205,0.015794081012188675,0.01466903160986964,0.8101212964939822,0.9131189684027841,0.9153689290448349,False,1e-24,False
UniGCN,random,7,12,base,22.709080768081165,0.021469246174330388,0.016278689133267316,27.438318780506226,34.13876663877333,0.8276411156872707,0.0007824548707256578,0.0004768388180368146,3.0936225308574535e-05,3.188811371262519e-07,2.3284692498925844e-07,0.00033234397747706194,0.00041407076837806083,0.0930849583718114,0.0009594912462292499,0.0005623360613001814,False,1e-24,False
UniGCN,random,7,12,restart,9391.131069728159,970.8643302605245,938.6519188067175,1303.0801510626047,1208.4813283114795,7.206871397795526,0.7450534255078839,0.7767202494706522,0.012793390874888032,0.014420176615187979,0.013426278439260505,0.015783432062289306,0.014657729070274756,0.810558237549281,0.9136274390942831,0.9159862605516718,False,1e-24,False
UniGCN,random,7,13,base,21.40992123172796,0.012883316465646255,0.008558212205402115,25.899362327537865,32.24051824214882,0.8266582381823184,0.0004974375933552575,0.00026544896521588025,2.9166400605458557e-05,1.913549535537326e-07,1.2241485657226592e-07,0.00031370351656417,0.00039104682083831527,0.09297441394633647,0.0006099866384972123,0.000313043988721955,False,1e-24,False
UniGCN,random,7,13,restart,9390.245839540466,970.8029053912124,938.6008260429958,1302.4241079710714,1207.7497690552889,7.209821886795908,0.7453815538653829,0.7771484210484897,0.012792184939658153,0.014419264276113983,0.013425547619178838,0.015775485803913178,0.0146488559523168,0.8108900796249964,0.9140298089924573,0.9164912033321968,False,1e-24,False
UniGCN,random,7,14,base,20.209198948385918,0.008262660384259032,0.004529333883790812,24.46094236396871,30.459039997165537,0.8261823542070209,0.0003377899453469152,0.00014870245037966739,2.7530675431469746e-05,1.2272468803170411e-07,6.47866335216801e-08,0.000296280794137218,0.00036943918417251876,0.09292089118243464,0.00041421749387800694,0.0001753648132013695,False,1e-24,False
UniGCN,random,7,14,restart,9389.596889364551,970.7687131917853,938.5711746256877,1301.9122602990838,1207.157497615417,7.212157973846496,0.7456483380598736,0.7775051527905127,0.01279130088499028,0.01441875642188633,0.013425123491579543,0.015769286098583867,0.014641672263087747,0.8111528197930901,0.9143569551434025,0.9169118971078754,False,1e-24,False
UniGCN,random,7,15,base,19.08794024912708,0.0057186095191046095,0.0024099063099285454,23.109961233548937,28.78186418645078,0.8259615867038733,0.0002474521467739571,8.373002854565001e-05,2.6003202254386075e-05,8.493808731921916e-08,3.4470789950299e-08,0.0002799171661040328,0.00034909663682755967,0.09289606141811912,0.0003034400801544678,9.874283024767796e-05,False,1e-24,False
UniGCN,random,7,15,restart,9389.101125226813,970.7490513086279,938.5535389585648,1301.4998216161057,1206.667492781502,7.214062552515854,0.7458695231346432,0.7778062677358575,0.012790625513264684,0.014418464385379396,0.01342487123472851,0.015764290475001285,0.01463572897051848,0.8113670281290374,0.9146281850264003,0.9172670019901937,False,1e-24,False
UniGCN,random,7,16,base,18.03499773976193,0.004278224456487717,0.001287977780347251,21.837638811160204,27.20012812198744,0.8258675718432106,0.00019591057867947311,4.735190123263074e-05,2.4568795153571994e-05,6.354415373918894e-08,1.842296164962481e-08,0.0002645062840499057,0.0003299116828275004,0.09288548754832793,0.0002402368396177679,5.58421014125091e-05,False,1e-24,False
UniGCN,random,7,16,restart,9388.709795957995,970.7374121987577,938.5428385123187,1301.1597898341913,1206.255873652133,7.21564704758853,0.7460554958607045,0.7780628132161792,0.012790092411526503,0.014418291510535051,0.01342471817780949,0.015760171872991665,0.01463073642198911,0.8115452366001789,0.9148562354985352,0.9175695460983736,False,1e-24,False
UniGCN,random,7,17,base,17.043206639103474,0.0034317178552093247,0.0006910383674896498,20.637545021272,25.70695426337259,0.82583498286915,0.00016628517838105774,2.6881378494310582e-05,2.321769365975307e-05,5.0971053342059996e-08,9.884466593242597e-09,0.0002499702643080427,0.00031180090414879825,0.0928818222600329,0.00020390846680566567,3.170121209310385e-05,False,1e-24,False
UniGCN,random,7,17,restart,9388.39295540249,970.7303452486576,938.5362412725659,1300.8748883855872,1205.9063544327428,7.21698376932595,0.7462134552027169,0.7782828557314075,0.012789660784596639,0.01441818654564408,0.013424623812287963,0.015756721031802177,0.014626497086301702,0.8116955779557785,0.9150499343450648,0.9178290422565125,False,1e-24,False
UniGCN,random,7,18,base,16.107487941160258,0.0029087822901828334,0.00037204259902300573,19.504586014827282,24.29662052621515,0.8258308035307917,0.0001491332493789713,1.5312524580181247e-05,2.19429787225591e-05,4.3203929789357635e-08,5.321618616727719e-09,0.00023624740812533054,0.0002946948973503269,0.09288135220902924,0.00018287578319774715,1.8058061624329702e-05,False,1e-24,False
UniGCN,random,7,18,restart,9388.131395514658,970.7259591381916,938.5321217476311,1300.6334319455148,1205.607273010625,7.218122466275294,0.7463486139105,0.7784725115368144,0.01278930446565514,0.014418121399067362,0.013424564887474937,0.01575379641406874,0.014622869513121504,0.8118236474246808,0.9152156737401679,0.9180527033650068,False,1e-24,False
UniGCN,random,7,19,base,15.22389680186282,0.002564755494679387,0.00020092430282859199,18.43447005334437,22.964126136376326,0.8258385924742604,0.00013912824655429087,8.749486117406307e-06,2.0739276342655355e-05,3.809412505465735e-08,2.873978714516923e-09,0.00022328573223527587,0.00027853300779824894,0.0928822282330266,0.0001706070722625377,1.0318269770736274e-05,False,1e-24,False
UniGCN,random,7,19,restart,9387.912279943419,970.7231844728905,938.529523375448,1300.4271153328452,1205.3499247834834,7.219099147698545,0.7464648906712724,0.7786365636054076,0.012789005967941839,0.014418080187167365,0.013424527720909013,0.015751297424089702,0.014619748123902005,0.8119334949756333,0.9153582590039002,0.9182461699843576,False,1e-24,False
UniGCN,random,7,20,base,14.389138593467079,0.002321580500178254,0.00010881793065441402,17.42342060929714,21.70495933745511,0.8258503835801928,0.00013324481754974443,5.0135053912141e-06,1.9602098300230582e-05,3.448226471556885e-08,1.5565086555276618e-09,0.00021103949381416116,0.00026326051217875917,0.09288355438102006,0.00016339247262379014,5.912427361953779e-06,False,1e-24,False
UniGCN,random,7,20,restart,9387.726690633148,970.721399265802,938.5278713778001,1300.2497798389848,1205.127586652997,7.219940996102817,0.7465653248455159,0.7787788461339394,0.012788753142529129,0.014418053671617552,0.013424504091084201,0.015749149465103987,0.014617051373855222,0.8120281778305347,0.9154814171752073,0.9184139637831424,False,1e-24,False
UniGCN,random,7,21,base,13.600319427395835,0.0021367923565316503,5.9087157370140335e-05,16.468018960935833,20.514969592350102,0.8258625071817968,0.00012975406219778982,2.880197170371315e-06,1.8527502296168554e-05,3.173761998538116e-08,8.451701968973062e-10,0.00019946728392606394,0.00024882706842458405,0.09288491792486682,0.00015911190727971845,3.396616783890878e-06,False,1e-24,False
UniGCN,random,7,21,restart,9387.568202219005,970.7202326512554,938.5268144200011,1300.0966950105571,1204.9349208326842,7.220669230408879,0.7466523346891308,0.7789024935648983,0.012788537236243059,0.014418036343977345,0.013424488972583483,0.015747295239953458,0.014614714520708144,0.8121100824855595,0.9155881136588101,0.9185597812096714,False,1e-24,False
UniGCN,random,7,22,base,12.854815372670028,0.001987076085550855,3.2160230505948344e-05,15.565115445504965,19.3902945340702,0.8258734358685633,0.00012766214889364672,1.6585735946114903e-06,1.751191379036387e-05,2.9513895204874415e-08,4.6001313244273536e-10,0.00018853095258605828,0.00023518582969779645,0.0928861470764078,0.00015654668265362043,1.9559559903495555e-06,False,1e-24,False
UniGCN,random,7,22,restart,9387.432028023795,970.7194587468952,938.526134753193,1299.964122626841,1204.767595809174,7.221300853330157,0.746727884139879,0.7790101078563938,0.012788351728268199,0.014418024849232705,0.01342447925077327,0.015745689469801857,0.014612685027323487,0.8121811212392167,0.9156807567483509,0.9186866907533793,False,1e-24,False
UniGCN,random,7,23,base,12.150202217841022,0.0018594862220358407,1.7542705535906966e-05,14.711777501436224,18.327315946456363,0.8258826791429431,0.00012639439536482318,9.571890170474688e-07,1.6552030317501595e-05,2.761881232990617e-08,2.5092714816209035e-10,0.00017819497942631092,0.00022229291047783887,0.09288718666928755,0.00015499209023073178,1.1288130945008529e-06,False,1e-24,False
UniGCN,random,7,23,restart,9387.314493890404,970.7189375006552,938.5256959155413,1299.8490410537415,1204.6220360351251,7.221849766708634,0.7467935943651794,0.7791038747760175,0.012788191613357817,0.014418017107200573,0.013424472973732351,0.015744295555399006,0.014610919525712867,0.8122428576343966,0.915761334412728,0.9187972700901843,False,1e-24,False
UniGCN,random,7,24,base,11.484216318697666,0.0017467286563504613,9.588496125962519e-06,13.905257641001143,17.32263135425673,0.8258902218996088,0.00012561641800868504,5.535242267686033e-07,1.564476815050137e-05,2.5944032485594136e-08,1.37151819776392e-10,0.00016842608576794025,0.00021010704197615683,0.09288803500460696,0.00015403808957087665,6.527711707633108e-07,False,1e-24,False
UniGCN,random,7,24,restart,9387.212705265823,970.7185807800137,938.5254116264189,1299.748964136359,1204.495250589402,7.222327514223733,0.7468508208621845,0.7791856474047242,0.012788052948307652,0.014418011808855075,0.013424468907320897,0.015743083383434588,0.014609381738847712,0.8122965899909849,0.9158315088406509,0.9188937045586246,False,1e-24,False
UniGCN,random,7,25,base,10.85473151666255,0.0016446108594337047,5.250637136907456e-06,13.142972366818638,16.373034164510784,0.8258962442975922,0.00012513233791663187,3.2068809508065556e-07,1.478723085680988e-05,2.4427284345616245e-08,7.510400263524884e-11,0.00015919297924925683,0.0001985893312700773,0.09288871234488762,0.00015344448267011303,3.781874995747328e-07,False,1e-24,False
UniGCN,random,7,25,restart,9387.124331032677,970.7183324323822,938.525226946161,1299.6618178091092,1204.3847118674996,7.2227437956567195,0.7469007084233344,0.77925700791311,0.012787932557472991,0.01441800812016594,0.013424466265693564,0.015742027831990184,0.014608041009289495,0.8123434092452801,0.9158926838425712,0.9189778600126275,False,1e-24,False
UniGCN,random,7,26,base,10.259744439661638,0.0015506562544399995,2.8801646087971507e-06,12.422487209366208,15.475498619679058,0.8259009863923287,0.00012482655271086517,1.8611126397792806e-07,1.3976689274005615e-05,2.3031783495918856e-08,4.119726515636843e-11,0.0001504661725940675,0.00018770307879858357,0.09288924568921135,0.00015306951123196804,2.194810304660773e-07,False,1e-24,False
UniGCN,random,7,26,restart,9387.047459464033,970.7181562993816,938.5251066927301,1299.5858531338824,1204.2882669576898,7.223106835787467,0.7469442314707768,0.7793193145223123,0.01278782783653815,0.014418005504075413,0.013424464545613933,0.015741107717222418,0.014606871224266689,0.8123842404398853,0.9159460543110705,0.9190513382025031,False,1e-24,False
UniGCN,random,7,27,base,9.697364236067045,0.0014633469061366713,1.5823669037293458e-06,11.741505279771744,14.627167565398427,0.8259046864096427,0.00012463026428627717,1.08179994291755e-07,1.3210567524509789e-05,2.17349841559399e-08,2.263384138131767e-11,0.00014221784495847562,0.0001774136299968218,0.09288966183088329,0.00015282881105592637,1.275766770665993e-07,False,1e-24,False
UniGCN,random,7,27,restart,9386.980499676078,970.718028877122,938.5250282328946,1299.5195830621774,1204.204071010826,7.223423657500162,0.7469822244538478,0.7793737380783669,0.012787736618267011,0.014418003611481947,0.013424463423341047,0.01574030502740041,0.014605850007513866,0.8124198734399606,0.9159926434960044,0.9191155199070876,False,1e-24,False
UniGCN,random,7,28,base,9.165804708317593,0.0013817070665699865,8.706159362218441e-07,11.09785791936866,13.825341955999322,0.8259075557564014,0.00012450214055800325,6.297247033691286e-08,1.2486432299340741e-05,2.052239361296332e-08,1.2453106139954435e-11,0.00013442172867452354,0.0001676882480080065,0.09288998454687519,0.00015267169835804124,7.426343997201189e-08,False,1e-24,False
UniGCN,random,7,28,restart,9386.922112370992,970.7179347521432,938.5249769516258,1299.4617351139925,1204.130535838144,7.223700289679976,0.7470154053185637,0.7794212911462781,0.012787657078155119,0.014418002213450546,0.01342446268982463,0.01573960434973344,0.014604958095811917,0.8124509863154016,0.9160333317841451,0.9191715992443825,False,1e-24,False
UniGCN,random,7,29,base,8.66337779749061,0.0013050725871121087,4.796499677559511e-07,10.489496666421338,13.067471509574231,0.8259097717456314,0.0001244170839283326,3.670564480699444e-08,1.1801983982248073e-05,1.938414731618254e-08,6.8608116506708995e-12,0.00012705301194793292,0.00015849600033828997,0.09289023377961789,0.00015256739701791785,4.328697024547845e-08,False,1e-24,False
UniGCN,random,7,29,restart,9386.871159825318,970.7178637277036,938.5249433821659,1299.4112150432152,1204.0662893489377,7.223941929355392,0.7470443940222726,0.779462851575759,0.012787587666299609,0.01441800115852976,0.013424462209654178,0.015738992430271506,0.014604178847005635,0.8124781635770199,0.9160688794029138,0.9192206114626336,False,1e-24,False
UniGCN,random,7,30,base,8.18848787686496,0.0012329622294052006,2.6457761619162917e-07,9.914486105965047,12.35114618525387,0.8259114783506892,0.0001243596709125841,2.142130068118783e-08,1.1155048875922871e-05,1.831309746760178e-08,3.784462240593451e-12,0.00012008825225248365,0.00014980765548422838,0.09289042572182298,0.00015249699386996477,2.526214183354519e-08,False,1e-24,False
UniGCN,random,7,30,restart,9386.826668794236,970.717808995957,938.5249213764708,1299.3670782961333,1204.0101429134024,7.224153070819088,0.7470697274159541,0.7794991818802091,0.0127875270568643,0.014418000345603145,0.013424461894889371,0.015738457828199295,0.014603497844146046,0.812501910698793,0.916099944669914,0.9192634557939622,False,1e-24,False
UniGCN,random,7,31,base,7.739626573310331,0.0011650051666438751,1.4610617531635968e-07,9.37099735653525,11.674088295422022,0.8259127901591802,0.00012432029615624753,1.251542489820426e-08,1.0543572147257391e-05,1.7303736203907227e-08,2.0898718174322414e-12,0.00011350529743865375,0.00014159558726145044,0.09289057326118086,0.00015244871027503704,1.4759441716028757e-08,False,1e-24,False
UniGCN,random,7,31,restart,9386.787802279205,970.7177659656826,938.5249069328664,1299.3285071445273,1203.9610646686442,7.224337610284641,0.7470918713997765,0.7795309453725304,0.012787474109619175,0.01441799970647764,0.01342446168829111,0.01573799063886298,0.014602902571717704,0.8125226658886251,0.9161270988987764,0.9193009144833337,False,1e-24,False
UniGCN,random,7,32,base,7.315367969314465,0.001100899670221372,8.076626582147503e-08,8.857302050262694,11.034145141337179,0.8259137972039129,0.0001242928900893383,7.319666796741748e-09,9.96561129114184e-06,1.6351581972255997e-08,1.1552635771490337e-12,0.00010728321281810438,0.00013383368548175242,0.09289068652369918,0.00015241510337670104,8.632083716371604e-09,False,1e-24,False
UniGCN,random,7,32,restart,9386.753837522449,970.7177315052405,938.5248974416761,1299.2947920549636,1203.9181573881522,7.224498931975527,0.7471112309855057,0.7795587197370333,0.012787427839962631,0.014417999194639224,0.013424461552531132,0.01573758226810761,0.014602382147216422,0.8125408097707933,0.9161508387382646,0.9193336687939075,False,1e-24,False
UniGCN,random,7,33,base,6.914364107032931,0.0010403892309189884,4.468889590666066e-08,8.37176671937398,10.429282101954826,0.8259145696250326,0.000124273557278097,4.2849445886869185e-09,9.419330005701752e-06,1.545282486005595e-08,6.392205114210235e-13,0.000101402213170712,0.00012649727212708589,0.0928907733980538,0.0001523913963696326,5.053235541544553e-09,False,1e-24,False
UniGCN,random,7,33,restart,9386.724148484298,970.7177034507339,938.5248911981043,1299.2653162951942,1203.8806399314126,7.224639979808117,0.7471281587187277,0.7795830085377684,0.012787387395050625,0.014417998777947697,0.013424461463224402,0.015737225245823577,0.01460192709615075,0.8125566734481485,0.9161715965000893,0.9193623125788144,False,1e-24,False
UniGCN,random,7,34,base,6.535340750638452,0.0009832485095458722,2.4748139572496935e-08,7.912847533592329,9.857576128587125,0.8259151617535961,0.00012425975672748622,2.5105704738842385e-09,8.902992419412806e-06,1.4604117920850063e-08,3.5399215203910514e-13,9.58435990018451e-05,0.00011956302244596744,0.0928908399948693,0.00015237447333930895,2.960715987244971e-09,False,1e-24,False
UniGCN,random,7,34,restart,9386.698191628871,970.7176802847482,938.5248870867822,1299.2395430677757,1203.8478315562459,7.224763317674982,0.7471429617918502,0.7796042510402051,0.012787352034432731,0.014417998433865013,0.01342446140441692,0.01573691307010388,0.01460152916176553,0.81257054528219,0.9161897488812805,0.9193873638638621,False,1e-24,False
UniGCN,random,7,35,base,6.177093380860014,0.0009292748842106382,1.3715973620250632e-08,7.4790853506641914,9.317209610907453,0.8259156155119218,0.00012424980337042316,1.4721117365647374e-09,8.414957634524133e-06,1.380245162656237e-08,1.9619038453055897e-13,9.058969659234732e-05,0.00011300889055394786,0.09289089102915705,0.00015236226795938237,1.7360615042663583e-09,False,1e-24,False
UniGCN,random,7,35,restart,9386.675494211851,970.7176609254145,938.5248843769705,1299.217004655004,1203.8191385582343,7.224871180549551,0.7471559080949531,0.7796228306363395,0.012787321114096764,0.01441799814632225,0.013424461365656348,0.015736640075763135,0.014601181142990879,0.8125826766408173,0.9162056243840897,0.9194092747832662,False,1e-24,False
UniGCN,random,7,36,base,5.838483404410062,0.0008782832214256983,7.607155163050363e-09,7.069101052429879,8.80646458727034,0.8259159631624146,0.00012424256138251184,8.638148814050115e-10,7.953674563220322e-06,1.3045076203094471e-08,1.0881113787059078e-13,8.562380150714488e-05,0.00010681403921029988,0.09289093012947605,0.00015235338741653425,1.0186969678804013e-09,False,1e-24,False
UniGCN,random,7,36,restart,9386.6556445051,970.7176445871856,938.5248825893188,1299.197293191765,1203.7940428284253,7.224965518089023,0.7471672313928575,0.7796390821009281,0.012787294073151925,0.014417997903651737,0.013424461340086156,0.01573640132257468,0.014600876755657998,0.8125932868023574,0.9162195096644095,0.9194284401369275,False,1e-24,False
UniGCN,random,7,37,base,5.518434565368893,0.0008301025300019544,4.221844598134247e-09,6.681591144882875,8.323717276828145,0.8259162294890208,0.00012423725307372213,5.072066310910349e-10,7.51767703890653e-06,1.2329451930869101e-08,6.03883718406485e-14,8.093012530139144e-05,0.0001009587734977942,0.09289096008328161,0.0001523468780624404,5.981488259855683e-10,False,1e-24,False
UniGCN,random,7,37,restart,9386.63828355283,970.7176306884222,938.5248814090199,1299.1800527751584,1203.7720920107497,7.225048032027722,0.747177135774897,0.7796532978608369,0.012787270422598364,0.014417997697214423,0.01342446132320341,0.015736192499699115,0.014600610513118025,0.8126025671612029,0.9162316549883404,0.9194452047838755,False,1e-24,False
UniGCN,random,7,38,base,5.215929547767792,0.0007845737326519971,2.3444531801808777e-09,6.315323604368737,7.867432913810523,0.8259164335077906,0.00012423333811576248,2.979946833820998e-10,7.105579187960681e-06,1.1653216046616034e-08,3.353456223147602e-14,7.649374520795469e-05,9.542447816742284e-05,0.09289098302931262,0.00015234207731541693,3.51425157103185e-10,False,1e-24,False
UniGCN,random,7,38,restart,9386.623098162127,970.7176187896682,938.5248806291024,1299.1649726852404,1203.7528910062301,7.2251202083758015,0.7471857994934198,0.7796657334252209,0.012787249735778279,0.014417997520483105,0.013424461312047635,0.015736009843571232,0.01460037762319616,0.812610684849207,0.916242278939182,0.91945987004608,False,1e-24,False
UniGCN,random,7,39,base,4.930006759724828,0.0007415481140582424,1.3026187641807874e-09,5.969133954475096,7.4361608663102245,0.8259165897975488,0.00012423043605886902,1.751735589909499e-10,6.716071048811976e-06,1.1014159692642078e-08,1.8632383184525277e-14,7.230055661912667e-05,9.019355843391354e-05,0.09289100060725233,0.00015233851864604247,2.065821939842584e-10,False,1e-24,False
UniGCN,random,7,39,restart,9386.609814904445,970.7176085521226,938.5248801133556,1299.151781538645,1203.7360946197766,7.2251833452342655,0.7471933782844504,0.7796766120981085,0.012787231640204236,0.01441799736842559,0.013424461304670503,0.015735850067086308,0.014600173899004296,0.8126177858640435,0.9162515724894211,0.9194726992660015,False,1e-24,False
UniGCN,random,7,40,base,4.659757290109094,0.0007008861877419825,7.241166950859258e-10,5.641921559818818,7.02853002337935,0.8259167095294985,0.00012422827582957223,1.0302533996116689e-10,6.3479144260522275e-06,1.0410211086520268e-08,1.0357611992207181e-14,6.83372281954799e-05,8.524938402559494e-05,0.09289101407352816,0.00015233586964840995,1.214977927476573e-10,False,1e-24,False
UniGCN,random,7,40,restart,9386.598194956563,970.7175997094582,938.5248797720524,1299.1402422318745,1203.7214011823257,7.225238576884308,0.74720000824684,0.7796861290745595,0.012787215810531102,0.014417997237086146,0.013424461299788573,0.015735710298351198,0.01459999568158362,0.8126239977785408,0.9162597025313105,0.9194839226371923,False,1e-24,False
UniGCN,random,7,41,base,4.404322029119749,0.0006624568291189282,4.0271338135211735e-10,5.332646124156137,6.643244435398209,0.8259168012609704,0.00012422666227899351,6.061998550080114e-11,5.999938967845752e-06,9.839422644427504e-09,5.760326997598135e-15,6.459115944956564e-05,8.057623630621746e-05,0.09289102439058478,0.0001523338910197202,7.148915439171056e-11,False,1e-24,False
UniGCN,random,7,41,restart,9386.588029646367,970.7175920485091,938.524879546033,1299.1301475574755,1203.7085470096429,7.225286894692042,0.7472058083430497,0.7796944550054062,0.01278720196248812,0.014417997123298632,0.01342446129655564,0.015735588027585706,0.014599839772695172,0.8126294320918394,0.9162668149434748,0.919493741408194,False,1e-24,False
UniGCN,random,7,42,base,4.162888944496836,0.0006261365828860781,2.2405894293465862e-10,5.040324381199963,6.279079193651443,0.8259168715458283,0.00012422545366753005,3.568340771385664e-11,5.671038455353995e-06,9.299960693812558e-09,3.2048917115851083e-15,6.105044066375926e-05,7.615925829813076e-05,0.0928910322955365,0.00015233240895070555,4.2081445948952584e-11,False,1e-24,False
UniGCN,random,7,42,restart,9386.579136595652,970.7175853958719,938.524879396257,1299.1213163966504,1203.6973015816438,7.225329165278451,0.7472108825743341,0.7797017391025522,0.012787189847624317,0.014417997024487499,0.013424461294413275,0.015735481061005946,0.014599703376349587,0.8126341862729713,0.9162730372582445,0.9195023315446179,False,1e-24,False
UniGCN,random,7,43,base,3.934690505389528,0.0005918090884556744,1.247071057354951e-10,4.76402696732383,5.9348765358985895,0.8259169254030947,0.00012422454627458173,2.1012586358144584e-11,5.360167293311569e-06,8.790096939408819e-09,1.7837840539308927e-15,5.770381501118982e-05,7.198440744655893e-05,0.09289103835287381,0.00015233129625318986,2.4780144995361255e-11,False,1e-24,False
UniGCN,random,7,43,restart,9386.571356372344,970.7175796084895,938.5248792969427,1299.1135904077382,1203.6874633441162,7.225366146332351,0.747215321874834,0.7797081118461666,0.012787179248747872,0.014417996938527933,0.013424461292992705,0.01573538748071389,0.014599584047885975,0.8126383455393461,0.9162784809843025,0.9195098469217395,False,1e-24,False
UniGCN,random,7,44,base,3.7190012462163633,0.0005593645882610536,6.943336037326285e-11,4.502875466019909,5.609542165495431,0.8259169666763153,0.0001242238637249002,1.2377723230311177e-11,5.066337191311172e-06,8.30820116013718e-09,9.93160095523018e-16,5.4540642757024115e-05,6.803841097404345e-05,0.092891042994881,0.00015233045927144298,1.4597050126610203e-11,False,1e-24,False
UniGCN,random,7,44,restart,9386.564549579736,970.7175745669194,938.5248792310481,1299.1068311427262,1203.6788560494194,7.225398500385903,0.7472192057623563,0.7797136873462824,0.012787169975960837,0.014417996863645864,0.013424461292050162,0.015735305609771398,0.014599479649588099,0.8126419844060855,0.9162832436309656,0.9195164221095311,False,1e-24,False
UniGCN,random,7,45,base,3.515135463167455,0.0005286994964747414,3.8670509398254394e-11,4.256039614591642,5.302041772329302,0.8259169983089373,0.00012422334948718964,7.293512774658054e-12,4.788614025784604e-06,7.85273480330758e-09,5.531347842223023e-16,5.155086742480188e-05,6.43087236826976e-05,0.0928910465526082,0.00015232982868353278,8.60124027575942e-12,False,1e-24,False
UniGCN,random,7,45,restart,9386.558594322236,970.717570170447,938.5248791873013,1299.1009175341953,1203.6713255648197,7.225426806824776,0.7472226037781207,0.7797185654039742,0.012787161863206751,0.01441799679834538,0.013424461291424416,0.015735233981761094,0.014599388311972493,0.8126451680368092,0.9162874104736838,0.9195221748034089,False,1e-24,False
UniGCN,random,7,46,base,3.322445036319094,0.000499716013463543,2.154339589235499e-11,4.022734664119281,5.011397744488594,0.825917022555226,0.00012422296153926138,4.298879672053143e-12,4.526114873103578e-06,7.422245258148754e-09,3.0815217652321186e-16,4.872498381927425e-05,6.078348806988518e-05,0.09289104927959305,0.00015232935295943022,5.0696691866205035e-12,False,1e-24,False
UniGCN,random,7,46,restart,9386.55338399669,970.717566333461,938.524879158242,1299.0957437035443,1203.6647370871922,7.225451572365952,0.7472255767431567,0.7797228333110636,0.012787154765261807,0.01441799674135491,0.01342446129100876,0.015735171314238672,0.014599308400005475,0.8126479534220755,0.9162910560947083,0.919527207946626,False,1e-24,False
UniGCN,random,7,47,base,3.140317370653519,0.00047232177615351146,1.2004937664297658e-11,3.8022188842504994,4.736686060201509,0.8259170411417659,0.00012422266853440668,2.5344592214302124e-12,4.2780052046631745e-06,7.015360662704791e-09,1.7171608825104392e-16,4.6054007803421764e-05,5.745149663039386e-05,0.09289105137002482,0.00015232899365999494,2.9888879893896455e-12,False,1e-24,False
UniGCN,random,7,47,restart,9386.548825365826,970.7175629827204,938.5248791389289,1299.091217048316,1203.6589727112855,7.225473240203362,0.7472281778552101,0.779726567422056,0.012787148555110327,0.014417996691586606,0.013424461290732508,0.01573511648556585,0.01459923848360849,0.8126503904079927,0.9162942457281799,0.9195316115840576,False,1e-24,False
UniGCN,random,7,48,base,2.968173449596858,0.0004464295375515398,6.691246659876389e-12,3.593791204846017,4.477033350157051,0.8259170553911006,0.00012422244702184026,1.4945715469467443e-12,4.043496235247047e-06,6.630785143792867e-09,9.571017643631041e-17,4.352944773311553e-05,5.4302156225182967e-05,0.09289105297265028,0.00015232872202852282,1.7625483606841417e-12,False,1e-24,False
UniGCN,random,7,48,restart,9386.544836876772,970.7175600552447,938.5248791260863,1299.087256572318,1203.6539293059107,7.225492197994045,0.7472304536467498,0.7797298345275111,0.012787143121654115,0.014417996648105023,0.01342446129054881,0.01573506851468409,0.014599177311898307,0.8126525225944236,0.9162970364348931,0.9195354644818167,False,1e-24,False
UniGCN,random,7,49,base,2.8054659950031144,0.00042195687065521364,3.730322354078733e-12,3.396788986956744,4.231614120865467,0.8259170663163836,0.00012422227941608286,8.815365124350686e-13,3.821842416402399e-06,6.267294419198022e-09,5.3357741661818204e-17,4.1143277458293905e-05,5.13254544033866e-05,0.09289105420141901,0.0001523285165006859,1.039596088959273e-12,False,1e-24,False
UniGCN,random,7,49,restart,9386.541347192782,970.7175574966615,938.5248791175421,1299.0837914271724,1203.649516658522,7.225508784834222,0.7472324448219247,0.7797326930542055,0.012787138367712232,0.014417996610102575,0.013424461290426596,0.015735026543449285,0.014599123790682556,0.8126543881195868,0.9162994781286209,0.9195388355426062,False,1e-24,False
UniGCN,random,7,50,base,2.651677727818911,0.0003988258932881462,2.08002959467925e-12,3.2105859160277985,3.9996481302287545,0.8259170746938367,0.0001242221525040456,5.200531464152286e-13,3.612339066970798e-06,5.923731710672597e-09,2.9752303213281326e-17,3.888791080460029e-05,4.851192757048011e-05,0.09289105514363279,0.0001523283608738334,6.132987226709547e-13,False,1e-24,False
UniGCN,random,7,50,restart,9386.538293910571,970.7175552598825,938.5248791118551,1299.0807596381433,1203.645655853881,7.225523297354642,0.7472341869879392,0.7797351941141298,0.012787134208273663,0.014417996576879862,0.01342446129034525,0.015734989821198447,0.014599076962794449,0.8126560203456006,0.9163016144729685,0.9195417850428016,False,1e-24,False
UniGCN,random,7,51,base,2.5063197239607047,0.0003769630112728415,1.1600290963343735e-12,3.0345900106186887,3.780397906976637,0.825917081118223,0.00012422205634163633,3.06853702937875e-13,3.414320133325423e-06,5.599003929301629e-09,1.6592810745892852e-17,3.675617745419925e-05,4.585263090139788e-05,0.09289105586618478,0.00015232824295394643,3.618725996677106e-13,False,1e-24,False
UniGCN,random,7,51,restart,9386.535622439527,970.717553304032,938.524879108068,1299.0781069906761,1203.6422778569895,7.225535995047677,0.7472357112943011,0.779737382421506,0.012787130568970472,0.014417996547829758,0.013424461290291081,0.01573495769126304,0.014599035990905123,0.8126574484576231,0.9163034836652575,0.9195443657138885,False,1e-24,False
UniGCN,random,7,52,base,2.368929860221952,0.00035629867795022564,6.470495566478443e-13,2.8682417402998044,3.573166406081164,0.825917086045313,0.0001242219834346959,1.8108576067060075e-13,3.2271560722547317e-06,5.292078103664104e-09,9.255259950459761e-18,3.47413001489802e-05,4.333910990294242e-05,0.09289105642033556,0.00015232815355125526,2.135544539605645e-13,False,1e-24,False
UniGCN,random,7,52,restart,9386.533285022088,970.717551593558,938.5248791055449,1299.0757860571869,1203.6393222743538,7.225547104923778,0.7472370449916352,0.779739297094533,0.012787127384743276,0.014417996522424214,0.01342446129025499,0.01573492957918105,0.014599000142498942,0.812658697987564,0.916305119121774,0.9195466236879627,False,1e-24,False
UniGCN,random,7,53,base,2.2390713453017668,0.0003367671684702618,3.609684137677801e-13,2.7110122467350863,3.377294792695674,0.8259170898244059,0.0001242219281288145,1.0688093161084822e-13,3.0502518498057845e-06,5.00197802738803e-09,5.163215814000131e-18,3.2836873143593596e-05,4.096337353507185e-05,0.09289105684537088,0.00015232808573199686,1.260446923293442e-13,False,1e-24,False
UniGCN,random,7,53,restart,9386.531239877379,970.7175500974981,938.5248791038631,1299.0737553462961,1203.6367362709857,7.22555682558239,0.7472382119202557,0.779740972356434,0.012787124598674648,0.014417996500203346,0.013424461290230935,0.015734904982392158,0.014598968776737754,0.8126597912719419,0.916306550076885,0.9195485993244743,False,1e-24,False
UniGCN,random,7,54,base,2.1163313313082015,0.00031830636757237897,2.0139937885684555e-13,2.562401662290572,3.1921603475726066,0.8259170927232301,0.00012422188615341428,6.309187413157184e-14,2.8830450497568998e-06,4.727781107068735e-09,2.880774101504742e-18,3.103684183975985e-05,3.871786880561016e-05,0.0928910571714022,0.00015232803425934256,7.440425287786815e-14,False,1e-24,False
UniGCN,random,7,54,restart,9386.529450452446,970.7175487888551,938.5248791027421,1299.0719785589902,1203.6344736234485,7.225565330771399,0.7472392329373729,0.7797424381485067,0.01278712216096907,0.014417996480766167,0.013424461290214901,0.015734883461228085,0.014598941332975235,0.8126607478522154,0.9163078021069033,0.9195503279331984,False,1e-24,False
UniGCN,random,7,55,base,2.0003196013387616,0.0003008575697872019,1.1238261003968333e-13,2.421937520819927,3.017174487300926,0.8259170949470118,0.0001242218542802661,3.7247633676041536e-14,2.725004085729127e-06,4.468615394679821e-09,1.6074970752116712e-18,2.933548353706308e-05,3.659545675761023e-05,0.09289105742151137,0.00015232799517465179,4.3926137767835986e-14,False,1e-24,False
UniGCN,random,7,55,restart,9386.527884767534,970.7175476440716,938.5248791019943,1299.070423938204,1203.632493891786,7.225572772499705,0.7472401262906807,0.7797437206662631,0.01278712002806102,0.014417996463762782,0.013424461290204205,0.01573486463103445,0.014598917320713183,0.8126615848248554,0.9163088975882029,0.9195518404065046,False,1e-24,False
UniGCN,random,7,56,base,1.8906673289779035,0.0002843652911480471,6.271731089534572e-14,2.289173255571985,2.8517808930689883,0.8259170966530847,0.0001242218300672022,2.1992331545447557e-14,2.5756265112691054e-06,4.223656790937848e-09,8.97095144825428e-19,2.7727389239001762e-05,3.45893897730272e-05,0.09289105761339371,0.0001523279654831977,2.5935558583487437e-14,False,1e-24,False
UniGCN,random,7,56,restart,9386.52651484347,970.7175466425765,938.5248791014952,1299.0690637000355,1203.6307616953368,7.225579283759226,0.7472409079450778,0.779744842828348,0.012787118161834907,0.014417996448887648,0.013424461290197065,0.015734848155281443,0.014598896310817826,0.8126623171474888,0.9163098560978622,0.919553163772353,False,1e-24,False
UniGCN,random,7,57,base,1.7870259057765239,0.0002687770916189906,3.500408804292195e-14,2.1636867794430605,2.6954537420037656,0.8259170979620765,0.00012422181166544567,1.2986343448394839e-14,2.4344374225427228e-06,3.992126407839454e-09,5.006910689258755e-19,2.620744645643243e-05,3.269329012054556e-05,0.09289105776061628,0.0001523279429179036,1.5314796004921647e-14,False,1e-24,False
UniGCN,random,7,57,restart,9386.525316200905,970.7175457664001,938.5248791011621,1299.0678735363058,1203.629246079369,7.225584980905598,0.7472415918684259,0.7797458246866781,0.0127871165289429,0.014417996435873865,0.013424461290192301,0.015734833739538594,0.01459887792783771,0.8126629579066571,0.9163106947640781,0.9195543216779706,False,1e-24,False
UniGCN,random,7,58,base,1.68906583299215,0.00025404340753754133,1.9538409944637038e-14,2.0450791430590014,2.5476960354634297,0.8259170989664824,0.00012422179767456173,7.669050653086632e-15,2.3009879485701213e-06,3.773288079944691e-09,2.7947328175774026e-19,2.4770822953718533e-05,3.090112967935818e-05,0.092891057873582,0.00015232792576147557,9.044112129804342e-15,False,1e-24,False
UniGCN,random,7,58,restart,9386.524267422285,970.7175449998367,938.5248791009395,1299.0668321794844,1203.6279199611017,7.225589965740426,0.7472421902814915,0.7797466837851936,0.0127871151002082,0.014417996424488155,0.013424461290189116,0.015734821126205,0.014598861843284459,0.8126635185520065,0.9163114285726588,0.9195553348129277,False,1e-24,False
UniGCN,random,7,59,base,1.5964756740710329,0.00024011739344192783,1.0906746592495277e-14,1.9329732664197847,2.408038018968559,0.8259170997372322,0.00012422178703312776,4.529308302684935e-15,2.1748538242084492e-06,3.5664460150493247e-09,1.5600779552388142e-19,2.3412951385898565e-05,2.9207210774434764e-05,0.09289105796026839,0.00015232791271233608,5.341413691595499e-15,False,1e-24,False
UniGCN,random,7,59,restart,9386.523349768708,970.7175443291579,938.5248791007907,1299.065921022141,1203.6267596451453,7.22559432733262,0.7472427138765757,0.7797474354736744,0.012787113850103095,0.014417996414526612,0.013424461290186988,0.01573481008989997,0.014598847769755537,0.8126640091011348,0.9163120706351197,0.9195562212792212,False,1e-24,False
UniGCN,random,7,60,base,1.5089610645452116,0.0002269547727111202,6.088825829358608e-15,1.8270127400735854,2.2760356887485877,0.8259171003287237,0.00012422177893624283,2.675189084010529e-15,2.0556340413501274e-06,3.370942575752047e-09,8.70932763415184e-20,2.2129514778023086e-05,2.760614806235074e-05,0.09289105802679355,0.00015232790278346927,3.154850729077129e-15,False,1e-24,False
UniGCN,random,7,60,restart,9386.522546844786,970.7175437423595,938.5248791006918,1299.0651237840752,1203.6257443996394,7.2255981436116,0.7472431720087559,0.7797480931822557,0.012787112756292403,0.014417996405810938,0.013424461290185574,0.01573480043343115,0.014598835455793198,0.812664438318779,0.9163126324231958,0.9195569969150107,False,1e-24,False
UniGCN,random,7,61,base,1.4262437761992002,0.00021451369649370093,3.399392131298705e-15,1.7268606920084608,2.151269380155461,0.8259171007826798,0.00012422177277323184,1.5801796663201e-15,1.942949574051773e-06,3.1861561841353526e-09,4.862418577599033e-20,2.0916432800490085e-05,2.6092851410087544e-05,0.09289105807785009,0.0001523278952260301,1.8635060236150396e-15,False,1e-24,False
UniGCN,random,7,61,restart,9386.521844305465,970.7175432289434,938.5248791006254,1299.0644262211326,1203.6248560854726,7.225601482760985,0.7472435728631857,0.7797486686615736,0.012787111799234082,0.014417996398185208,0.013424461290184623,0.0157347919842676,0.014598824681387271,0.8126648138735644,0.9163131239739942,0.9195576755778224,False,1e-24,False
UniGCN,random,7,62,base,1.3480608325328232,0.0002027546104421923,1.8979977496711997e-15,1.6321987166588963,2.033342433456753,0.8259171011311036,0.00012422176808056198,9.334373386604329e-16,1.8364421735430645e-06,3.0114993423802893e-09,2.714855821801471e-20,1.9769848796740515e-05,2.466250971237215e-05,0.09289105811703738,0.00015232788947160792,1.1008027380277286e-15,False,1e-24,False
UniGCN,random,7,62,restart,9386.52122959953,970.7175427797281,938.5248791005808,1299.0638158704878,1203.6240788319246,7.225604404437767,0.7472439236014448,0.7797491721928551,0.012787110961829806,0.014417996391513045,0.013424461290183987,0.015734784591454557,0.014598815254041015,0.8126651424751242,0.9163135540694565,0.9195582693923083,False,1e-24,False
UniGCN,random,7,63,base,1.2741636727093333,0.0001916401288043062,1.0597768032904907e-15,1.542725862622,1.9218799327665126,0.8259171013985458,0.00012422176450623362,5.514271652573845e-16,1.7357732292863483e-06,2.846416762653034e-09,1.5158823158361298e-20,1.8686117522068805e-05,2.3310575596107712e-05,0.09289105814711665,0.00015232788508856053,6.502981059331905e-16,False,1e-24,False
UniGCN,random,7,63,restart,9386.520691745245,970.7175423866823,938.5248791005512,1299.0632818278075,1203.6233987529117,7.225606960838911,0.7472442304895753,0.779749612771709,0.012787110229119332,0.014417996385675164,0.013424461290183562,0.01573477812291434,0.014598807005329444,0.8126654299940616,0.9163139303933646,0.9195587889669906,False,1e-24,False
UniGCN,random,7,64,base,1.2043173613317193,0.00018113491545309438,5.917730828859084e-16,1.4581576758648847,1.816527514104612,0.8259171016038416,0.0001242217617828311,3.2577160449870776e-16,1.6406226924672706e-06,2.6903836000544507e-09,8.464596965599822e-21,1.7661793554564985e-05,2.2032750963267145e-05,0.0928910581702063,0.00015232788174896747,3.841824826918773e-16,False,1e-24,False
UniGCN,random,7,64,restart,9386.520221134046,970.7175420427809,938.5248791005312,1299.0628145523115,1203.6228036987463,7.225609197634426,0.7472444990100912,0.779749998268921,0.012787109588013061,0.014417996380567222,0.013424461290183275,0.015734772463085172,0.014598799787888401,0.8126656815668911,0.9163142596686927,0.9195592435838876,False,1e-24,False
UniGCN,random,7,65,base,1.1382998415355752,0.00017120557146511458,3.304578566168784e-16,1.3782252953812342,1.7169502387951558,0.8259171017614412,0.0001242217597071145,1.9246792897665584e-16,1.5506880584948817e-06,2.5429037828268453e-09,4.726799260177128e-21,1.6693620341342474e-05,2.082497332628741e-05,0.09289105818793157,0.00015232787920360416,2.2697744607482777e-16,False,1e-24,False
UniGCN,random,7,65,restart,9386.5198093588,970.7175417418772,938.5248791005183,1299.062405696224,1203.6222830389625,7.225611154783712,0.7472447339599728,0.7797503355711282,0.01278710902705809,0.01441799637609792,0.013424461290183091,0.01573476751085543,0.014598793472780446,0.8126659016878547,0.9163145477777751,0.9195596413644112,False,1e-24,False
UniGCN,random,7,66,base,1.0759012290244268,0.0001618205288801639,1.8454199458876967e-16,1.302674598421838,1.6228315286222397,0.8259171018824332,0.00012422175812455848,1.1371605205713689e-16,1.4656834052770124e-06,2.403508434375087e-09,2.639649643752047e-21,1.5778519845225755e-05,1.9683402892521684e-05,0.09289105820153956,0.00015232787726298278,1.34105350490739e-16,False,1e-24,False
UniGCN,random,7,66,restart,9386.51944906357,970.7175414785941,938.5248791005092,1299.0620479555705,1203.6218274723108,7.22561286724974,0.7472449395364014,0.7797506307038952,0.012787108536233535,0.014417996372187396,0.013424461290182961,0.01573476317775643,0.014598787947190271,0.8126660942892443,0.9163147998674367,0.91955998941451,False,1e-24,False
UniGCN,random,7,67,base,1.0169231448034408,0.00015294995029835323,1.0306018944754199e-16,1.2312653925815202,1.5338721593576707,0.8259171019753256,0.0001242217569176311,6.718955606489384e-17,1.385338484213848e-06,2.271754381989324e-09,1.4741511435727047e-21,1.4913582758981597e-05,1.8604410356687903e-05,0.0928910582119872,0.0001523278757829789,7.923664955297967e-17,False,1e-24,False
UniGCN,random,7,67,restart,9386.51913381215,970.7175412482278,938.5248791005033,1299.0617349396375,1203.6214288605315,7.2256143656238985,0.747245119411768,0.7797508889393941,0.01278710810677146,0.014417996368765782,0.013424461290182876,0.015734759386381275,0.014598783112408528,0.8126662628116793,0.9163150204409753,0.9195602939516573,False,1e-24,False
UniGCN,random,7,68,base,0.9611780844903796,0.00014456563399070117,5.755747776772426e-17,1.1637706521738678,1.44978930946087,0.8259171020466489,0.00012422175599690499,3.9700580899667436e-17,1.3093978610201133e-06,2.1472227474596055e-09,8.2328998352598015e-22,1.409605925598193e-05,1.7584565362503415e-05,0.09289105822000894,0.00015232787465393148,4.681889865083211e-17,False,1e-24,False
UniGCN,random,7,68,restart,9386.518857973047,970.7175410466625,938.5248791004993,1299.0614610567661,1203.6210800829172,7.225615676672651,0.7472452767992971,0.7797511148906137,0.012787107731000169,0.014417996365771948,0.01342446129018282,0.015734756069001533,0.014598778882067802,0.8126664102655892,0.916315213438632,0.9195605604159509,False,1e-24,False
UniGCN,random,7,69,base,0.9084888221988818,0.0001366409242182643,3.214595225602404e-17,1.0999757964659862,1.3703156609265401,0.8259171021014138,0.00012422175529431257,2.3458793599635668e-17,1.237620103644596e-06,2.0295176150525054e-09,4.598088993769225e-22,1.332335024789228e-05,1.66206255968224e-05,0.09289105822616836,0.00015232787379237218,2.766495741681532e-17,False,1e-24,False
UniGCN,random,7,69,restart,9386.518616618883,970.7175408702968,938.5248791004967,1299.06122141443,1203.620774909068,7.225616823815857,0.7472454145104651,0.7797513125937869,0.012787107402207168,0.014417996363152403,0.013424461290182783,0.01573475316635696,0.014598775180599276,0.8126665392850103,0.9163153823080009,0.9195607935673211,False,1e-24,False
UniGCN,random,7,70,base,0.858687847099019,0.00012915062647232052,1.7954086568849293e-17,1.0396780074785998,1.2951985494215164,0.8259171021434671,0.00012422175475802674,1.3862034185313327e-17,1.1697770147054112e-06,1.9182647725797885e-09,2.56811455414065e-22,1.2592999121591573e-05,1.570952648160424e-05,0.0928910582308981,0.0001523278731347476,1.634749817028474e-17,False,1e-24,False
UniGCN,random,7,70,restart,9386.518405438313,970.7175407159805,938.524879100495,1299.061011731812,1203.6205078875641,7.225617827545221,0.7472455350052356,0.779751485580509,0.012787107114519183,0.014417996360860353,0.013424461290182758,0.015734750626596565,0.014598771941882412,0.8126666521746485,0.9163155300656312,0.9195609975705781,False,1e-24,False
UniGCN,random,7,71,base,0.8116168308639127,0.00012207092736443706,1.002793897076814e-17,0.9826855851826103,1.2241991610088805,0.8259171021757602,0.00012422175434857212,8.191427743263579e-18,1.1056529060008622e-06,1.8131105215314749e-09,1.4343751724772047e-22,1.1902683929052939e-05,1.4848371430941025e-05,0.09289105823453012,0.00015232787263265074,9.66015147956398e-18,False,1e-24,False
UniGCN,random,7,71,restart,9386.518220659036,970.7175405809566,938.5248791004938,1299.0608282633148,1203.6202742485636,7.225618705790445,0.7472456404360117,0.7797516369408347,0.012787106862797265,0.014417996358854853,0.013424461290182741,0.01573474840435217,0.01459876910806356,0.8126667509510608,0.9163156593509236,0.9195611760698239,False,1e-24,False
UniGCN,random,7,72,base,0.7671261243093894,0.0001153793189105219,5.601061847383101e-18,0.9288173380421245,1.157091772905556,0.82591710220056,0.0001242217540358717,4.8406375177297795e-18,1.0450439127895222e-06,1.7137205524724118e-09,8.011640354827787e-23,1.1250210005355195e-05,1.4034422642169355e-05,0.09289105823731936,0.00015232787224919947,5.708564263096325e-18,False,1e-24,False
UniGCN,random,7,72,restart,9386.518058980379,970.7175404628128,938.524879100493,1299.060667731639,1203.6200698185758,7.225619474239561,0.7472457326860923,0.7797517693784873,0.012787106642544961,0.014417996357100072,0.013424461290182729,0.0157347464599278,0.01459876662852225,0.8126668373786834,0.9163157724732878,0.9195613322535596,False,1e-24,False
UniGCN,random,7,73,base,0.7250742816264168,0.00010905452696726695,3.1285164162202286e-18,0.877902006966341,1.0936630358595802,0.8259171022196062,0.00012422175379700224,2.8605853116004108e-18,9.877573456595266e-07,1.6197788821140205e-09,4.4749636861520677e-23,1.0633502991355879e-05,1.3265092391789199e-05,0.09289105823946149,0.00015232787195628396,3.3734885170660193e-18,False,1e-24,False
UniGCN,random,7,73,restart,9386.51791751432,970.7175403594392,938.5248791004925,1299.0605272692283,1203.6198909459,7.225620146619217,0.7472458134033192,0.7797518852591621,0.012787106449827963,0.014417996355564672,0.013424461290182722,0.015734744758590463,0.014598764458966827,0.812666913001355,0.9163158714534021,0.9195614689116498,False,1e-24,False
UniGCN,random,7,74,base,0.6853276106937939,0.00010307644359284062,1.747491383357349e-18,0.8297777208389031,1.0337112958655712,0.8259171022342338,0.00012422175361448678,1.6905023581986682e-18,9.336110779265904e-07,1.530986848672629e-09,2.4995746999581354e-23,1.0050602238843307e-05,1.2537934808517672e-05,0.09289105824110665,0.000152327871732473,1.9936095841398413e-18,False,1e-24,False
UniGCN,random,7,74,restart,9386.517793733909,970.7175402689891,938.524879100492,1299.0604043670382,1203.6197344353823,7.22562073493992,0.7472458840295169,0.7797519866527892,0.012787106281203846,0.014417996354221222,0.013424461290182715,0.015734743269949596,0.014598762560643111,0.8126669791698996,0.9163159580593151,0.9195615884851636,False,1e-24,False
UniGCN,random,7,75,base,0.6477597480414645,9.742606311634181e-05,9.761114528715726e-19,0.7842914818937183,0.9770459530619763,0.825917102245469,0.00012422175347499734,9.990435453036012e-19,8.824329666131818e-07,1.4470621623137653e-09,1.3962091688541544e-23,9.49965457720105e-06,1.1850638097322429e-05,0.09289105824237028,0.000152327871561423,1.1781721434642564e-18,False,1e-24,False
UniGCN,random,7,75,restart,9386.517685428124,970.7175401898469,938.5248791004918,1299.0602968297123,1203.619597491336,7.2256212497105965,0.7472459458262496,0.7797520753705139,0.01278710613366057,0.014417996353045729,0.013424461290182713,0.015734741967414156,0.014598760899642084,0.8126670370662584,0.9163160338380294,0.9195616931099844,False,1e-24,False
UniGCN,random,7,76,base,0.612251257113185,9.208542171244159e-05,5.452439209666499e-19,0.7412986793011367,0.9234868557718934,0.8259171022540984,0.00012422175336836646,5.904187131184553e-19,8.340603051680418e-07,1.367738007658747e-09,7.799053678512546e-24,8.978908421767647e-06,1.1201017189713191e-05,0.09289105824334083,0.00015232787143066608,6.962808418573853e-19,False,1e-24,False
UniGCN,random,7,76,restart,9386.517590662352,970.7175401205984,938.5248791004915,1299.0602027363602,1203.6194776675936,7.22562170012633,0.7472459998973598,0.7797521529970506,0.012787106004562641,0.014417996352017187,0.013424461290182708,0.015734740827717548,0.01459875944629406,0.8126670877246042,0.9163161001431402,0.9195617846549661,False,1e-24,False
UniGCN,random,7,77,base,0.5786892485513507,8.703754028887671e-05,3.0457108919436694e-19,0.7006626294180663,0.8728637277609819,0.8259171022607267,0.00012422175328683584,3.489331490215942e-19,7.883393061861467e-07,1.292762195496816e-09,4.356520416291245e-24,8.48670820516069e-06,1.0587006796924957e-05,0.0928910582440863,0.00015232787133068854,4.1149689424555916e-19,False,1e-24,False
UniGCN,random,7,77,restart,9386.517507743862,970.7175400600073,938.5248791004916,1299.060120406243,1203.6193728238102,7.225622094232639,0.7472460472086879,0.7797522209189931,0.01278710589160408,0.014417996351117231,0.01342446129018271,0.01573473983050198,0.014598758174638689,0.812667132049818,0.9163161581590168,0.919561864755319,False,1e-24,False
UniGCN,random,7,78,base,0.5469670212967906,8.226637050505447e-05,1.7013448825090104e-19,0.6622541412403774,0.8250156268915959,0.8259171022658185,0.0001242217532244836,2.0621971597303588e-19,7.451246124845753e-07,1.2218963610034396e-09,2.433567721548608e-24,8.021489113861163e-06,1.000665484390755e-05,0.09289105824465899,0.00015232787125422863,2.4319492972521793e-19,False,1e-24,False
UniGCN,random,7,78,restart,9386.517435191538,970.7175400069909,938.5248791004914,1299.060048368749,1203.6192810872276,7.225622439069188,0.7472460886053242,0.779752280349583,0.012787105792767185,0.014417996350329783,0.013424461290182706,0.015734738957954814,0.014598757061961195,0.8126671708336521,0.9163162089219573,0.919561934841819,False,1e-24,False
UniGCN,random,7,79,base,0.5169837233625129,7.775674375003048e-05,9.503888899975135e-20,0.6259511056760698,0.7797904334520784,0.8259171022697297,0.00012422175317678831,1.2187747492492407e-19,7.042788349798916e-07,1.154915205913961e-09,1.3594161591773035e-24,7.5817721133244915e-06,9.45811626324662e-06,0.09289105824509888,0.0001523278711957419,1.4373011721793602e-19,False,1e-24,False
UniGCN,random,7,79,restart,9386.517371709426,970.7175399606027,938.5248791004914,1299.0599853371211,1203.6192008192172,7.225622740795543,0.7472461248267072,0.7797523323503852,0.012787105706286498,0.014417996349640782,0.013424461290182706,0.015734738194490328,0.014598756088386577,0.8126672047688743,0.9163162533387041,0.9195619961663698,False,1e-24,False
UniGCN,random,7,80,base,0.48864403120293626,7.349432291756385e-05,5.3090299012637805e-20,0.5916381073334115,0.7370443665345007,0.8259171022727345,0.00012422175314029746,7.203134766806833e-20,6.656721158978675e-07,1.091605782242034e-09,7.593924038140165e-25,7.166159245801983e-06,8.939647129285622e-06,0.09289105824543684,0.00015232787115099472,8.494657482914547e-20,False,1e-24,False
UniGCN,random,7,80,restart,9386.517316163605,970.7175399200136,938.5248791004913,1299.0599301854713,1203.619130586012,7.225623004801217,0.7472461565198311,0.7797523778502482,0.012787105630617296,0.014417996349037914,0.013424461290182705,0.015734737526471317,0.0145987552365246,0.8126672344616442,0.9163162922026388,0.9195620498243624,False,1e-24,False
UniGCN,random,7,81,base,0.4618578466592482,6.946555682486829e-05,2.965742131415263e-20,0.5592060575898362,0.696641526923307,0.8259171022750427,0.0001242217531123734,4.2571997459200564e-20,6.291817159268867e-07,1.0317668152646796e-09,4.242134793273303e-25,6.773329185923406e-06,8.449599113799857e-06,0.09289105824569643,0.00015232787111675263,5.0205160459566214e-20,False,1e-24,False
UniGCN,random,7,81,restart,9386.517267561901,970.7175398844989,938.5248791004914,1299.0598819286695,1203.6190691330914,7.225623235801926,0.7472461842508045,0.7797524176618982,0.012787105564407956,0.014417996348510419,0.013424461290182706,0.01573473694196548,0.014598754491159124,0.8126672604423393,0.9163163262079562,0.9195620967742448,False,1e-24,False
UniGCN,random,7,82,base,0.4365400105174197,6.565763713010362e-05,1.6567447104367542e-20,0.5285518477750423,0.6584534650416052,0.8259171022768161,0.00012422175309100098,2.5161151066796664e-20,5.946916240025116e-07,9.752080636209517e-10,2.369772579101949e-25,6.402033039910882e-06,7.98641424559592e-06,0.0928910582458959,0.00015232787109054454,2.9672547732028207e-20,False,1e-24,False
UniGCN,random,7,82,restart,9386.517225036188,970.7175398534239,938.5248791004914,1299.059839704743,1203.6190153627726,7.225623437923849,0.7472462085149624,0.7797524524964559,0.012787105506475842,0.014417996348048863,0.013424461290182706,0.01573473643053226,0.0145987538389763,0.8126672831750315,0.9163163559620647,0.9195621378546418,False,1e-24,False
UniGCN,random,7,83,base,0.4126100317682133,6.205845761160546e-05,9.255106682011821e-21,0.499578021365686,0.6223587725815071,0.8259171022781785,0.00012422175307464,1.487101506358172e-20,5.620921884826299e-07,9.217497144893242e-10,1.3238308771128021e-25,6.051090375068874e-06,7.548619957376148e-06,0.09289105824604912,0.00015232787107048176,1.7537389411414445e-20,False,1e-24,False
UniGCN,random,7,83,restart,9386.517187826861,970.7175398262337,938.5248791004913,1299.0598027594829,1203.6189683146033,7.225623614777301,0.7472462297457135,0.7797524829761395,0.012787105455786159,0.01441799634764501,0.013424461290182705,0.015734735983036378,0.014598753268326756,0.8126673030657738,0.9163163819964351,0.9195621737993355,False,1e-24,False
UniGCN,random,7,84,base,0.38999183170844554,5.8656575679370475e-05,5.170238319346371e-21,0.47219246414950455,0.5882426965202258,0.8259171022792248,0.00012422175306211314,8.789294537664696e-21,5.312797685406088e-07,8.712218119206083e-10,7.395399496026883e-26,5.7193854669271405e-06,7.134824404121015e-06,0.0928910582461668,0.00015232787105512062,1.0365215844352614e-20,False,1e-24,False
UniGCN,random,7,84,restart,9386.517155269294,970.717539802443,938.5248791004913,1299.0597704329693,1203.6189271482044,7.22562376952126,0.7472462483222834,0.7797525096453792,0.012787105411433493,0.014417996347291647,0.013424461290182705,0.015734735591484614,0.014598752769017493,0.8126673204698572,0.9163164047760953,0.9195622052503724,False,1e-24,False
UniGCN,random,7,85,base,0.368613502069944,5.544117599641636e-05,2.888302703905862e-21,0.4463081113738272,0.555996774294796,0.8259171022800295,0.00012422175305252048,5.194819174210623e-21,5.021564046681598e-07,8.234637165086823e-10,4.131367074688131e-26,5.405863752105467e-06,6.743712038105479e-06,0.09289105824625729,0.00015232787104335754,6.126250722663957e-21,False,1e-24,False
UniGCN,random,7,85,restart,9386.517126781935,970.7175397816262,938.5248791004914,1299.059742147783,1203.6188911282588,7.225623904919772,0.7472462645764878,0.7797525329805424,0.012787105372625611,0.014417996346982457,0.013424461290182706,0.015734735248883035,0.014598752332129813,0.8126673356981544,0.9163164247079373,0.9195622327695323,False,1e-24,False
UniGCN,random,7,86,base,0.34840707640723895,5.240203609434932e-05,1.6135319235557602e-21,0.42184267094744077,0.5255184889755605,0.8259171022806474,0.00012422175304517338,3.0703618567277435e-21,4.746295072403682e-07,7.783235946810406e-10,2.3079619230774853e-26,5.109528475623073e-06,6.374039426481362e-06,0.09289105824632679,0.00015232787103434812,3.620878015735057e-21,False,1e-24,False
UniGCN,random,7,86,restart,9386.517101855945,970.7175397634119,938.5248791004914,1299.059717398692,1203.6188596113757,7.225624023391332,0.7472462787986603,0.7797525533984423,0.012787105338669325,0.014417996346711922,0.013424461290182706,0.01573473494911207,0.014598751949859998,0.812667349022674,0.9163164421479848,0.9195622568483636,False,1e-24,False
UniGCN,random,7,87,base,0.32930831401718214,4.9529493873814484e-05,9.013944938214698e-22,0.3987183618158007,0.49671094334214244,0.825917102281122,0.00012422175303954534,1.8147264639598946e-21,4.4861156215277186e-07,7.356579359853698e-10,1.2893356115490343e-26,4.829437521993712e-06,6.0246312981288936e-06,0.09289105824638018,0.00015232787102744668,2.1401070833155733e-21,False,1e-24,False
UniGCN,random,7,87,restart,9386.517080046098,970.717539747475,938.5248791004914,1299.0596957436285,1203.6188320346002,7.225624127052082,0.7472462912428373,0.7797525712637834,0.012787105308958113,0.014417996346475212,0.013424461290182706,0.01573473468681721,0.014598751615379942,0.8126673606814188,0.9163164574077515,0.9195622779169619,False,1e-24,False
UniGCN,random,7,88,base,0.31125649570352437,4.681441688649977e-05,5.035637878954713e-22,0.3768616666778293,0.469482551825717,0.825917102281487,0.00012422175303523344,1.0725931899646103e-21,4.240198525946418e-07,6.953310968374071e-10,7.202869874072568e-27,4.564700420031848e-06,5.694376807209474e-06,0.09289105824642122,0.0001523278710221592,1.2649092460746957e-21,False,1e-24,False
UniGCN,random,7,88,restart,9386.517060962822,970.71753973353,938.5248791004911,1299.0596767957886,1203.6188079053554,7.225624217753605,0.7472463021312963,0.7797525868956765,0.012787105282961264,0.014417996346268088,0.013424461290182703,0.015734734457313337,0.014598751322715152,0.8126673708826369,0.9163164707598074,0.9195622963516549,False,1e-24,False
UniGCN,random,7,89,base,0.29419423073714146,4.4248173301029425e-05,2.8131707402157874e-22,0.356203098258129,0.44374674933820085,0.8259171022817671,0.0001242217530319295,6.339586136487354e-22,4.007761960739195e-07,6.572148692794893e-10,4.02389990352699e-27,4.314475511847494e-06,5.382226001540686e-06,0.09289105824645273,0.0001523278710181077,7.476274504963429e-22,False,1e-24,False
UniGCN,random,7,89,restart,9386.517044265254,970.7175397213285,938.5248791004914,1299.0596602167263,1203.6187867926453,7.225624297116016,0.7472463116585273,0.7797526005733381,0.012787105260214428,0.014417996346086861,0.013424461290182706,0.01573473425650105,0.01459875106663806,0.8126673798085428,0.916316482442647,0.9195623124817224,False,1e-24,False
UniGCN,random,7,90,base,0.27806727439819623,4.1822604460437914e-05,1.571591103421339e-22,0.33667697839154226,0.4194217160626625,0.8259171022819826,0.00012422175302939734,3.747042757286654e-22,3.7880669585775947e-07,6.211880733787269e-10,2.2479706613740472e-27,4.077967277029341e-06,5.087186484565741e-06,0.09289105824647696,0.00015232787101500262,4.418887863054113e-22,False,1e-24,False
UniGCN,random,7,90,restart,9386.517029655144,970.7175397106525,938.5248791004913,1299.059645710307,1203.6187683193548,7.225624366556882,0.7472463199947053,0.7797526125410779,0.012787105240311304,0.01441799634592829,0.013424461290182705,0.015734734080793452,0.014598750842574617,0.8126673876185705,0.9163164926649486,0.919562326595279,False,1e-24,False
UniGCN,random,7,91,base,0.26282435552015815,3.952999894397662e-05,8.779800808163319e-23,0.3182212292177147,0.3964301173299991,0.8259171022821481,0.00012422175302745662,2.214715891743103e-22,3.580415060384467e-07,5.871361719689235e-10,1.2558441306070391e-27,3.854423803509142e-06,4.808320260304979e-06,0.09289105824649559,0.0001523278710126228,2.611814651729093e-22,False,1e-24,False
UniGCN,random,7,91,restart,9386.517016871525,970.717539701311,938.5248791004914,1299.059633017417,1203.6187521555146,7.225624427316554,0.7472463272887306,0.7797526230126633,0.012787105222896378,0.014417996345789542,0.013424461290182706,0.01573473392705205,0.014598750646522609,0.8126673944522228,0.9163165016093029,0.9195623389444207,False,1e-24,False
UniGCN,random,7,92,base,0.24841701348740944,3.7363068050787364e-05,4.904913418078845e-23,0.30077717582182656,0.37469885775489337,0.8259171022822753,0.0001242217530259689,1.3090281212672816e-22,3.3841460947778637e-07,5.549509065113792e-10,7.01588437120662e-28,3.643134397066699e-06,4.544740751258883e-06,0.0928910582465099,0.0001523278710107985,1.543736981974876e-22,False,1e-24,False
UniGCN,random,7,92,restart,9386.517005686059,970.7175396931374,938.5248791004913,1299.0596219113368,1203.6187380124074,7.225624480480317,0.7472463336708889,0.7797526321751369,0.012787105207658593,0.014417996345668139,0.013424461290182705,0.015734733792530733,0.01459875047498017,0.8126674004315616,0.916316509435473,0.9195623497497266,False,1e-24,False
UniGCN,random,7,93,base,0.23479944416821294,3.5314922627499697e-05,2.740181340513558e-23,0.2842893596940403,0.35415884884939175,0.8259171022823728,0.00012422175302482846,7.737153397171892e-23,3.1986360792399734e-07,5.245299529168931e-10,3.9194974105600094e-28,3.4434273218754893e-06,4.295609979781813e-06,0.09289105824652086,0.0001523278710094,9.124425702072451e-23,False,1e-24,False
UniGCN,random,7,93,restart,9386.51699589895,970.7175396859857,938.5248791004914,1299.0596121936896,1203.6187256374092,7.22562452699778,0.747246339255178,0.7797526401921587,0.012787105194325769,0.014417996345561917,0.013424461290182706,0.015734733674826674,0.014598750324883213,0.8126674056633898,0.9163165162832502,0.9195623592042012,False,1e-24,False
UniGCN,random,7,94,base,0.2219283542932326,3.337905116608017e-05,1.5308352286236415e-23,0.26870536241461346,0.3347447893752976,0.8259171022824483,0.00012422175302395403,4.5731413220217525e-23,3.023295236338498e-07,4.957765962347286e-10,2.1896743204082537e-28,3.2546676649056874e-06,4.060135903965453e-06,0.09289105824652934,0.00015232787100832773,5.393105975269555e-23,False,1e-24,False
UniGCN,random,7,94,restart,9386.516987335379,970.7175396797279,938.5248791004911,1299.0596036909,1203.6187148094784,7.225624567699836,0.7472463441413438,0.7797526472069278,0.01278710518265975,0.01441799634546897,0.013424461290182703,0.015734733571837457,0.01459875019355071,0.8126674102411581,0.9163165222749482,0.919562367476719,False,1e-24,False
UniGCN,random,7,95,base,0.2097628238166394,3.1549299102301716e-05,8.552215842998165e-24,0.2539756390041307,0.316394957737069,0.8259171022825058,0.00012422175302328342,2.70301900642337e-23,2.85756611869354e-07,4.685994231742973e-10,1.223290858731973e-28,3.0762553173949953e-06,3.8375698995621255e-06,0.09289105824653582,0.00015232787100750539,3.18767055909927e-23,False,1e-24,False
UniGCN,random,7,95,restart,9386.516979842396,970.7175396742526,938.5248791004914,1299.059596251092,1203.618705335208,7.225624603313504,0.7472463484166628,0.7797526533447416,0.012787105172452176,0.014417996345387646,0.013424461290182706,0.015734733481723502,0.014598750078636823,0.8126674142466342,0.9163165275175906,0.9195623747150434,False,1e-24,False
UniGCN,random,7,96,base,0.19826417582222236,2.9819849249017457e-05,4.77782006651767e-24,0.2400533604090392,0.2990510157551954,0.8259171022825503,0.00012422175302276913,1.5976605377688524e-23,2.7009218367289153e-07,4.4291203148201243e-10,6.834092730274543e-29,2.9076230669699526e-06,3.6272043799424936e-06,0.09289105824654081,0.00015232787100687473,1.884121216897872e-23,False,1e-24,False
UniGCN,random,7,96,restart,9386.516973286147,970.7175396694618,938.5248791004913,1299.0595897413752,1203.6186970453687,7.225624634474905,0.7472463521575005,0.7797526587152334,0.0127871051635207,0.014417996345316488,0.013424461290182705,0.01573473340287519,0.014598749978088956,0.8126674177513631,0.9163165321048213,0.9195623810484648,False,1e-24,False
UniGCN,random,7,97,base,0.18739585356090416,2.818520330203193e-05,2.6692036121464313e-24,0.22689426462171433,0.28265782319620164,0.8259171022825842,0.0001242217530223747,9.443232746803026e-24,2.5528643835734716e-07,4.186327552493516e-10,3.8179723697062364e-29,2.748234794352161e-06,3.428370546520914e-06,0.09289105824654463,0.00015232787100639104,1.1136405233619475e-23,False,1e-24,False
UniGCN,random,7,97,restart,9386.516967549529,970.7175396652698,938.5248791004913,1299.0595840454744,1203.6186897918883,7.22562466174065,0.7472463554306753,0.7797526634143301,0.012787105155705795,0.014417996345254223,0.013424461290182705,0.015734733333884143,0.014598749890111139,0.8126674208179467,0.9163165361185769,0.91956238659011,False,1e-24,False
UniGCN,random,7,98,base,0.17712330422873837,2.6640164359772366e-05,1.4911940160783727e-24,0.21445651596173232,0.2671632624696314,0.8259171022826106,0.00012422175302207207,5.581583344558376e-24,2.412923051786936e-07,3.9568440527881813e-10,2.1329723687434343e-29,2.5975837689163324e-06,3.240436262496586e-06,0.0928910582465476,0.00015232787100601995,6.582361743785976e-24,False,1e-24,False
UniGCN,random,7,98,restart,9386.51696253008,970.7175396616019,938.5248791004914,1299.0595790616499,1203.6186834452055,7.225624685597751,0.7472463582946524,0.7797526675259668,0.01278710514886788,0.014417996345199744,0.013424461290182706,0.015734733273518053,0.014598749813131914,0.8126674235011596,0.9163165396305506,0.9195623914389636,False,1e-24,False
UniGCN,random,7,99,base,0.1674138691158917,2.517982040118641e-05,8.33080119406389e-25,0.2027005720709756,0.2525180729346831,0.8259171022826307,0.00012422175302183997,3.299091069896907e-24,2.2806529368766929e-07,3.739940236823685e-10,1.1916201758349316e-29,2.4551910376813916e-06,3.0628040431506483e-06,0.09289105824654986,0.00015232787100573534,3.890618397542451e-24,False,1e-24,False
UniGCN,random,7,99,restart,9386.51695813814,970.7175396583925,938.5248791004914,1299.0595747008806,1203.6186778919568,7.225624706472345,0.7472463608005879,0.7797526711235852,0.012787105142884808,0.014417996345152076,0.013424461290182706,0.015734733220698655,0.014598749745776289,0.8126674258489293,0.9163165427034732,0.9195623956816352,False,1e-24,False
UniGCN,random,7,100,base,0.1582366797773713,2.3799528669338027e-05,4.654143426294246e-25,0.19158905819971675,0.23867569428971974,0.825917102282646,0.00012422175302166191,1.9499863361221654e-24,2.1556335228478507e-07,3.534926519321094e-10,6.65718828094652e-30,2.320603902612849e-06,2.894909156309886e-06,0.09289105824655158,0.00015232787100551699,2.2996190628076143e-24,False,1e-24,False
UniGCN,random,7,100,restart,9386.516954295259,970.7175396555847,938.5248791004914,1299.0595708852757,1203.6186730329503,7.225624724737289,0.7472463629932427,0.7797526742714453,0.012787105137649711,0.014417996345110371,0.013424461290182706,0.015734733174482513,0.01459874968684116,0.812667427903191,0.9163165453922327,0.919562399393907,False,1e-24,False
UniGCN,random,7,101,base,0.14956255989540032,2.249490091105432e-05,2.6001146361234564e-25,0.18108664838401023,0.22559211854675745,0.8259171022826581,0.00012422175302152536,1.1525733491369923e-24,2.037467345289747e-07,3.3411511162585515e-10,3.719148960241832e-30,2.1933944813954736e-06,2.7362178269380757e-06,0.09289105824655294,0.00015232787100534953,1.3592298550308368e-24,False,1e-24,False
UniGCN,random,7,101,restart,9386.516950932797,970.7175396531273,938.5248791004911,1299.0595675466798,1203.618668781395,7.225624740718833,0.7472463649117814,0.7797526770257741,0.012787105133069082,0.014417996345073873,0.013424461290182703,0.015734733134044093,0.014598749635273838,0.8126674297006384,0.9163165477448555,0.9195624026420871,False,1e-24,False
UniGCN,random,7,102,base,0.14136393252144075,2.1261789425696062e-05,1.4525983863492224e-25,0.1711599531366278,0.21322575012032247,0.8259171022826671,0.00012422175302142035,6.812490449814464e-25,1.9257787277485397e-07,3.157997972705412e-10,2.0777659966155276e-30,2.073158347100628e-06,2.5862255401468935e-06,0.09289105824655396,0.00015232787100522078,8.033970604503091e-25,False,1e-24,True
UniGCN,random,7,102,restart,9386.516947990698,970.7175396509773,938.5248791004911,1299.0595646254608,1203.61866506135,7.2256247547024355,0.7472463665904729,0.7797526794357691,0.012787105129061107,0.014417996345041938,0.013424461290182703,0.01573473309866111,0.014598749590153231,0.812667431273377,0.9163165498033637,0.9195624054841944,False,1e-24,False
UniGCN,random,7,103,base,0.1336147324029655,2.009627387869843e-05,8.115179153354814e-26,0.1617774132944824,0.20153727358587145,0.8259171022826743,0.00012422175302133996,4.026639345151745e-25,1.8202125873685481e-07,2.984884804247124e-10,1.1607780553619671e-30,1.9595132424234792e-06,2.444455437231337e-06,0.09289105824655476,0.0001523278710051222,4.748616144447694e-25,False,1e-24,True
UniGCN,random,7,103,restart,9386.516945416406,970.7175396490964,938.5248791004913,1299.0595620694396,1203.6186618063687,7.22562476693787,0.7472463680593022,0.7797526815444773,0.012787105125554189,0.014417996345014,0.013424461290182705,0.01573473306770155,0.014598749550673404,0.8126674326494988,0.9163165516045269,0.9195624079709942,False,1e-24,False
UniGCN,random,7,104,base,0.1262903231162467,1.8994648837958586e-05,4.5336786059147496e-26,0.15290919968505798,0.19048952868734775,0.8259171022826796,0.00012422175302127821,2.38001460613403e-25,1.7204333060051945e-07,2.8212612457740324e-10,6.484877950765044e-31,1.8520978644023503e-06,2.3104567996302665e-06,0.09289105824655536,0.00015232787100504647,2.8067514405821372e-25,False,1e-24,True
UniGCN,random,7,104,restart,9386.516943163942,970.7175396474505,938.5248791004911,1299.05955983296,1203.61865895831,7.22562477764369,0.7472463693445052,0.7797526833895644,0.012787105122485693,0.014417996344989555,0.013424461290182703,0.01573473304061241,0.014598749516129163,0.8126674338535843,0.9163165531805167,0.9195624101469057,False,1e-24,False
UniGCN,random,7,105,base,0.1193674187417075,1.7953411993446146e-05,2.5327975322046962e-26,0.14452711829286233,0.18004739219649576,0.8259171022826838,0.00012422175302123075,1.4067393597350818e-25,1.626123663220584e-07,2.6666071017487673e-10,3.622859999144633e-31,1.7505707157565696e-06,2.1838036159922583e-06,0.09289105824655583,0.00015232787100498827,1.6589678543500849e-25,False,1e-24,True
UniGCN,random,7,105,restart,9386.516941193067,970.7175396460101,938.5248791004914,1299.0595578760756,1203.618656466303,7.225624787011112,0.7472463704690375,0.7797526850039871,0.012787105119800801,0.01441799634496816,0.013424461290182706,0.015734733016909835,0.014598749485903487,0.8126674349071402,0.9163165545594831,0.9195624120507945,False,1e-24,False
UniGCN,random,7,106,base,0.11282400983282552,1.69692530225837e-05,1.41497546884702e-26,0.1366045206244067,0.17017766624833855,0.8259171022826869,0.00012422175302119435,8.314695459403943e-26,1.5369838277694585e-07,2.5204306923893885e-10,2.0239509714756373e-31,1.6546090191909731e-06,2.0640932277911575e-06,0.09289105824655618,0.00015232787100494363,9.805521108373205e-26,False,1e-24,True
UniGCN,random,7,106,restart,9386.516939468584,970.7175396447501,938.5248791004913,1299.059556163832,1203.6186542858356,7.2256247952074615,0.7472463714529862,0.7797526864165817,0.012787105117451564,0.014417996344949446,0.013424461290182705,0.01573473299617045,0.014598749459456491,0.8126674358289852,0.9163165557660577,0.9195624137166674,False,1e-24,False
UniGCN,random,7,107,base,0.10663929344322702,1.603904306599789e-05,7.904926716671999e-27,0.12911621898674186,0.16084897279781069,0.8259171022826896,0.00012422175302116646,4.914502454801871e-26,1.4527304043692566e-07,2.3822672905104235e-10,1.1307039916874886e-31,1.5639076912153817e-06,1.9509450491854215e-06,0.09289105824655648,0.00015232787100490943,5.795673190075711e-26,False,1e-24,True
UniGCN,random,7,107,restart,9386.51693795969,970.7175396436476,938.5248791004911,1299.0595546656455,1203.6186523779606,7.225624802379142,0.7472463723139259,0.7797526876525799,0.01278710511539602,0.01441799634493307,0.013424461290182703,0.015734732978023813,0.014598749436315782,0.8126674366355855,0.9163165568217916,0.9195624151742802,False,1e-24,False
UniGCN,random,7,108,base,0.10079360698951216,1.5159824780182333e-05,4.416143384614577e-27,0.12203840641020287,0.15203165386200282,0.8259171022826912,0.00012422175302114494,2.904752577790842e-26,1.3730955327237297e-07,2.25167764405219e-10,6.316758057119873e-32,1.4781783722166052e-06,1.8439993570514314e-06,0.09289105824655666,0.00015232787100488305,3.425574978084816e-26,False,1e-24,True
UniGCN,random,7,108,restart,9386.516936639428,970.7175396426827,938.5248791004911,1299.059553354755,1203.618650708599,7.22562480865425,0.7472463730672348,0.7797526887340598,0.01278710511359745,0.01441799634491874,0.013424461290182703,0.015734732962145778,0.014598749416068015,0.8126674373413482,0.9163165577455424,0.9195624164496695,False,1e-24,False
UniGCN,random,7,109,base,0.09526836573954704,1.4328802935447513e-05,2.4670672553989327e-27,0.11534858096077882,0.14369767723086402,0.8259171022826928,0.00012422175302112851,1.7168456045641948e-26,1.29782603593573e-07,2.1282465796011998e-10,3.52884080197453e-32,1.3971485096993564e-06,1.7429161473439925e-06,0.09289105824655684,0.00015232787100486291,2.0246761769647292e-26,False,1e-24,True
UniGCN,random,7,109,restart,9386.516935484222,970.7175396418388,938.5248791004913,1299.0595522077467,1203.618649247934,7.225624814144873,0.7472463737263685,0.7797526896803376,0.01278710511202373,0.014417996344906205,0.013424461290182705,0.015734732948252752,0.014598749398351535,0.8126674379588796,0.9163165585538101,0.9195624175656151,False,1e-24,False
UniGCN,random,7,110,base,0.09004600372748328,1.3543335529266337e-05,1.3782090221411317e-27,0.10902547420148039,0.1358205473465969,0.8259171022826939,0.00012422175302111586,1.0147279252410287e-26,1.2266826156017697e-07,2.0115816824618977e-10,1.9713610240409126e-32,1.3205604917814974e-06,1.6473740541481655e-06,0.09289105824655697,0.00015232787100484738,1.1966687341450671e-26,False,1e-24,True
UniGCN,random,7,110,restart,9386.516934473431,970.7175396410998,938.5248791004914,1299.0595512041318,1203.6186479698745,7.225624818949083,0.7472463743031,0.7797526905083161,0.012787105110646745,0.01441799634489523,0.013424461290182706,0.015734732936096563,0.01459874938284989,0.81266743849921,0.9163165592610315,0.9195624185420501,False,1e-24,False
UniGCN,random,7,111,base,0.0851099179076616,1.2800925386762852e-05,7.699251187650845e-28,0.1030489835752671,0.1283752210684098,0.8259171022826948,0.00012422175302110612,5.997458951636777e-27,1.1594390910293896e-07,1.9013120490834178e-10,1.1012845992007532e-32,1.2481708281887975e-06,1.5570693279858298e-06,0.09289105824655707,0.00015232787100483546,7.072803884881195e-27,False,1e-24,True
UniGCN,random,7,111,restart,9386.51693358901,970.7175396404537,938.5248791004913,1299.0595503259842,1203.618646851592,7.225624823152695,0.7472463748077316,0.7797526912327843,0.012787105109441912,0.014417996344885631,0.013424461290182705,0.015734732925460085,0.014598749369286188,0.8126674389719911,0.9163165598798398,0.9195624193964156,False,1e-24,False
UniGCN,random,7,112,base,0.08044441536985192,1.2099212221640174e-05,4.301136393833365e-28,0.09740010849456578,0.12133802805482523,0.8259171022826954,0.00012422175302109878,3.5447554759089585e-27,1.0958816801586358e-07,1.7970871078750385e-10,6.152254490914733e-33,1.1797493761454191e-06,1.471714870128814e-06,0.09289105824655713,0.00015232787100482646,4.180330453803357e-27,False,1e-24,True
UniGCN,random,7,112,restart,9386.51693281515,970.7175396398883,938.5248791004913,1299.059549557619,1203.6186458731124,7.225624826830785,0.7472463752492762,0.7797526918666831,0.012787105108387695,0.014417996344877235,0.013424461290182705,0.015734732916153335,0.01459874935741816,0.8126674393856665,0.9163165604212872,0.9195624201439724,False,1e-24,False
UniGCN,random,7,113,base,0.07603466344801535,1.1435965132307418e-05,2.4027158974823306e-28,0.09206088993419353,0.11468659551042067,0.8259171022826961,0.000124221753021093,2.095027659325727e-27,1.0358083199015342e-07,1.6985755046614235e-10,3.436793981207233e-33,1.11507860869905e-06,1.3910393198484362e-06,0.09289105824655722,0.00015232787100481936,2.470666308398598e-27,False,1e-24,True
UniGCN,random,7,113,restart,9386.516932138036,970.7175396393935,938.5248791004913,1299.0595488853112,1203.6186450169578,7.22562483004906,0.747246375635621,0.7797526924213345,0.012787105107465275,0.014417996344869885,0.013424461290182705,0.015734732908010075,0.01459874934703382,0.8126674397476267,0.9163165608950455,0.9195624207980729,False,1e-24,False
UniGCN,random,7,114,base,0.07186664256397345,1.0809075509349454e-05,1.342236017206343e-28,0.0870143533356388,0.1083997770577564,0.8259171022826961,0.00012422175302108853,1.2382276547406433e-27,9.790280237387761e-08,1.6054640492343127e-10,1.919905998927304e-33,1.05395292315454e-06,1.314786191699645e-06,0.09289105824655722,0.00015232787100481388,1.4602419853873054e-27,False,1e-24,True
UniGCN,random,7,114,restart,9386.516931545573,970.7175396389606,938.5248791004915,1299.0595482970523,1203.6186442678359,7.225624832865003,0.7472463759736667,0.7797526929066461,0.01278710510665817,0.014417996344863456,0.013424461290182708,0.015734732900884844,0.014598749337947683,0.8126674400643362,0.9163165613095766,0.9195624213704009,False,1e-24,False
UniGCN,random,7,115,base,0.06792710165606355,1.021655033179043e-05,7.498438380521482e-29,0.08224445464117941,0.10245758550835708,0.8259171022826964,0.00012422175302108517,7.318578066540385e-28,9.253602745312661e-08,1.5174567196514664e-10,1.0725607601644902e-33,9.961779874173867e-07,1.2427130600969678e-06,0.09289105824655725,0.00015232787100480976,8.630799776746527e-28,False,1e-24,True
UniGCN,random,7,115,restart,9386.516931027174,970.7175396385819,938.5248791004914,1299.059547782335,1203.6186436123655,7.2256248353289045,0.7472463762694513,0.779752693331286,0.012787105105951964,0.01441799634485783,0.013424461290182706,0.01573473289465038,0.01459874932999745,0.8126674403414518,0.9163165616722848,0.9195624218711789,False,1e-24,False
UniGCN,random,7,116,base,0.06420351605107855,9.65650583083862e-06,4.18920071349272e-29,0.07773602928626949,0.09684112931901241,0.8259171022826968,0.0001242217530210827,4.325848679121373e-28,8.746344506161512e-08,1.4342737211173375e-10,5.99214406217858e-34,9.415701221689622e-07,1.174590788589879e-06,0.09289105824655729,0.00015232787100480673,5.101473739098767e-28,False,1e-24,True
UniGCN,random,7,116,restart,9386.516930573589,970.7175396382503,938.5248791004913,1299.0595473319654,1203.6186430388393,7.225624837484783,0.747246376528258,0.7797526937028394,0.012787105105334052,0.014417996344852906,0.013424461290182705,0.015734732889195323,0.014598749323041123,0.8126674405839238,0.9163165619896484,0.9195624223093517,False,1e-24,False
UniGCN,random,7,117,base,0.060684047645556224,9.127161500968109e-06,2.340796907482966e-29,0.07347474398802935,0.09153255253137646,0.8259171022826972,0.0001242217530210806,2.5573381739579085e-28,8.266892833627573e-08,1.3556505964534336e-10,3.3482263680428007e-34,8.899557169092705e-07,1.1102028013872652e-06,0.09289105824655734,0.00015232787100480415,3.015869140177804e-28,False,1e-24,True
UniGCN,random,7,117,restart,9386.516930176704,970.7175396379603,938.5248791004913,1299.0595469378986,1203.6186425370129,7.225624839371144,0.7472463767547104,0.7797526940279428,0.01278710510479338,0.014417996344848598,0.013424461290182705,0.015734732884422228,0.014598749316954446,0.8126674407960832,0.9163165622673374,0.9195624226927462,False,1e-24,False
UniGCN,random,7,118,base,0.057357507269826094,8.626834439297405e-06,1.3082192646762494e-29,0.06944705117656423,0.08651497800392059,0.825917102282697,0.00012422175302107913,1.5121303788772448e-28,7.8137234446389e-08,1.2813373853303762e-10,1.8712491558614453e-34,8.411706780107104e-07,1.0493443948150091e-06,0.09289105824655731,0.00015232787100480233,1.7832554927701609e-28,False,1e-24,True
UniGCN,random,7,118,restart,9386.516929829435,970.7175396377065,938.5248791004911,1299.0595465930965,1203.6186420979222,7.225624841021677,0.7472463769528523,0.7797526943124033,0.012787105104320302,0.014417996344844829,0.013424461290182703,0.015734732880245843,0.014598749311628694,0.812667440981719,0.9163165625103105,0.9195624230282106,False,1e-24,False
UniGCN,random,7,119,base,0.054213319115160696,8.15393399526831e-06,7.314244400534849e-30,0.0656401459242388,0.0817724537557623,0.8259171022826972,0.00012422175302107796,8.944631186415185e-29,7.385395613324843e-08,1.2110978295886335e-10,1.0462140429993028e-34,7.950599070280864e-07,9.918220865176685e-07,0.09289105824655734,0.00015232787100480092,1.0548404368293582e-28,False,1e-24,True
UniGCN,random,7,119,restart,9386.516929525582,970.7175396374844,938.524879100491,1299.0595462913998,1203.6186417137249,7.225624842465871,0.7472463771262237,0.7797526945613018,0.012787105103906368,0.01441799634484153,0.013424461290182701,0.01573473287659157,0.014598749306968745,0.8126674411441478,0.9163165627229084,0.9195624233217365,False,1e-24,False
UniGCN,random,7,120,base,0.05124148711093662,7.706956713615474e-06,4.093154607421719e-30,0.06204192523597548,0.07728990225178421,0.8259171022826974,0.00012422175302107704,5.29584653126823e-29,6.980547590629308e-08,1.1447086221215006e-10,5.854761744273625e-35,7.514768076062924e-07,9.374530003352061e-07,0.09289105824655737,0.00015232787100479979,6.24539229399248e-29,False,1e-24,True
UniGCN,random,7,120,restart,9386.516929259717,970.7175396372902,938.5248791004911,1299.05954602742,1203.6186413775579,7.225624843729518,0.7472463772779209,0.7797526947790844,0.012787105103544184,0.014417996344838644,0.013424461290182703,0.015734732873394143,0.014598749302891359,0.8126674412862704,0.9163165629089283,0.9195624235785675,False,1e-24,False
UniGCN,random,7,121,base,0.048432563144911976,7.284481554549089e-06,2.293869346844382e-30,0.058640949571152394,0.07305307246781013,0.8259171022826974,0.0001242217530210764,3.140003930505654e-29,6.597892275008904e-08,1.0819586969323435e-10,3.281102178235583e-35,7.102828194180283e-07,8.86064284899169e-07,0.09289105824655737,0.000152327871004799,3.7030069196491324e-29,False,1e-24,True
UniGCN,random,7,121,restart,9386.516929027086,970.7175396371201,938.5248791004913,1299.0595457964419,1203.6186410834177,7.225624844835189,0.7472463774106535,0.7797526949696404,0.012787105103227276,0.014417996344836119,0.013424461290182705,0.015734732870596443,0.01459874929932372,0.8126674414106254,0.9163165630716926,0.9195624238032903,False,1e-24,False
UniGCN,random,7,122,base,0.0457776170255846,6.88516537595458e-06,1.2889154499074663e-30,0.05542640647476954,0.06904849458344248,0.8259171022826974,0.00012422175302107585,1.8666814645029823e-29,6.236213120452014e-08,1.0226485581090375e-10,1.8436373876614636e-35,6.713469776498251e-07,8.374925640998998e-07,0.09289105824655737,0.00015232787100479832,2.201377620161827e-29,False,1e-24,True
UniGCN,random,7,122,restart,9386.516928823541,970.7175396369714,938.5248791004913,1299.0595455943394,1203.618640826049,7.225624845802637,0.7472463775267927,0.7797526951363744,0.012787105102949989,0.01441799634483391,0.013424461290182705,0.015734732868148495,0.014598749296202081,0.8126674415194345,0.9163165632141091,0.9195624239999196,False,1e-24,False
UniGCN,random,7,123,base,0.043268208091135116,6.5077386632463355e-06,7.272972678804231e-31,0.05238807620225927,0.06526343715851934,0.8259171022826975,0.00012422175302107552,1.1144023354361183e-29,5.8943602688095355e-08,9.665896455822767e-11,1.040310623248908e-35,6.345454966358925e-07,7.915834176776926e-07,0.09289105824655737,0.00015232787100479792,1.3142147751160812e-29,False,1e-24,True
UniGCN,random,7,123,restart,9386.516928645438,970.7175396368411,938.524879100491,1299.059545417503,1203.6186406008555,7.225624846649135,0.7472463776284124,0.7797526952822635,0.012787105102707362,0.014417996344831976,0.013424461290182701,0.01573473286600658,0.014598749293470699,0.8126674416146402,0.9163165633387211,0.9195624241719668,False,1e-24,False
UniGCN,random,7,124,base,0.04089635837469331,6.151001493299577e-06,4.136691360680692e-31,0.049516299228654526,0.061685866657046076,0.8259171022826974,0.00012422175302107514,6.70606021259195e-30,5.5712468941411244e-08,9.136037356513375e-11,5.917035794950414e-36,5.997613763160676e-07,7.481908902865816e-07,0.09289105824655737,0.00015232787100479746,7.90845741610673e-30,False,1e-24,True
UniGCN,random,7,124,restart,9386.516928489602,970.7175396367273,938.5248791004915,1299.0595452627736,1203.6186404038144,7.225624847389808,0.7472463777173284,0.779752695409915,0.01278710510249507,0.014417996344830285,0.013424461290182708,0.015734732864132437,0.014598749291080777,0.8126674416979439,0.916316563447755,0.9195624243225061,False,1e-24,False
UniGCN,random,7,125,base,0.03865452724061425,5.8138197196290086e-06,2.381578550761991e-31,0.0468019455388193,0.058304409189918915,0.8259171022826974,0.00012422175302107487,4.084731470315244e-30,5.2658457474547844e-08,8.635223743714643e-11,3.406559567699055e-36,5.668840302667069e-07,7.071770274699668e-07,0.09289105824655737,0.00015232787100479713,4.8171241929146644e-30,False,1e-24,True
UniGCN,random,7,125,restart,9386.516928353252,970.7175396366279,938.5248791004914,1299.059545127388,1203.6186402314067,7.225624848037889,0.7472463777951284,0.7797526955216074,0.012787105102309322,0.014417996344828807,0.013424461290182706,0.015734732862492593,0.014598749288989637,0.8126674417708337,0.9163165635431578,0.9195624244542251,False,1e-24,False
UniGCN,random,7,126,base,0.03653558741112714,5.495121366685858e-06,1.396508363165925e-31,0.044236385601107965,0.05510831435481182,0.8259171022826977,0.00012422175302107468,2.5341155495604228e-30,4.977185890854764e-08,8.161863420014572e-11,1.997536014250936e-36,5.358089341219475e-07,6.684114370728352e-07,0.09289105824655738,0.00015232787100479689,2.988482697122475e-30,False,1e-24,True
UniGCN,random,7,126,restart,9386.516928233943,970.7175396365404,938.5248791004913,1299.0595450089277,1203.6186400805525,7.225624848604945,0.7472463778632019,0.7797526956193368,0.01278710510214679,0.01441799634482751,0.013424461290182705,0.015734732861057754,0.014598749287159919,0.8126674418346107,0.9163165636266336,0.9195624245694773,False,1e-24,False
UniGCN,random,7,127,base,0.03453280230714058,5.193893221810181e-06,8.442741504643963e-32,0.041811462932172805,0.05208742105826632,0.8259171022826974,0.00012422175302107452,1.620879155295421e-30,4.704349610714921e-08,7.71445146808849e-11,1.2076318810081978e-36,5.064372932675971e-07,6.317708746962187e-07,0.09289105824655737,0.0001523278710047967,1.911502934649966e-30,False,1e-24,True
UniGCN,random,7,127,restart,9386.516928129553,970.7175396364644,938.5248791004913,1299.0595449052767,1203.618639948558,7.2256248491011155,0.7472463779227657,0.7797526957048483,0.01278710510200458,0.01441799634482638,0.013424461290182705,0.01573473285980229,0.014598749285558951,0.8126674418904151,0.9163165636996742,0.919562424670321,False,1e-24,False
UniGCN,random,7,128,base,0.032639804631165344,4.909177614003358e-06,5.34747597187156e-32,0.03951946816569646,0.04923212521132448,0.8259171022826978,0.0001242217530210744,1.0861761398513671e-30,4.446469500063811e-08,7.291565466233498e-11,7.648916484065352e-37,4.786757287511685e-07,5.971388518759481e-07,0.0928910582465574,0.00015232787100479656,1.280927620106415e-30,False,1e-24,True
UniGCN,random,7,128,restart,9386.51692803821,970.7175396363974,938.5248791004913,1299.059544814584,1203.6186398330644,7.225624849535252,0.7472463779748827,0.7797526957796697,0.012787105101880145,0.014417996344825384,0.013424461290182705,0.015734732858703783,0.014598749284158124,0.8126674419392425,0.916316563763583,0.9195624247585579,False,1e-24,False
UniGCN,random,7,129,base,0.030850576124265217,4.640069369279858e-06,3.5805147800133824e-32,0.03735311454260889,0.0465333491960027,0.8259171022826974,0.00012422175302107425,7.694513379924423e-31,4.20272570090578e-08,6.891860966174795e-11,5.121492581985143e-37,4.5243598040950705e-07,5.644052657400219e-07,0.09289105824655737,0.00015232787100479637,9.074140325870419e-31,False,1e-24,True
UniGCN,random,7,129,restart,9386.516927958288,970.7175396363393,938.5248791004914,1299.0595447352289,1203.6186397320091,7.225624849915117,0.7472463780204845,0.7797526958451374,0.012787105101771268,0.014417996344824522,0.013424461290182706,0.015734732857742604,0.014598749282932418,0.8126674419819659,0.9163165638195025,0.919562424835764,False,1e-24,False
UniGCN,random,7,130,base,0.029159428432678783,4.385712932918642e-06,2.572171699745402e-32,0.035305514744866005,0.04398251300553335,0.8259171022826974,0.0001242217530210743,5.848169019859785e-31,3.9723432977108035e-08,6.514067218766822e-11,3.679179975285274e-37,4.276346262701795e-07,5.334660489671877e-07,0.09289105824655737,0.00015232787100479643,6.89674625481475e-31,False,1e-24,True
UniGCN,random,7,130,restart,9386.516927888357,970.7175396362882,938.5248791004913,1299.0595446657946,1203.6186396435876,7.225624850247492,0.7472463780603851,0.7797526959024204,0.012787105101676003,0.014417996344823762,0.013424461290182705,0.01573473285690159,0.01459874928185995,0.8126674420193482,0.916316563868431,0.9195624249033177,False,1e-24,False
UniGCN,random,7,131,base,0.02756098502328269,4.145299649465159e-06,1.9745804427895403e-32,0.033370158999140115,0.04157150696662265,0.8259171022826978,0.00012422175302107417,4.7498409051538865e-31,3.754589853786345e-08,6.156983134000191e-11,2.8243980856411304e-37,4.041928173345461e-07,5.042228389338749e-07,0.0928910582465574,0.00015232787100479626,5.60148780966173e-31,False,1e-24,True
UniGCN,random,7,131,restart,9386.516927827168,970.7175396362431,938.5248791004911,1299.0595446050404,1203.6186395662198,7.225624850538317,0.7472463780952977,0.7797526959525423,0.012787105101592646,0.014417996344823093,0.013424461290182703,0.01573473285616571,0.014598749280921553,0.8126674420520573,0.9163165639112428,0.9195624249624266,False,1e-24,False
UniGCN,random,7,132,base,0.026050164090401878,3.9180651918365664e-06,1.6155434997544258e-32,0.031540894380808385,0.03929266595700284,0.8259171022826974,0.0001242217530210742,4.111564996689922e-31,3.548773082698869e-08,5.8194734624705495e-11,2.310839239109546e-37,3.820360268993265e-07,4.765826649976259e-07,0.09289105824655737,0.0001523278710047963,4.848768972998752e-31,False,1e-24,True
UniGCN,random,7,132,restart,9386.516927773633,970.7175396362043,938.5248791004913,1299.0595445518816,1203.6186394985245,7.2256248507927845,0.7472463781258457,0.7797526959963981,0.012787105101519716,0.014417996344822517,0.013424461290182705,0.01573473285552183,0.014598749280100472,0.8126674420806773,0.9163165639487025,0.9195624250141458,False,1e-24,False
UniGCN,random,7,133,base,0.024622162399623726,3.7032871313565888e-06,1.3985485870682567e-32,0.0298119052524426,0.03713874503631064,0.8259171022826977,0.00012422175302107417,3.765740026220305e-31,3.354238647341929e-08,5.500465186169193e-11,2.0004543073521705e-37,3.610938136197022e-07,4.5045765292282983e-07,0.09289105824655738,0.00015232787100479626,4.44093755400106e-31,False,1e-24,True
UniGCN,random,7,133,restart,9386.516927726785,970.7175396361699,938.5248791004913,1299.0595445053684,1203.618639439292,7.2256248510154375,0.7472463781525747,0.7797526960347713,0.012787105101455896,0.014417996344822007,0.013424461290182705,0.015734732854958442,0.01459874927938204,0.8126674421057192,0.9163165639814791,0.9195624250593992,False,1e-24,False
UniGCN,random,7,134,base,0.023272440017251792,3.500282640994754e-06,1.244842750006187e-32,0.0281776947746095,0.035102896412816914,0.8259171022826978,0.00012422175302107417,3.546267907259256e-31,3.1703680796535465e-08,5.198944107121172e-11,1.7805967302474992e-37,3.412995975606772e-07,4.257647455090617e-07,0.0928910582465574,0.00015232787100479626,4.182114064231751e-31,False,1e-24,True
UniGCN,random,7,134,restart,9386.516927685796,970.71753963614,938.5248791004913,1299.0595444646701,1203.6186393874646,7.225624851210256,0.7472463781759621,0.7797526960683473,0.012787105101400057,0.014417996344821563,0.013424461290182705,0.015734732854465486,0.01459874927875342,0.8126674421276304,0.916316564010158,0.9195624250989954,False,1e-24,False
UniGCN,random,7,135,base,0.021996705876850986,3.3084063245079936e-06,1.1170271618951519e-32,0.026633067430200618,0.03317864767277991,0.8259171022826977,0.0001242217530210741,3.366704914894925e-31,2.9965768143692546e-08,4.913951623025241e-11,1.597772017436151e-37,3.225904485247169e-07,4.024254385338444e-07,0.09289105824655738,0.00015232787100479615,3.970355411072694e-31,False,1e-24,True
UniGCN,random,7,135,restart,9386.516927649931,970.7175396361139,938.5248791004913,1299.0595444290598,1203.6186393421165,7.2256248513807195,0.7472463781964258,0.7797526960977255,0.012787105101351198,0.014417996344821174,0.013424461290182705,0.01573473285403416,0.014598749278203392,0.8126674421468025,0.9163165640352519,0.9195624251336411,False,1e-24,False
UniGCN,random,7,136,base,0.020790904136996826,3.1270481645830345e-06,1.0351385269795801e-32,0.025173112506732487,0.03135988120320827,0.8259171022826974,0.0001242217530210741,3.300836888609388e-31,2.832312330559629e-08,4.644581679644826e-11,1.480640246717019e-37,3.049068859827095e-07,3.803655311703357e-07,0.09289105824655737,0.00015232787100479615,3.8926772417082067e-31,False,1e-24,True
UniGCN,random,7,136,restart,9386.516927618548,970.7175396360909,938.5248791004913,1299.0595443979014,1203.6186393024375,7.225624851529871,0.747246378214331,0.7797526961234311,0.012787105101308446,0.014417996344820832,0.013424461290182705,0.015734732853656758,0.014598749277722122,0.8126674421635777,0.9163165640572083,0.9195624251639558,False,1e-24,False
UniGCN,random,7,137,base,0.019651201286857115,2.955631583456218e-06,9.623618436889943e-33,0.023793188484103868,0.029640814742614128,0.8259171022826975,0.00012422175302107422,3.246745583904014e-31,2.6770523950438603e-08,4.389977890260877e-11,1.3765420188044327e-37,2.881926899721884e-07,3.595148900864624e-07,0.09289105824655737,0.00015232787100479634,3.8288873611698743e-31,False,1e-24,True
UniGCN,random,7,137,restart,9386.51692759109,970.7175396360707,938.5248791004913,1299.0595443706382,1203.618639267719,7.225624851660378,0.7472463782299981,0.7797526961459232,0.01278710510127104,0.014417996344820532,0.013424461290182705,0.015734732853326532,0.01459874927730102,0.8126674421782557,0.9163165640764201,0.9195624251904807,False,1e-24,False
UniGCN,random,7,138,base,0.01857397395861188,2.793611609845077e-06,9.030127092199301e-33,0.02248890827817526,0.028015982997923114,0.8259171022826977,0.00012422175302107417,3.2232055155333026e-31,2.5303034020947978e-08,4.1493308130287984e-11,1.2916502726155187e-37,2.72394722361619e-07,3.3980722647552395e-07,0.09289105824655738,0.00015232787100479626,3.8011265564081678e-31,False,1e-24,True
UniGCN,random,7,138,restart,9386.516927567067,970.7175396360531,938.5248791004911,1299.059544346783,1203.6186392373406,7.225624851774572,0.7472463782437063,0.7797526961656034,0.012787105101238315,0.01441799634482027,0.013424461290182703,0.01573473285303759,0.01459874927693256,0.8126674421910992,0.91631656409323,0.9195624252136896,False,1e-24,False
UniGCN,random,7,139,base,0.01755579740796436,2.6404731463639156e-06,8.611546296054173e-33,0.021256125293256496,0.026480220269096903,0.8259171022826975,0.00012422175302107414,3.252067470943234e-31,2.3915988041569905e-08,3.921875377583531e-11,1.2317773612010685e-37,2.574627579125061e-07,3.211798853093902e-07,0.09289105824655737,0.00015232787100479624,3.8351634630372525e-31,False,1e-24,True
UniGCN,random,7,139,restart,9386.516927546045,970.7175396360378,938.5248791004913,1299.0595443259106,1203.6186392107604,7.225624851874485,0.7472463782557008,0.7797526961828234,0.012787105101209676,0.014417996344820043,0.013424461290182705,0.015734732852784775,0.014598749276610168,0.8126674422023364,0.9163165641079384,0.9195624252339971,False,1e-24,False
UniGCN,random,7,140,base,0.01659343462612036,2.4957293319151135e-06,8.094673744717387e-33,0.020090920239160644,0.0250286440262286,0.8259171022826975,0.00012422175302107417,3.2341639188421985e-31,2.2604976285886754e-08,3.706888452711378e-11,1.157845005097425e-37,2.4334932460223656e-07,3.035736461442891e-07,0.09289105824655737,0.00015232787100479626,3.8140498024228987e-31,False,1e-24,True
UniGCN,random,7,140,restart,9386.516927527648,970.7175396360242,938.5248791004913,1299.0595443076472,1203.6186391875028,7.225624851961909,0.7472463782661959,0.7797526961978904,0.012787105101184613,0.014417996344819842,0.013424461290182705,0.015734732852563563,0.014598749276328074,0.812667442212169,0.916316564120808,0.9195624252517657,False,1e-24,False
UniGCN,random,7,141,base,0.015683826048620182,2.3589199938498476e-06,7.698250604698633e-33,0.01898958867091224,0.0236566393868986,0.8259171022826978,0.00012422175302107411,3.254160694084908e-31,2.1365830757120588e-08,3.503686547355693e-11,1.101141477932381e-37,2.30009552700003e-07,2.8693253484589773e-07,0.0928910582465574,0.0001523278710047962,3.8376320012778212e-31,False,1e-24,True
UniGCN,random,7,141,restart,9386.516927511555,970.7175396360126,938.5248791004914,1299.0595442916674,1203.618639167153,7.225624852038403,0.7472463782753789,0.779752696211074,0.012787105101162691,0.014417996344819668,0.013424461290182706,0.01573473285237001,0.014598749276081253,0.8126674422207724,0.9163165641320687,0.919562425267313,False,1e-24,False
UniGCN,random,7,142,base,0.014824079828305506,2.2296101849773154e-06,7.273927375210252e-33,0.017948629211496182,0.022359844444441133,0.8259171022826975,0.00012422175302107411,3.2531207420893383e-31,2.019461193714818e-08,3.3116236376474185e-11,1.0404471810028035e-37,2.1740103211599067e-07,2.7120364563517024e-07,0.09289105824655737,0.0001523278710047962,3.836405585795253e-31,False,1e-24,True
UniGCN,random,7,142,restart,9386.516927497472,970.7175396360026,938.5248791004915,1299.059544277685,1203.618639149347,7.225624852105335,0.7472463782834141,0.7797526962226095,0.012787105101143507,0.01441799634481952,0.013424461290182708,0.015734732852200648,0.014598749275865281,0.8126674422283001,0.916316564141922,0.9195624252809168,False,1e-24,False
UniGCN,random,7,143,base,0.014011462641496683,2.107388800771261e-06,6.817941733759173e-33,0.01696473242020456,0.021134136400476723,0.8259171022826975,0.0001242217530210742,3.2260328052038976e-31,1.908759626190022e-08,3.1300891130520915e-11,9.752239596599018e-38,2.054836775703072e-07,2.5633697288914653e-07,0.09289105824655737,0.0001523278710047963,3.8044607793727804e-31,False,1e-24,True
UniGCN,random,7,143,restart,9386.516927485152,970.7175396359935,938.5248791004911,1299.0595442654505,1203.6186391337671,7.225624852163902,0.7472463782904447,0.7797526962327025,0.012787105101126723,0.014417996344819385,0.013424461290182703,0.015734732852052458,0.014598749275676313,0.8126674422348872,0.9163165641505433,0.9195624252928195,False,1e-24,False
UniGCN,random,7,144,base,0.01324339099815129,1.991867272377621e-06,6.460816880352951e-33,0.016034770271191573,0.019975618457622902,0.8259171022826978,0.00012422175302107411,3.234351363918566e-31,1.804126428332635e-08,2.958505835103696e-11,9.241415762615107e-38,1.9421960115299878e-07,2.4228525216200057e-07,0.0928910582465574,0.0001523278710047962,3.8142708564184367e-31,False,1e-24,True
UniGCN,random,7,144,restart,9386.516927474371,970.7175396359855,938.5248791004914,1299.0595442547458,1203.6186391201352,7.2256248522151445,0.7472463782965961,0.7797526962415341,0.012787105101112035,0.014417996344819268,0.013424461290182706,0.015734732851922797,0.01459874927551097,0.8126674422406505,0.9163165641580865,0.9195624253032346,False,1e-24,False
UniGCN,random,7,145,base,0.012517423028376997,1.882678331268074e-06,6.12392351336247e-33,0.015155786208786473,0.018880607430712137,0.8259171022826978,0.0001242217530210741,3.2434992019382757e-31,1.7052289480290163e-08,2.7963283025536518e-11,8.759530618726579e-38,1.8357299186999126e-07,2.2900380992089673e-07,0.0928910582465574,0.00015232787100479615,3.82505890262364e-31,False,1e-24,True
UniGCN,random,7,145,restart,9386.516927464938,970.7175396359786,938.524879100491,1299.0595442453791,1203.618639108207,7.225624852259982,0.7472463783019786,0.7797526962492614,0.012787105101099185,0.014417996344819163,0.013424461290182701,0.015734732851809347,0.014598749275366292,0.8126674422456934,0.9163165641646868,0.9195624253123474,False,1e-24,False
UniGCN,random,7,146,base,0.011831250719186294,1.7794748416120232e-06,5.760646882996753e-33,0.014324985747948169,0.017845622037130318,0.8259171022826977,0.00012422175302107406,3.2280448790246256e-31,1.611752768282168e-08,2.6430409171014922e-11,8.239907413143939e-38,1.7351000179200791e-07,2.164504215189339e-07,0.09289105824655738,0.00015232787100479613,3.806833618211807e-31,False,1e-24,True
UniGCN,random,7,146,restart,9386.516927456682,970.7175396359726,938.5248791004915,1299.0595442371837,1203.6186390977705,7.225624852299212,0.7472463783066883,0.779752696256023,0.012787105101087938,0.014417996344819075,0.013424461290182708,0.01573473285171008,0.014598749275239707,0.8126674422501056,0.9163165641704621,0.9195624253203214,False,1e-24,False
UniGCN,random,7,147,base,0.011182692576811934,1.6819286966549012e-06,5.43707876553886e-33,0.013539727589978257,0.016867371829048163,0.8259171022826975,0.00012422175302107406,3.2234297201982516e-31,1.5234007076104535e-08,2.498156344193662e-11,7.777082424240721e-38,1.6399863844450415e-07,2.0458517695363898e-07,0.09289105824655737,0.00015232787100479613,3.801390960989849e-31,False,1e-24,True
UniGCN,random,7,147,restart,9386.516927449462,970.7175396359673,938.5248791004914,1299.0595442300125,1203.6186390886387,7.2256248523335405,0.7472463783108092,0.7797526962619388,0.012787105101078102,0.014417996344818997,0.013424461290182706,0.015734732851623218,0.014598749275128947,0.8126674422539665,0.9163165641755154,0.9195624253272979,False,1e-24,False
UniGCN,random,7,148,base,0.01056968669125502,1.5897297755941133e-06,5.147585078383954e-33,0.012797515225247379,0.015942746732358685,0.8259171022826978,0.00012422175302107392,3.2287943632297686e-31,1.4398918752418357e-08,2.361213963679016e-11,7.362996779469319e-38,1.5500866309650416e-07,1.9337035398422875e-07,0.0928910582465574,0.00015232787100479596,3.8077174850028163e-31,False,1e-24,True
UniGCN,random,7,148,restart,9386.516927443141,970.7175396359627,938.5248791004913,1299.0595442237382,1203.618639080648,7.225624852363575,0.7472463783144148,0.7797526962671154,0.012787105101069491,0.014417996344818928,0.013424461290182705,0.015734732851547223,0.01459874927503203,0.8126674422573446,0.9163165641799368,0.9195624253334027,False,1e-24,False
UniGCN,random,7,149,base,0.00999028418101637,1.5025849576363182e-06,4.891442168891382e-33,0.012095988996238104,0.015068807159062704,0.8259171022826977,0.00012422175302107398,3.246071249872996e-31,1.3609607780998923e-08,2.2317784053953373e-11,6.996615381404152e-38,1.465114946249771e-07,1.827702982042504e-07,0.09289105824655738,0.00015232787100479605,3.828092118986017e-31,False,1e-24,True
UniGCN,random,7,149,restart,9386.516927437613,970.7175396359586,938.5248791004913,1299.059544218248,1203.6186390736566,7.225624852389857,0.7472463783175697,0.7797526962716446,0.012787105101061961,0.014417996344818867,0.013424461290182705,0.015734732851480724,0.01459874927494723,0.8126674422603004,0.9163165641838055,0.9195624253387439,False,1e-24,False
UniGCN,random,7,150,base,0.00944264299717055,1.4202171901014844e-06,4.663923405199725e-33,0.011432918595670988,0.014242774661667424,0.8259171022826974,0.0001242217530210739,3.274589057251652e-31,1.2863564767425181e-08,2.1094381650311326e-11,6.671177355840438e-38,1.3848011864911572e-07,1.7275130968832543e-07,0.09289105824655737,0.00015232787100479594,3.8617231718106478e-31,False,1e-24,True
UniGCN,random,7,150,restart,9386.516927432775,970.7175396359552,938.5248791004913,1299.0595442134443,1203.6186390675396,7.225624852412851,0.7472463783203303,0.7797526962756075,0.012787105101055369,0.014417996344818816,0.013424461290182705,0.015734732851422538,0.014598749274873035,0.8126674422628866,0.9163165641871907,0.9195624253434174,False,1e-24,False
UniGCN,random,7,151,base,0.008925022067084266,1.34236460761106e-06,4.331497568734813e-33,0.010806195975863667,0.013462023099886394,0.8259171022826974,0.00012422175302107398,3.2175680702637973e-31,1.2158417875698474e-08,1.9938042958622906e-11,6.195682473088162e-38,1.3088900164563554e-07,1.63281535852622e-07,0.09289105824655737,0.00015232787100479605,3.794478316691232e-31,False,1e-24,True
UniGCN,random,7,151,restart,9386.516927428542,970.7175396359522,938.5248791004914,1299.0595442092413,1203.618639062187,7.225624852432972,0.7472463783227457,0.7797526962790753,0.012787105101049603,0.014417996344818773,0.013424461290182706,0.01573473285137163,0.014598749274808113,0.8126674422651495,0.9163165641901526,0.919562425347507,False,1e-24,False
UniGCN,random,7,152,base,0.008435775759160834,1.2687796995599199e-06,4.120021717570277e-33,0.010213828646780354,0.012724070291557817,0.8259171022826974,0.00012422175302107403,3.2379746599669723e-31,1.149192528765056e-08,1.8845091722042746e-11,5.893191890154689e-38,1.237140097720489e-07,1.5433087018843496e-07,0.09289105824655737,0.0001523278710047961,3.8185438097765e-31,False,1e-24,True
UniGCN,random,7,152,restart,9386.516927424835,970.7175396359492,938.5248791004914,1299.0595442055633,1203.6186390575033,7.225624852450575,0.747246378324859,0.7797526962821096,0.012787105101044553,0.014417996344818726,0.013424461290182706,0.01573473285132708,0.014598749274751304,0.8126674422671294,0.916316564192744,0.9195624253510853,False,1e-24,False
UniGCN,random,7,153,base,0.007973348651012775,1.1992285232253289e-06,3.9158829461243004e-33,0.009653933341464613,0.01202657012123761,0.8259171022826977,0.000124221753021074,3.2560263704855292e-31,1.0861968075707027e-08,1.7812053206486457e-11,5.601196110806942e-38,1.1693233213983305e-07,1.4587085654692592e-07,0.09289105824655738,0.00015232787100479607,3.839832193626056e-31,False,1e-24,True
UniGCN,random,7,153,restart,9386.516927421595,970.717539635947,938.5248791004911,1299.0595442023453,1203.618639053405,7.22562485246598,0.7472463783267083,0.7797526962847643,0.01278710510104014,0.014417996344818695,0.013424461290182703,0.015734732851288104,0.014598749274701598,0.812667442268862,0.9163165641950117,0.9195624253542161,False,1e-24,False
UniGCN,random,7,154,base,0.0075362705844294955,1.133489960011206e-06,3.642621545374978e-33,0.009124730028716558,0.011367305081378723,0.8259171022826975,0.00012422175302107403,3.204472405110438e-31,1.0266543466347156e-08,1.683564315368127e-11,5.210328785054612e-38,1.10522408293563e-07,1.378745986707225e-07,0.09289105824655737,0.0001523278710047961,3.7790345975897443e-31,False,1e-24,True
UniGCN,random,7,154,restart,9386.516927418761,970.7175396359448,938.5248791004913,1299.0595441995295,1203.6186390498196,7.22562485247946,0.7472463783283263,0.7797526962870872,0.012787105101036278,0.014417996344818662,0.013424461290182705,0.015734732851253996,0.014598749274658108,0.8126674422703781,0.9163165641969959,0.9195624253569554,False,1e-24,False
UniGCN,random,7,155,base,0.00712315199141871,1.0713550124631243e-06,3.492293988636454e-33,0.008624536253979366,0.010744179222383434,0.8259171022826977,0.0001242217530210741,3.2504055603995603e-31,9.703758472843306e-09,1.5912757339781457e-11,4.99530342864443e-38,1.0446385966544778e-07,1.3031667468475832e-07,0.09289105824655738,0.00015232787100479615,3.833203571782572e-31,False,1e-24,True
UniGCN,random,7,155,restart,9386.516927416278,970.7175396359432,938.5248791004913,1299.059544197066,1203.6186390466823,7.225624852491252,0.7472463783297423,0.7797526962891197,0.012787105101032897,0.01441799634481864,0.013424461290182705,0.01573473285122416,0.014598749274620057,0.8126674422717043,0.9163165641987322,0.9195624253593524,False,1e-24,False
UniGCN,random,7,156,base,0.00673267947646194,1.0126261398191057e-06,3.280094291036916e-33,0.008151761790443536,0.010155211489115292,0.8259171022826978,0.00012422175302107411,3.229961576430619e-31,9.17182387703672e-09,1.5040461706353072e-11,4.691777471086042e-38,9.873742478734906e-08,1.2317305627450086e-07,0.0928910582465574,0.0001523278710047962,3.8090939796362984e-31,False,1e-24,True
UniGCN,random,7,156,restart,9386.516927414106,970.7175396359415,938.5248791004911,1299.0595441949101,1203.6186390439368,7.225624852501572,0.747246378330981,0.7797526962908983,0.012787105101029938,0.014417996344818614,0.013424461290182703,0.015734732851198044,0.014598749274586756,0.812667442272865,0.9163165642002512,0.9195624253614498,False,1e-24,False
UniGCN,random,7,157,base,0.00636361164093927,9.57116629983786e-07,3.100601425430491e-33,0.007704903583363639,0.009598529422686028,0.8259171022826978,0.000124221753021074,3.2302879835969985e-31,8.669048541016724e-09,1.421598303235232e-11,4.4350346739737436e-38,9.332489805430767e-08,1.1642103229461713e-07,0.0928910582465574,0.00015232787100479607,3.8094789116371742e-31,False,1e-24,True
UniGCN,random,7,157,restart,9386.516927412207,970.7175396359403,938.5248791004913,1299.059544193024,1203.6186390415353,7.225624852510601,0.747246378332065,0.7797526962924541,0.012787105101027351,0.014417996344818594,0.013424461290182705,0.0157347328511752,0.014598749274557628,0.8126674422738804,0.9163165642015805,0.9195624253632847,False,1e-24,False
UniGCN,random,7,158,base,0.006014775136448115,9.04650005929302e-07,2.9106755565327718e-33,0.007282540971514303,0.009072363207493944,0.8259171022826978,0.000124221753021074,3.208288171408855e-31,8.193834030618652e-09,1.3436700117441535e-11,4.163368729703262e-38,8.820907184489227e-08,1.1003913656521151e-07,0.0928910582465574,0.00015232787100479607,3.7835345311310776e-31,False,1e-24,True
UniGCN,random,7,158,restart,9386.516927410546,970.7175396359388,938.5248791004911,1299.0595441913733,1203.6186390394332,7.225624852518504,0.7472463783330132,0.7797526962938158,0.01278710510102509,0.014417996344818574,0.013424461290182703,0.015734732851155207,0.01459874927453213,0.8126674422747694,0.9163165642027432,0.9195624253648905,False,1e-24,False
UniGCN,random,7,159,base,0.005685060934468751,8.550594646357259e-07,2.782864912013411e-33,0.006883331170593498,0.008575040044588101,0.8259171022826978,0.00012422175302107403,3.2453083572125585e-31,7.744669533647588e-09,1.2700135448612629e-11,3.980551088100844e-38,8.337368181435926e-08,1.0400707962608511e-07,0.0928910582465574,0.0001523278710047961,3.8271924396024646e-31,False,1e-24,True
UniGCN,random,7,159,restart,9386.516927409091,970.7175396359378,938.5248791004911,1299.0595441899295,1203.6186390375942,7.225624852525415,0.7472463783338431,0.7797526962950072,0.012787105101023107,0.014417996344818558,0.013424461290182703,0.015734732851137717,0.014598749274509826,0.8126674422755467,0.916316564203761,0.9195624253662955,False,1e-24,False
UniGCN,random,7,160,base,0.005373420800516989,8.08187346787318e-07,2.642005404357268e-33,0.0065060050042137964,0.008104978833469898,0.8259171022826977,0.00012422175302107403,3.259731405401061e-31,7.3201270566717265e-09,1.2003947323624483e-11,3.779068628765676e-38,7.880335518669814e-08,9.830568423204723e-08,0.09289105824655738,0.0001523278710047961,3.8442015416375235e-31,False,1e-24,True
UniGCN,random,7,160,restart,9386.516927407818,970.717539635937,938.5248791004913,1299.059544188666,1203.6186390359853,7.225624852531462,0.7472463783345692,0.7797526962960497,0.012787105101021372,0.014417996344818546,0.013424461290182705,0.015734732851122413,0.014598749274490312,0.8126674422762268,0.9163165642046512,0.9195624253675249,False,1e-24,False
UniGCN,random,7,161,base,0.005078863961574545,7.638846355386384e-07,2.4507366557988403e-33,0.006149362868909493,0.007660685145424359,0.8259171022826978,0.00012422175302107406,3.199108969075224e-31,6.918856885114936e-09,1.1345922406212795e-11,3.50548185784222e-38,7.448356188117121e-08,9.291682438420507e-08,0.0928910582465574,0.00015232787100479613,3.7727094969876266e-31,False,1e-24,True
UniGCN,random,7,161,restart,9386.516927406705,970.7175396359361,938.5248791004911,1299.0595441875605,1203.6186390345777,7.225624852536754,0.7472463783352044,0.7797526962969615,0.012787105101019856,0.014417996344818532,0.013424461290182703,0.015734732851109025,0.014598749274473239,0.812667442276822,0.9163165642054302,0.9195624253686002,False,1e-24,False
UniGCN,random,7,162,base,0.004800453956202143,7.220104827569851e-07,2.3466226098013736e-33,0.005812270920331456,0.007240746472400194,0.8259171022826975,0.0001242217530210741,3.24085730490092e-31,6.539583292215128e-09,1.0723968689403805e-11,3.356559329374262e-38,7.040056831796823e-08,8.782336770339784e-08,0.09289105824655737,0.00015232787100479615,3.8219433132081985e-31,False,1e-24,True
UniGCN,random,7,162,restart,9386.51692740573,970.7175396359353,938.5248791004914,1299.0595441865933,1203.6186390333457,7.225624852541383,0.7472463783357602,0.7797526962977598,0.012787105101018527,0.01441799634481852,0.013424461290182706,0.01573473285109731,0.014598749274458296,0.8126674422773426,0.9163165642061118,0.9195624253695416,False,1e-24,False
UniGCN,random,7,163,base,0.004537305657321176,6.824317612349811e-07,2.2094113101685266e-33,0.0054936574685047895,0.0068438277363338405,0.8259171022826977,0.0001242217530210741,3.2283268885316545e-31,6.181100483206317e-09,1.0136108844560717e-11,3.1602951896039635e-38,6.654139375611424e-08,8.300912096256862e-08,0.09289105824655738,0.00015232787100479615,3.807166192048989e-31,False,1e-24,True
UniGCN,random,7,163,restart,9386.51692740488,970.7175396359349,938.5248791004913,1299.0595441857467,1203.618639032268,7.2256248525454385,0.7472463783362469,0.7797526962984579,0.01278710510101737,0.014417996344818516,0.013424461290182705,0.015734732851087053,0.014598749274445225,0.8126674422777987,0.9163165642067085,0.9195624253703649,False,1e-24,False
UniGCN,random,7,164,base,0.0042885824581986335,6.450226414496923e-07,2.1028181816703664e-33,0.005192509570689001,0.0064686670446405395,0.8259171022826975,0.00012422175302107406,3.250775108934702e-31,5.842268761829927e-09,9.580473935017969e-12,3.00782663398139e-38,6.289376902481835e-08,7.845877860490834e-08,0.09289105824655737,0.00015232787100479613,3.833639380403536e-31,False,1e-24,True
UniGCN,random,7,164,restart,9386.516927404131,970.7175396359341,938.5248791004913,1299.0595441850062,1203.6186390313246,7.225624852548981,0.7472463783366723,0.7797526962990691,0.012787105101016348,0.014417996344818504,0.013424461290182705,0.015734732851078084,0.014598749274433782,0.8126674422781971,0.9163165642072302,0.9195624253710857,False,1e-24,False
UniGCN,random,7,165,base,0.004053493612688997,6.096641915227021e-07,1.9719333374937612e-33,0.004907869811008653,0.006114071678378295,0.8259171022826974,0.000124221753021074,3.225237519650407e-31,5.522010906987953e-09,9.055297474317577e-12,2.8206117222355827e-38,5.944609751706219e-08,7.415787408410041e-08,0.09289105824655737,0.00015232787100479607,3.8035228990475163e-31,False,1e-24,True
UniGCN,random,7,165,restart,9386.51692740348,970.7175396359338,938.5248791004914,1299.0595441843582,1203.6186390304995,7.225624852552084,0.7472463783370447,0.7797526962996038,0.012787105101015462,0.014417996344818499,0.013424461290182706,0.015734732851070236,0.014598749274423773,0.8126674422785461,0.9163165642076868,0.9195624253717162,False,1e-24,False
UniGCN,random,7,166,base,0.0038312917212770703,5.762439991093234e-07,1.8751580216674056e-33,0.004638833256616211,0.00577891430033015,0.8259171022826975,0.000124221753021074,3.244827530251275e-31,5.219308748018459e-09,8.558909810157369e-12,2.682186358125761e-38,5.6187418321417306e-08,7.009273387196536e-08,0.09289105824655737,0.00015232787100479607,3.8266254003234725e-31,False,1e-24,True
UniGCN,random,7,166,restart,9386.51692740291,970.7175396359332,938.5248791004911,1299.059544183791,1203.6186390297773,7.2256248525548,0.7472463783373705,0.7797526963000713,0.012787105101014686,0.01441799634481849,0.013424461290182703,0.015734732851063367,0.014598749274415014,0.8126674422788516,0.9163165642080864,0.9195624253722675,False,1e-24,False
UniGCN,random,7,167,base,0.0036212703549293704,5.446558140148553e-07,1.7799770319111524e-33,0.004384544580710074,0.005462129370949454,0.8259171022826978,0.000124221753021074,3.2587602948000995e-31,4.933199927705513e-09,8.089732816196488e-12,2.54604148429261e-38,5.31073713748798e-08,6.6250433987286e-08,0.0928910582465574,0.00015232787100479607,3.8430563108178525e-31,False,1e-24,True
UniGCN,random,7,167,restart,9386.51692740241,970.7175396359329,938.5248791004911,1299.059544183295,1203.6186390291455,7.225624852557173,0.7472463783376556,0.7797526963004806,0.012787105101014004,0.014417996344818485,0.013424461290182703,0.015734732851057358,0.01459874927440735,0.8126674422791185,0.916316564208436,0.9195624253727502,False,1e-24,False
UniGCN,random,7,168,base,0.0034227618091997388,5.147992104016774e-07,1.6844019497927415e-33,0.004144195343261199,0.005162709760773612,0.8259171022826977,0.00012422175302107395,3.2626315013694286e-31,4.662774842732413e-09,7.646274874842155e-12,2.409332909083144e-38,5.019616452593508e-08,6.261875890760816e-08,0.09289105824655738,0.000152327871004796,3.847621625075694e-31,False,1e-24,True
UniGCN,random,7,168,restart,9386.516927401974,970.7175396359327,938.5248791004915,1299.059544182861,1203.6186390285927,7.2256248525592515,0.7472463783379051,0.7797526963008391,0.01278710510101341,0.014417996344818482,0.013424461290182708,0.0157347328510521,0.014598749274400647,0.8126674422793523,0.916316564208742,0.919562425373173,False,1e-24,False
UniGCN,random,7,169,base,0.003235134981449007,4.865792675132674e-07,1.5900442721935984e-33,0.003917021420803167,0.004879703548536433,0.8259171022826975,0.000124221753021074,3.2584853903071625e-31,4.40717375185126e-09,7.227126135066958e-12,2.274365683539238e-38,4.7444542403139156e-08,5.918616273338903e-08,0.09289105824655737,0.00015232787100479607,3.8427321159244325e-31,False,1e-24,True
UniGCN,random,7,169,restart,9386.516927401588,970.7175396359323,938.5248791004913,1299.059544182481,1203.618639028109,7.225624852561069,0.7472463783381234,0.7797526963011522,0.012787105101012884,0.014417996344818476,0.013424461290182705,0.015734732851047498,0.01459874927439478,0.8126674422795567,0.9163165642090096,0.9195624253735423,False,1e-24,False
UniGCN,random,7,170,base,0.0030577933644299077,4.5990626790008824e-07,1.4872187749145733e-33,0.0037023005771144282,0.00461221099479956,0.8259171022826977,0.000124221753021074,3.224524586129013e-31,4.165584042575091e-09,6.830954030180096e-12,2.1272862678940127e-38,4.4843756990242604e-08,5.5941732481024855e-08,0.09289105824655738,0.00015232787100479607,3.8026821364811626e-31,False,1e-24,True
UniGCN,random,7,170,restart,9386.516927401255,970.7175396359322,938.5248791004913,1299.0595441821488,1203.618639027686,7.22562485256266,0.7472463783383144,0.7797526963014263,0.012787105101012431,0.014417996344818475,0.013424461290182705,0.015734732851043473,0.014598749274389648,0.8126674422797356,0.9163165642092439,0.9195624253738656,False,1e-24,False
UniGCN,random,7,171,base,0.0028901731498584006,4.3469541218794446e-07,1.4133491218033597e-33,0.003499350167069362,0.00435938168148149,0.8259171022826974,0.00012422175302107403,3.2420862064159698e-31,3.937237647702767e-09,6.456499041302733e-12,2.0216246790759146e-38,4.238553981430915e-08,5.287515338805876e-08,0.09289105824655737,0.0001523278710047961,3.8233925568762035e-31,False,1e-24,True
UniGCN,random,7,171,restart,9386.516927400964,970.7175396359318,938.5248791004913,1299.059544181858,1203.6186390273158,7.225624852564052,0.7472463783384813,0.779752696301666,0.012787105101012034,0.014417996344818468,0.013424461290182705,0.01573473285103995,0.014598749274385158,0.8126674422798922,0.9163165642094485,0.9195624253741482,False,1e-24,False
UniGCN,random,7,172,base,0.0027317414359422465,4.108665494819855e-07,1.3294292585918797e-33,0.0033075249663582058,0.004120411808190114,0.8259171022826978,0.00012422175302107411,3.2264475505807027e-31,3.721408603463214e-09,6.102570693078437e-12,1.9015874823806405e-38,4.0062075658408516e-08,4.9976676120265954e-08,0.0928910582465574,0.0001523278710047962,3.804949888633212e-31,False,1e-24,True
UniGCN,random,7,172,restart,9386.516927400706,970.7175396359316,938.5248791004913,1299.0595441816035,1203.6186390269916,7.22562485256527,0.7472463783386277,0.7797526963018762,0.012787105101011683,0.014417996344818466,0.013424461290182705,0.01573473285103687,0.014598749274381225,0.8126674422800292,0.916316564209628,0.919562425374396,False,1e-24,False
UniGCN,random,7,173,base,0.002581994533168165,3.883439225492576e-07,1.2606600053432244e-33,0.0031262151201760587,0.003894541636763222,0.8259171022826974,0.000124221753021074,3.2369919824274025e-31,3.5174107415157784e-09,5.768043768888346e-12,1.803221397607677e-38,3.78659777153108e-08,4.7237085776360726e-08,0.09289105824655737,0.00015232787100479607,3.81738493806508e-31,False,1e-24,True
UniGCN,random,7,173,restart,9386.516927400482,970.7175396359318,938.5248791004914,1299.059544181381,1203.618639026708,7.225624852566336,0.7472463783387557,0.7797526963020599,0.012787105101011378,0.014417996344818468,0.013424461290182706,0.015734732851034175,0.014598749274377787,0.812667442280149,0.916316564209785,0.9195624253746127,False,1e-24,False
UniGCN,random,7,174,base,0.002440456362961299,3.670559269696796e-07,1.1822963388649793e-33,0.0029548442043593527,0.0036810530758925857,0.8259171022826974,0.00012422175302107406,3.2118426833014213e-31,3.3245955074690787e-09,5.451854733538288e-12,1.6911316671572441e-38,3.5790264103189845e-08,4.4647672591783915e-08,0.09289105824655737,0.00015232787100479613,3.787726367327929e-31,False,1e-24,True
UniGCN,random,7,174,restart,9386.516927400284,970.7175396359314,938.524879100491,1299.059544181186,1203.61863902646,7.225624852567266,0.7472463783388675,0.7797526963022203,0.012787105101011107,0.014417996344818463,0.013424461290182701,0.015734732851031812,0.014598749274374778,0.8126674422802537,0.9163165642099221,0.9195624253748019,False,1e-24,False
UniGCN,random,7,175,base,0.002306676944125966,3.469348834897281e-07,1.1290657771221958e-33,0.00279286739280576,0.0034792673981526323,0.8259171022826978,0.00012422175302107406,3.245125044777213e-31,3.142349898982931e-09,5.152998352044782e-12,1.6149917979344312e-38,3.3828335668674425e-08,4.220020424843217e-08,0.0928910582465574,0.00015232787100479613,3.826976259230858e-31,False,1e-24,True
UniGCN,random,7,175,restart,9386.516927400113,970.7175396359311,938.5248791004911,1299.0595441810156,1203.6186390262428,7.2256248525680835,0.7472463783389653,0.7797526963023611,0.012787105101010875,0.014417996344818457,0.013424461290182703,0.015734732851029748,0.014598749274372144,0.8126674422803456,0.9163165642100422,0.9195624253749679,False,1e-24,False
UniGCN,random,7,176,base,0.002180230962255759,3.279168228551007e-07,1.0643643172490136e-33,0.0026397697253513256,0.0032885430821756032,0.8259171022826974,0.000124221753021074,3.236583163583983e-31,2.97009451689812e-09,4.870524493770382e-12,1.5224441987361747e-38,3.197395500667789e-08,3.988689970229506e-08,0.09289105824655737,0.00015232787100479607,3.816902817966007e-31,False,1e-24,True
UniGCN,random,7,176,restart,9386.516927399962,970.717539635931,938.5248791004911,1299.0595441808662,1203.618639026053,7.2256248525687985,0.7472463783390513,0.7797526963024841,0.012787105101010669,0.014417996344818457,0.013424461290182703,0.01573473285102794,0.014598749274369842,0.812667442280426,0.9163165642101475,0.919562425375113,False,1e-24,False
UniGCN,random,7,177,base,0.00206071641756484,3.099412824382856e-07,1.0005417503153563e-33,0.0024950644705980327,0.003108273773113024,0.8259171022826977,0.000124221753021074,3.2189627534426788e-31,2.8072817231981318e-09,4.603535111747904e-12,1.431153749402307e-38,3.022122663030564e-08,3.770040444579254e-08,0.09289105824655738,0.00015232787100479607,3.7961230666904098e-31,False,1e-24,True
UniGCN,random,7,177,restart,9386.516927399833,970.717539635931,938.5248791004911,1299.059544180736,1203.6186390258868,7.225624852569422,0.7472463783391261,0.7797526963025918,0.012787105101010493,0.014417996344818457,0.013424461290182703,0.015734732851026362,0.014598749274367826,0.8126674422804961,0.9163165642102392,0.91956242537524,False,1e-24,False
UniGCN,random,7,178,base,0.0019477533468415687,2.929511140144752e-07,9.579531682779283e-34,0.002358291578486875,0.0029378863548993246,0.8259171022826975,0.00012422175302107395,3.2606883063410928e-31,2.6533938999465857e-09,4.351181387590183e-12,1.3702359427786633e-38,2.856457822779646e-08,3.563376712616629e-08,0.09289105824655737,0.000152327871004796,3.845330015002774e-31,False,1e-24,True
UniGCN,random,7,178,restart,9386.516927399716,970.7175396359311,938.5248791004913,1299.0595441806217,1203.6186390257412,7.225624852569969,0.7472463783391919,0.7797526963026862,0.012787105101010334,0.014417996344818457,0.013424461290182705,0.015734732851024977,0.01459874927436606,0.8126674422805577,0.9163165642103199,0.9195624253753513,False,1e-24,False
UniGCN,random,7,179,base,0.0018409826154612867,2.768923020747014e-07,9.058329911481365e-34,0.0022290162176968084,0.0027768391281889153,0.8259171022826975,0.00012422175302107398,3.2621010772738952e-31,2.5079418036651563e-09,4.1126610329084046e-12,1.2956843442118834e-38,2.6998742946909027e-08,3.3680417445589456e-08,0.09289105824655737,0.00015232787100479605,3.846996095891789e-31,False,1e-24,True
UniGCN,random,7,179,restart,9386.516927399616,970.717539635931,938.5248791004914,1299.059544180522,1203.6186390256141,7.225624852570447,0.7472463783392492,0.7797526963027687,0.012787105101010198,0.014417996344818457,0.013424461290182706,0.01573473285102377,0.014598749274364518,0.8126674422806114,0.9163165642103902,0.9195624253754486,False,1e-24,False
UniGCN,random,7,180,base,0.001740064775617793,2.617137920985662e-07,8.52079070448867e-34,0.0021068273932196625,0.0026246200881739736,0.8259171022826974,0.00012422175302107403,3.246485364827349e-31,2.3704630099201838e-09,3.88721573865959e-12,1.218795873411353e-38,2.5518742650431967e-08,3.183414527273446e-08,0.09289105824655737,0.0001523278710047961,3.8285804847891936e-31,False,1e-24,True
UniGCN,random,7,180,restart,9386.51692739953,970.717539635931,938.5248791004914,1299.0595441804346,1203.6186390255027,7.225624852570867,0.7472463783392995,0.7797526963028407,0.012787105101010082,0.014417996344818457,0.013424461290182706,0.015734732851022712,0.014598749274363167,0.8126674422806587,0.9163165642104519,0.9195624253755336,False,1e-24,False
UniGCN,random,7,181,base,0.0016446789871435758,2.4736732824061233e-07,8.063400380696272e-34,0.0019913366397159675,0.002480745296807739,0.8259171022826974,0.000124221753021074,3.2503943033056956e-31,2.2405204431729626e-09,3.674128764314171e-12,1.1533717292784863e-38,2.4119872089582948e-08,3.008908089938982e-08,0.09289105824655737,0.00015232787100479607,3.8331902962907573e-31,False,1e-24,True
UniGCN,random,7,181,restart,9386.516927399452,970.7175396359307,938.5248791004913,1299.0595441803582,1203.6186390254056,7.225624852571233,0.7472463783393433,0.7797526963029036,0.012787105101009975,0.014417996344818454,0.013424461290182705,0.015734732851021786,0.01459874927436199,0.8126674422806999,0.9163165642105056,0.9195624253756076,False,1e-24,False
UniGCN,random,7,182,base,0.00155452199748785,2.3380729991430242e-07,7.540285603442712e-34,0.0018821767864975907,0.002344757344258271,0.8259171022826978,0.000124221753021074,3.215806369860404e-31,2.1177009872197913e-09,3.4727226591791014e-12,1.0785464983874995e-38,2.2797683944980517e-08,2.843967637935761e-08,0.0928910582465574,0.00015232787100479607,3.7924007432459455e-31,False,1e-24,True
UniGCN,random,7,182,restart,9386.516927399383,970.7175396359306,938.5248791004911,1299.059544180291,1203.6186390253204,7.225624852571553,0.7472463783393819,0.7797526963029588,0.012787105101009881,0.014417996344818452,0.013424461290182703,0.01573473285102097,0.014598749274360955,0.8126674422807357,0.9163165642105529,0.9195624253756729,False,1e-24,False
UniGCN,random,7,183,base,0.001469307177609522,2.2099059678585976e-07,7.155618184913099e-34,0.0017790007902107863,0.002216223894701269,0.8259171022826977,0.000124221753021074,3.2287433602811257e-31,2.001614171804043e-09,3.2823571086320127e-12,1.0235244847505827e-38,2.1547974687630654e-08,2.6880687890303546e-08,0.09289105824655738,0.00015232787100479607,3.807657337220862e-31,False,1e-24,True
UniGCN,random,7,183,restart,9386.516927399327,970.7175396359308,938.5248791004914,1299.0595441802327,1203.6186390252456,7.2256248525718325,0.7472463783394154,0.7797526963030074,0.012787105101009805,0.014417996344818456,0.013424461290182706,0.015734732851020266,0.014598749274360048,0.8126674422807673,0.916316564210594,0.9195624253757301,False,1e-24,False
UniGCN,random,7,184,base,0.001388763610719978,2.08876471716968e-07,6.769103758904739e-34,0.0016814806315084967,0.0020947363118287137,0.8259171022826975,0.000124221753021074,3.2314825119899138e-31,1.8918909312247323e-09,3.1024268984192025e-12,9.682382790719494e-39,2.0366771214976955e-08,2.5407159062484126e-08,0.09289105824655737,0.00015232787100479607,3.810887619079133e-31,False,1e-24,True
UniGCN,random,7,184,restart,9386.516927399274,970.7175396359307,938.5248791004911,1299.059544180181,1203.6186390251803,7.22562485257208,0.7472463783394451,0.7797526963030494,0.012787105101009732,0.014417996344818454,0.013424461290182703,0.01573473285101964,0.014598749274359257,0.8126674422807951,0.9163165642106303,0.9195624253757797,False,1e-24,False
UniGCN,random,7,185,base,0.0013126352309786008,1.9742641122059273e-07,6.344940291469343e-34,0.00158930627220419,0.0019799083597035316,0.8259171022826975,0.00012422175302107403,3.2046636200977627e-31,1.7881824309948937e-09,2.9323599905454607e-12,9.075668341683941e-39,1.92503182195275e-08,2.401440522134941e-08,0.09289105824655737,0.0001523278710047961,3.7792600974416155e-31,False,1e-24,True
UniGCN,random,7,185,restart,9386.516927399227,970.7175396359305,938.5248791004911,1299.0595441801363,1203.6186390251235,7.225624852572293,0.7472463783394707,0.7797526963030864,0.012787105101009668,0.01441799634481845,0.013424461290182703,0.015734732851019097,0.014598749274358568,0.812667442280819,0.9163165642106618,0.9195624253758233,False,1e-24,False
UniGCN,random,7,186,base,0.001240680009402739,1.8660401301807448e-07,6.0643262240061584e-34,0.0015021846695917858,0.0018713749748299922,0.8259171022826974,0.000124221753021074,3.2405724697462522e-31,1.6901589588194784e-09,2.7716157046385637e-12,8.674283917037603e-39,1.8195066249900514e-08,2.2697998493924852e-08,0.09289105824655737,0.00015232787100479607,3.8216074070844997e-31,False,1e-24,True
UniGCN,random,7,186,restart,9386.516927399189,970.7175396359305,938.5248791004913,1299.059544180097,1203.6186390250732,7.225624852572482,0.7472463783394934,0.7797526963031189,0.012787105101009616,0.01441799634481845,0.013424461290182705,0.01573473285101862,0.014598749274357958,0.8126674422808403,0.9163165642106896,0.9195624253758616,False,1e-24,False
UniGCN,random,7,187,base,0.0011726691844039614,1.7637487030822184e-07,5.745977329458121e-34,0.0014198388447979812,0.0017687911055359877,0.8259171022826974,0.000124221753021074,3.24853359533202e-31,1.5975088763669336e-09,2.6196829990066083e-12,8.218924394152224e-39,1.7197660426332144e-08,2.1453753731622295e-08,0.09289105824655737,0.00015232787100479607,3.8309959632088692e-31,False,1e-24,True
UniGCN,random,7,187,restart,9386.51692739915,970.7175396359305,938.5248791004911,1299.0595441800629,1203.6186390250296,7.225624852572643,0.747246378339513,0.7797526963031471,0.012787105101009564,0.01441799634481845,0.013424461290182703,0.01573473285101821,0.014598749274357429,0.8126674422808584,0.9163165642107137,0.9195624253758949,False,1e-24,False
UniGCN,random,7,188,base,0.00110838653450429,1.6670646238046837e-07,5.430269926643725e-34,0.0013420070022050563,0.0016718306149773353,0.8259171022826977,0.00012422175302107395,3.2480981494152995e-31,1.5099376285019112e-09,2.4760788459232664e-12,7.767343205151886e-39,1.625492977477055e-08,2.0277715204725544e-08,0.09289105824655738,0.000152327871004796,3.8304824417998406e-31,False,1e-24,True
UniGCN,random,7,188,restart,9386.516927399121,970.7175396359304,938.5248791004911,1299.0595441800328,1203.6186390249914,7.225624852572787,0.7472463783395301,0.7797526963031719,0.012787105101009524,0.014417996344818449,0.013424461290182703,0.015734732851017844,0.014598749274356965,0.8126674422808746,0.9163165642107347,0.9195624253759241,False,1e-24,False
UniGCN,random,7,189,base,0.0010476276909202283,1.5756805122433037e-07,5.161825260821506e-34,0.001268441697144616,0.001580185244276506,0.8259171022826974,0.00012422175302107392,3.266595027081694e-31,1.4271668068292471e-09,2.3403466959756495e-12,7.383365635123022e-39,1.5363877145647003e-08,1.9166144026249363e-08,0.09289105824655737,0.00015232787100479596,3.8522958113071623e-31,False,1e-24,True
UniGCN,random,7,189,restart,9386.5169273991,970.7175396359307,938.5248791004911,1299.0595441800065,1203.6186390249582,7.225624852572916,0.7472463783395455,0.7797526963031934,0.012787105101009494,0.014417996344818454,0.013424461290182703,0.015734732851017525,0.014598749274356563,0.8126674422808892,0.9163165642107536,0.9195624253759496,False,1e-24,False
UniGCN,random,7,190,base,0.0009901994878291276,1.489305838064623e-07,4.875302796123921e-34,0.0011989090492161754,0.0014935636324993676,0.8259171022826975,0.00012422175302107392,3.264208293533142e-31,1.348933264572002e-09,2.2120550265925894e-12,6.97352996408711e-39,1.4521669685273447e-08,1.8115506265189505e-08,0.09289105824655737,0.00015232787100479596,3.849481136217178e-31,False,1e-24,True
UniGCN,random,7,190,restart,9386.516927399074,970.7175396359306,938.5248791004914,1299.0595441799835,1203.6186390249288,7.2256248525730244,0.7472463783395586,0.7797526963032126,0.01278710510100946,0.014417996344818452,0.013424461290182706,0.015734732851017248,0.014598749274356207,0.8126674422809013,0.9163165642107697,0.9195624253759722,False,1e-24,False
UniGCN,random,7,191,base,0.000935919348252247,1.4076659970462845e-07,4.613264766215086e-34,0.0011331879987295595,0.001411690390354237,0.8259171022826975,0.000124221753021074,3.26790123226487e-31,1.2749882799695655e-09,2.0907959701388005e-12,6.598716310512111e-39,1.3725629829573157e-08,1.712246171137327e-08,0.09289105824655737,0.00015232787100479607,3.8538362191979906e-31,False,1e-24,True
UniGCN,random,7,191,restart,9386.516927399052,970.7175396359304,938.5248791004914,1299.0595441799633,1203.618639024903,7.22562485257312,0.7472463783395701,0.7797526963032293,0.01278710510100943,0.014417996344818449,0.013424461290182706,0.015734732851017,0.014598749274355893,0.8126674422809121,0.9163165642107837,0.9195624253759918,False,1e-24,False
UniGCN,random,7,192,base,0.0008846147036020958,1.3305014380493743e-07,4.341987644043778e-34,0.0010710696039071812,0.001334305224668318,0.8259171022826975,0.000124221753021074,3.2541187456738844e-31,1.2050967655360845e-09,1.9761840172133136e-12,6.210687254852847e-39,1.2973226791511406e-08,1.6183853256191442e-08,0.09289105824655737,0.00015232787100479607,3.8375825315129013e-31,False,1e-24,True
UniGCN,random,7,192,restart,9386.516927399038,970.7175396359306,938.5248791004914,1299.0595441799458,1203.6186390248808,7.2256248525732065,0.7472463783395804,0.7797526963032436,0.012787105101009411,0.014417996344818452,0.013424461290182706,0.01573473285101679,0.014598749274355624,0.8126674422809218,0.9163165642107963,0.9195624253760087,False,1e-24,False
UniGCN,random,7,193,base,0.0008361224450486672,1.257566837847861e-07,4.117682581528001e-34,0.0010123563766118462,0.0012611621108580477,0.8259171022826975,0.000124221753021074,3.264990714577116e-31,1.1390365206652712e-09,1.8678547910297003e-12,5.889846039453095e-39,1.226206851516287e-08,1.5296696855450688e-08,0.09289105824655737,0.00015232787100479607,3.850403845425204e-31,False,1e-24,True
UniGCN,random,7,193,restart,9386.51692739902,970.7175396359303,938.5248791004911,1299.0595441799303,1203.618639024861,7.225624852573279,0.7472463783395892,0.7797526963032563,0.012787105101009385,0.014417996344818447,0.013424461290182703,0.015734732851016602,0.014598749274355385,0.81266744228093,0.9163165642108071,0.9195624253760236,False,1e-24,False
UniGCN,random,7,194,base,0.000790288404960337,1.1886303211917168e-07,3.928615557788186e-34,0.0009568616544882182,0.0011920285107624464,0.8259171022826975,0.000124221753021074,3.2957395920634164e-31,1.076597525205455e-09,1.7654638889815536e-12,5.6194085691243596e-39,1.158989407083598e-08,1.4458172042436066e-08,0.09289105824655737,0.00015232787100479607,3.886665999429858e-31,False,1e-24,True
UniGCN,random,7,194,restart,9386.516927399009,970.7175396359304,938.5248791004913,1299.059544179917,1203.6186390248438,7.225624852573344,0.7472463783395968,0.7797526963032675,0.012787105101009371,0.014417996344818449,0.013424461290182705,0.015734732851016443,0.014598749274355175,0.8126674422809372,0.9163165642108164,0.9195624253760368,False,1e-24,False
UniGCN,random,7,195,base,0.0007469668667708122,1.123472723624132e-07,3.69953511911333e-34,0.0009044090075218443,0.0011266846333527942,0.8259171022826978,0.000124221753021074,3.2835586903357626e-31,1.0175812717589973e-09,1.6686857877103095e-12,5.291736756707824e-39,1.0954566467076606e-08,1.3665612961022554e-08,0.0928910582465574,0.00015232787100479607,3.8723010609191584e-31,False,1e-24,True
UniGCN,random,7,195,restart,9386.516927398996,970.7175396359305,938.5248791004914,1299.0595441799053,1203.618639024829,7.225624852573401,0.7472463783396036,0.7797526963032773,0.012787105101009354,0.01441799634481845,0.013424461290182706,0.0157347328510163,0.014598749274354996,0.8126674422809437,0.9163165642108247,0.9195624253760484,False,1e-24,False
UniGCN,random,7,196,base,0.0007060201017138891,1.061886894709161e-07,3.491856926545549e-34,0.0008548316771290566,0.001064922735968265,0.8259171022826978,0.00012422175302107395,3.2789767826401332e-31,9.618001345833038e-10,1.5772128081943847e-12,4.9946782642773034e-39,1.0354065856698848e-08,1.291649989032792e-08,0.0928910582465574,0.000152327871004796,3.8668976167586994e-31,False,1e-24,True
UniGCN,random,7,196,restart,9386.516927398987,970.7175396359305,938.5248791004914,1299.059544179895,1203.6186390248158,7.225624852573449,0.7472463783396095,0.7797526963032858,0.012787105101009342,0.01441799634481845,0.013424461290182706,0.015734732851016175,0.014598749274354837,0.812667442280949,0.916316564210832,0.9195624253760585,False,1e-24,False
UniGCN,random,7,197,base,0.0006673179309531963,1.0036770394546001e-07,3.2755839621386016e-34,0.0008079720459944959,0.0010065464638559876,0.8259171022826974,0.0001242217530210739,3.25427993615927e-31,9.090767730870259e-10,1.4907541375694117e-12,4.685325992062977e-39,9.786483115243413e-09,1.2208451233961874e-08,0.09289105824655737,0.00015232787100479594,3.8377726234669164e-31,False,1e-24,True
UniGCN,random,7,197,restart,9386.516927398974,970.7175396359304,938.5248791004911,1299.0595441798857,1203.618639024804,7.2256248525734925,0.7472463783396148,0.7797526963032932,0.012787105101009324,0.014417996344818449,0.013424461290182703,0.015734732851016064,0.014598749274354693,0.812667442280954,0.9163165642108385,0.9195624253760672,False,1e-24,False
UniGCN,random,7,198,base,0.0006307373117148381,9.486580958363357e-08,3.1045511893805135e-34,0.0007636811369707504,0.0009513702259157928,0.8259171022826977,0.00012422175302107403,3.263241906054039e-31,8.592435680250384e-10,1.4090349045697253e-12,4.440684332755646e-39,9.250013771448046e-09,1.1539215948403588e-08,0.09289105824655738,0.0001523278710047961,3.848341475375542e-31,False,1e-24,True
UniGCN,random,7,198,restart,9386.516927398969,970.7175396359305,938.5248791004914,1299.059544179878,1203.6186390247942,7.225624852573531,0.7472463783396194,0.7797526963032998,0.012787105101009315,0.01441799634481845,0.013424461290182706,0.01573473285101597,0.014598749274354575,0.8126674422809582,0.9163165642108441,0.9195624253760749,False,1e-24,False
UniGCN,random,7,199,base,0.00059616194610716,8.966551464451726e-08,2.953629209428488e-34,0.0007218181394470067,0.0008992186046649962,0.8259171022826978,0.00012422175302107406,3.2846620322417176e-31,8.121420885997287e-10,1.3317953056517151e-12,4.224808725958145e-39,8.742952270433708e-09,1.0906666386435731e-08,0.0928910582465574,0.00015232787100479613,3.8736022321287854e-31,False,1e-24,True
UniGCN,random,7,199,restart,9386.516927398963,970.7175396359305,938.5248791004913,1299.059544179871,1203.6186390247856,7.225624852573565,0.7472463783396234,0.7797526963033053,0.012787105101009309,0.01441799634481845,0.013424461290182705,0.015734732851015884,0.014598749274354469,0.8126674422809621,0.9163165642108491,0.9195624253760815,False,1e-24,False
UniGCN,random,7,200,base,0.0005634819113839894,8.475028623856485e-08,2.781105164792143e-34,0.0006822499616809232,0.0008499257985473599,0.8259171022826974,0.00012422175302107403,3.272174076308113e-31,7.676225887743966e-10,1.2587897790208183e-12,3.978033982909657e-39,8.263686551367774e-09,1.0308791532882621e-08,0.09289105824655737,0.0001523278710047961,3.8588751845651974e-31,False,1e-24,True
UniGCN,random,7,200,restart,9386.516927398954,970.7175396359303,938.524879100491,1299.059544179865,1203.6186390247776,7.225624852573593,0.7472463783396266,0.7797526963033103,0.012787105101009296,0.014417996344818447,0.013424461290182701,0.01573473285101581,0.014598749274354374,0.8126674422809652,0.916316564210853,0.9195624253760873,False,1e-24,False
UniGCN,random,7,201,base,0.0005325933104758779,8.010449776588518e-08,2.59554413651449e-34,0.0006448508076705015,0.0008033350948132215,0.8259171022826978,0.0001242217530210741,3.230960720218459e-31,7.255435311974341e-10,1.1897862239361772e-12,3.712611414307389e-39,7.810692922365573e-09,9.743690611147551e-09,0.0928910582465574,0.00015232787100479615,3.810272269995795e-31,False,1e-24,True
UniGCN,random,7,201,restart,9386.51692739895,970.7175396359305,938.5248791004911,1299.0595441798598,1203.6186390247708,7.225624852573618,0.7472463783396298,0.7797526963033148,0.012787105101009291,0.01441799634481845,0.013424461290182703,0.01573473285101575,0.01459874927435429,0.812667442280968,0.9163165642108569,0.9195624253760927,False,1e-24,False
UniGCN,random,7,202,base,0.0005033979416783005,7.571337923581938e-08,2.4517741465006136e-34,0.0006095017772207312,0.0007592983712949471,0.8259171022826974,0.0001242217530210741,3.2289996122594467e-31,6.857711372237304e-10,1.1245652628109686e-12,3.5069658625899925e-39,7.382531216336378e-09,9.209567040222925e-09,0.09289105824655737,0.00015232787100479615,3.807959535202106e-31,False,1e-24,True
UniGCN,random,7,202,restart,9386.516927398945,970.7175396359305,938.524879100491,1299.0595441798553,1203.6186390247651,7.225624852573639,0.7472463783396324,0.7797526963033183,0.012787105101009284,0.01441799634481845,0.013424461290182701,0.015734732851015693,0.014598749274354221,0.8126674422809704,0.91631656421086,0.9195624253760968,False,1e-24,False
UniGCN,random,7,203,base,0.000475802986446686,7.15629703098689e-08,2.3125234914117876e-34,0.0005760904879335292,0.0007176756254937494,0.8259171022826979,0.00012422175302107403,3.2222405349503242e-31,6.481789616027272e-10,1.06291954376246e-12,3.307784671925747e-39,6.977840212373176e-09,8.704722722961267e-09,0.09289105824655741,0.0001523278710047961,3.799988554719259e-31,False,1e-24,True
UniGCN,random,7,203,restart,9386.516927398941,970.7175396359304,938.5248791004914,1299.059544179851,1203.61863902476,7.2256248525736595,0.7472463783396347,0.7797526963033219,0.012787105101009279,0.014417996344818449,0.013424461290182706,0.01573473285101564,0.014598749274354159,0.8126674422809728,0.9163165642108629,0.919562425376101,False,1e-24,False
UniGCN,random,7,204,base,0.0004497207143057014,6.764007591868722e-08,2.187666950587461e-34,0.0005445107179192053,0.0006783345294807326,0.8259171022826977,0.000124221753021074,3.2250561566755675e-31,6.126474904809556e-10,1.004653081394448e-12,3.129192517743458e-39,6.595333308129912e-09,8.227552647448244e-09,0.09289105824655738,0.00015232787100479607,3.8033090176748615e-31,False,1e-24,True
UniGCN,random,7,204,restart,9386.516927398938,970.7175396359304,938.5248791004914,1299.0595441798478,1203.6186390247553,7.2256248525736755,0.7472463783396366,0.7797526963033251,0.012787105101009274,0.014417996344818449,0.013424461290182706,0.015734732851015603,0.014598749274354103,0.8126674422809745,0.9163165642108652,0.9195624253761048,False,1e-24,False
UniGCN,random,7,205,base,0.0004250682039346393,6.393222431203125e-08,2.0949157924025657e-34,0.0005146620680935429,0.000641150009197093,0.8259171022826974,0.00012422175302107398,3.2674347069354516e-31,5.790637614410245e-10,9.495806337162643e-13,2.9965232235776914e-39,6.233794429427605e-09,7.776539784314255e-09,0.09289105824655737,0.00015232787100479605,3.8532860458347524e-31,False,1e-24,True
UniGCN,random,7,205,restart,9386.516927398934,970.7175396359305,938.5248791004913,1299.0595441798444,1203.6186390247515,7.225624852573691,0.7472463783396387,0.7797526963033273,0.012787105101009269,0.01441799634481845,0.013424461290182705,0.01573473285101556,0.014598749274354056,0.8126674422809762,0.9163165642108678,0.9195624253761074,False,1e-24,False
UniGCN,random,7,206,base,0.00040176707954216987,6.042762740830478e-08,1.97596519019512e-34,0.00048644964298687155,0.000606003846815981,0.8259171022826979,0.000124221753021074,3.260647932479447e-31,5.473210043690717e-10,8.975271132174575e-13,2.8263787990304977e-39,5.8920741640851715e-09,7.350250263762025e-09,0.09289105824655741,0.00015232787100479607,3.8452824021040783e-31,False,1e-24,True
UniGCN,random,7,206,restart,9386.51692739893,970.7175396359304,938.5248791004911,1299.0595441798419,1203.6186390247478,7.225624852573702,0.7472463783396399,0.7797526963033297,0.012787105101009263,0.014417996344818449,0.013424461290182703,0.01573473285101553,0.014598749274354011,0.8126674422809775,0.9163165642108693,0.9195624253761102,False,1e-24,False
UniGCN,random,7,207,base,0.00037974326169233885,5.711514331763583e-08,1.8606946846298557e-34,0.0004597837490503484,0.0005727843049018425,0.8259171022826978,0.00012422175302107395,3.24850850260068e-31,5.173183020089202e-10,8.483270302258113e-13,2.661498306853903e-39,5.569086107683486e-09,6.9473288169768935e-09,0.0928910582465574,0.000152327871004796,3.8309663713485275e-31,False,1e-24,True
UniGCN,random,7,207,restart,9386.516927398929,970.7175396359306,938.5248791004913,1299.0595441798391,1203.618639024745,7.225624852573716,0.7472463783396417,0.7797526963033315,0.012787105101009262,0.014417996344818452,0.013424461290182705,0.0157347328510155,0.014598749274353978,0.8126674422809791,0.9163165642108715,0.9195624253761124,False,1e-24,False
UniGCN,random,7,208,base,0.0003589267317896318,5.398424091934076e-08,1.773216556852902e-34,0.0004345796095002974,0.0005413857711723607,0.8259171022826974,0.0001242217530210741,3.2753290745211775e-31,4.88960269123768e-10,8.018239667790213e-13,2.5363714438127335e-39,5.263803409645077e-09,6.566494467427055e-09,0.09289105824655737,0.00015232787100479615,3.862595874243626e-31,False,1e-24,True
UniGCN,random,7,208,restart,9386.516927398925,970.7175396359304,938.5248791004911,1299.0595441798368,1203.6186390247422,7.225624852573724,0.7472463783396428,0.7797526963033333,0.012787105101009257,0.014417996344818449,0.013424461290182703,0.01573473285101547,0.014598749274353943,0.81266744228098,0.9163165642108728,0.9195624253761144,False,1e-24,False
UniGCN,random,7,209,base,0.0003392513094743491,5.102496638115859e-08,1.656800927434274e-34,0.0004107570947940354,0.0005117084227336146,0.8259171022826977,0.0001242217530210741,3.2377831863376854e-31,4.621567492453906e-10,7.578700793373386e-13,2.369852990705718e-39,4.9752555086486864e-09,6.2065364583553895e-09,0.09289105824655738,0.00015232787100479615,3.8183180049081396e-31,False,1e-24,True
UniGCN,random,7,209,restart,9386.516927398925,970.7175396359304,938.5248791004913,1299.0595441798353,1203.61863902474,7.225624852573735,0.7472463783396437,0.7797526963033348,0.012787105101009257,0.014417996344818449,0.013424461290182705,0.01573473285101545,0.014598749274353917,0.8126674422809812,0.9163165642108739,0.9195624253761162,False,1e-24,False
UniGCN,random,7,210,base,0.0003206544422205813,4.822791151381366e-08,1.5667501095451807e-34,0.0003882404678803063,0.0004836579087209887,0.8259171022826974,0.0001242217530210741,3.239376595098755e-31,4.3682252804675665e-10,7.16325628756214e-13,2.2410462061631436e-39,4.702525046999836e-09,5.866310403515556e-09,0.09289105824655737,0.00015232787100479615,3.8201971120043903e-31,False,1e-24,True
UniGCN,random,7,210,restart,9386.516927398923,970.7175396359304,938.5248791004913,1299.0595441798334,1203.6186390247378,7.225624852573743,0.7472463783396448,0.7797526963033362,0.012787105101009255,0.014417996344818449,0.013424461290182705,0.01573473285101543,0.01459874927435389,0.8126674422809821,0.9163165642108753,0.9195624253761179,False,1e-24,False
UniGCN,random,7,211,base,0.0003030770064678742,4.558418386029765e-08,1.4721322544601347e-34,0.00036695814341441735,0.00045714505033687307,0.8259171022826977,0.00012422175302107411,3.220273857007335e-31,4.1287706242680736e-10,6.770585360245989e-13,2.1057068282484414e-39,4.4447449541474985e-09,5.5447346489146e-09,0.09289105824655738,0.0001523278710047962,3.7976692512429614e-31,False,1e-24,True
UniGCN,random,7,211,restart,9386.516927398921,970.7175396359303,938.5248791004911,1299.0595441798323,1203.618639024736,7.225624852573747,0.7472463783396454,0.7797526963033372,0.012787105101009251,0.014417996344818447,0.013424461290182703,0.015734732851015416,0.014598749274353869,0.8126674422809826,0.9163165642108759,0.9195624253761191,False,1e-24,False
UniGCN,random,7,212,base,0.0002864631196543332,4.308537842477904e-08,1.393280825813296e-34,0.0003468424601725727,0.0004320855573315125,0.8259171022826975,0.00012422175302107406,3.224548476968227e-31,3.902442244460964e-10,6.399439623565141e-13,1.992919413112508e-39,4.201095690074768e-09,5.240786833995323e-09,0.09289105824655737,0.00015232787100479613,3.8027103109500117e-31,False,1e-24,True
UniGCN,random,7,212,restart,9386.51692739892,970.7175396359304,938.5248791004911,1299.059544179831,1203.6186390247344,7.2256248525737545,0.7472463783396462,0.7797526963033384,0.01278710510100925,0.014417996344818449,0.013424461290182703,0.0157347328510154,0.01459874927435385,0.8126674422809834,0.916316564210877,0.9195624253761205,False,1e-24,False
UniGCN,random,7,213,base,0.00027075996255358027,4.072355095125957e-08,1.3246976577052839e-34,0.0003278294659418539,0.0004083997600256307,0.8259171022826977,0.000124221753021074,3.2436298631080187e-31,3.688520592992073e-10,6.048639123008953e-13,1.8948195005873844e-39,3.970802639799589e-09,4.953500641325596e-09,0.09289105824655738,0.00015232787100479607,3.8252129913529525e-31,False,1e-24,True
UniGCN,random,7,213,restart,9386.51692739892,970.7175396359304,938.5248791004911,1299.0595441798303,1203.618639024733,7.225624852573759,0.7472463783396467,0.7797526963033392,0.01278710510100925,0.014417996344818449,0.013424461290182703,0.01573473285101539,0.014598749274353832,0.8126674422809839,0.9163165642108776,0.9195624253761214,False,1e-24,False
UniGCN,random,7,214,base,0.00025591761135073315,3.849119266702464e-08,1.2435891249348485e-34,0.00030985871420196936,0.00038601235602287164,0.8259171022826977,0.00012422175302107414,3.2216303585400373e-31,3.48632556554488e-10,5.71706858607917e-13,1.7788035714706415e-39,3.75313365070215e-09,4.681962724461191e-09,0.09289105824655738,0.00015232787100479624,3.799268973623341e-31,False,1e-24,True
UniGCN,random,7,214,restart,9386.51692739892,970.7175396359304,938.524879100491,1299.0595441798291,1203.6186390247321,7.225624852573764,0.7472463783396474,0.7797526963033398,0.01278710510100925,0.014417996344818449,0.013424461290182701,0.015734732851015377,0.014598749274353822,0.8126674422809845,0.9163165642108784,0.9195624253761221,False,1e-24,False
UniGCN,random,7,215,base,0.0002418888789235388,3.6381206410591366e-08,1.180987222533651e-34,0.0002928730719523765,0.0003648521708068016,0.8259171022826977,0.00012422175302107406,3.2368924102112947e-31,3.295214339338227e-10,5.403673876591569e-13,1.6892591348562243e-39,3.5473967048495227e-09,4.425309804215124e-09,0.09289105824655738,0.00015232787100479613,3.8172675125416053e-31,False,1e-24,True
UniGCN,random,7,215,restart,9386.51692739892,970.7175396359304,938.5248791004913,1299.0595441798282,1203.6186390247308,7.22562485257377,0.7472463783396479,0.7797526963033409,0.01278710510100925,0.014417996344818449,0.013424461290182705,0.015734732851015367,0.014598749274353805,0.8126674422809851,0.9163165642108791,0.9195624253761234,False,1e-24,False
UniGCN,random,7,216,base,0.00022862916482405972,3.4386884068260504e-08,1.1084307581793074e-34,0.00027681853807381724,0.00034485193146135517,0.8259171022826975,0.00012422175302107403,3.214222270648701e-31,3.1145793294503177e-10,5.10745864334359e-13,1.5854759034504737e-39,3.352937718917361e-09,4.182725924101882e-09,0.09289105824655737,0.0001523278710047961,3.7905326149021054e-31,False,1e-24,True
UniGCN,random,7,216,restart,9386.51692739892,970.7175396359304,938.5248791004915,1299.0595441798275,1203.61863902473,7.225624852573772,0.7472463783396482,0.7797526963033413,0.01278710510100925,0.014417996344818449,0.013424461290182708,0.015734732851015357,0.014598749274353796,0.8126674422809854,0.9163165642108795,0.9195624253761239,False,1e-24,False
UniGCN,random,7,217,base,0.00021609631348396983,3.2501885247536705e-08,1.051205442789905e-34,0.0002616440716467979,0.00032594805279533283,0.8259171022826977,0.00012422175302107395,3.225070479098615e-31,2.9438462571716497e-10,4.827481152493101e-13,1.5036220231356745e-39,3.169138464714123e-09,3.9534398562310146e-09,0.09289105824655738,0.000152327871004796,3.8033259081096587e-31,False,1e-24,True
UniGCN,random,7,217,restart,9386.516927398916,970.7175396359305,938.5248791004914,1299.059544179827,1203.6186390247292,7.225624852573774,0.7472463783396486,0.7797526963033419,0.012787105101009244,0.01441799634481845,0.013424461290182706,0.015734732851015353,0.014598749274353786,0.8126674422809856,0.9163165642108799,0.9195624253761245,False,1e-24,False
UniGCN,random,7,218,base,0.00020425048019266507,3.072021711961652e-08,1.0027337046623836e-34,0.0002473014296812,0.00030808043519099394,0.8259171022826978,0.00012422175302107398,3.2547789152554935e-31,2.782472324245794e-10,4.562851293577941e-13,1.4342890745212019e-39,2.995414603696707e-09,3.736722649402836e-09,0.0928910582465574,0.00015232787100479605,3.8383610695602874e-31,False,1e-24,True
UniGCN,random,7,218,restart,9386.516927398916,970.7175396359305,938.5248791004914,1299.0595441798266,1203.6186390247287,7.225624852573777,0.7472463783396489,0.7797526963033422,0.012787105101009244,0.01441799634481845,0.013424461290182706,0.015734732851015346,0.01459874927435378,0.8126674422809859,0.9163165642108804,0.919562425376125,False,1e-24,False
UniGCN,random,7,219,base,0.00019305400442210202,2.903621536685797e-08,9.376595022528305e-35,0.0002337450137411283,0.00029119227353405816,0.8259171022826977,0.00012422175302107392,3.220069993179818e-31,2.629944487193497e-10,4.312727749657565e-13,1.3412083122857001e-39,2.8312138292287836e-09,3.5318853116110805e-09,0.09289105824655738,0.00015232787100479596,3.7974288346127056e-31,False,1e-24,True
UniGCN,random,7,219,restart,9386.516927398916,970.7175396359304,938.5248791004913,1299.0595441798262,1203.6186390247278,7.2256248525737785,0.747246378339649,0.7797526963033427,0.012787105101009244,0.014417996344818449,0.013424461290182705,0.015734732851015343,0.014598749274353768,0.8126674422809861,0.9163165642108805,0.9195624253761255,False,1e-24,False
UniGCN,random,7,220,base,0.00018247129009563723,2.7444526174660172e-08,8.899664060229854e-35,0.00022093172497738198,0.0002752298766176649,0.8259171022826977,0.00012422175302107392,3.233538513187217e-31,2.485777826233817e-10,4.0763153225801487e-13,1.2729891165665465e-39,2.676014110675655e-09,3.3382766195847057e-09,0.09289105824655738,0.00015232787100479596,3.813312261477334e-31,False,1e-24,True
UniGCN,random,7,220,restart,9386.516927398916,970.7175396359304,938.5248791004911,1299.0595441798255,1203.6186390247274,7.225624852573781,0.7472463783396494,0.7797526963033429,0.012787105101009244,0.014417996344818449,0.013424461290182703,0.015734732851015332,0.014598749274353763,0.8126674422809864,0.9163165642108809,0.9195624253761258,False,1e-24,False
UniGCN,random,7,221,base,0.00017246869242021424,2.5940089210500728e-08,8.491274783468815e-35,0.00020882082710666657,0.0002601424964461328,0.8259171022826977,0.000124221753021074,3.2640859911279765e-31,2.349514003616722e-10,3.8528624048715035e-13,1.2145739785207785e-39,2.5293220337532297e-09,3.1552810484048473e-09,0.09289105824655738,0.00015232787100479607,3.849336904979689e-31,False,1e-24,True
UniGCN,random,7,221,restart,9386.516927398916,970.7175396359304,938.5248791004913,1299.059544179825,1203.6186390247271,7.225624852573784,0.7472463783396497,0.7797526963033431,0.012787105101009244,0.014417996344818449,0.013424461290182705,0.01573473285101533,0.014598749274353761,0.8126674422809868,0.9163165642108813,0.919562425376126,False,1e-24,False
UniGCN,random,7,222,base,0.00016301441092211392,2.4518121536017653e-08,8.009027611682613e-35,0.00019737381690192537,0.0002458821668958402,0.8259171022826975,0.000124221753021074,3.257262498046624e-31,2.2207198064658557e-10,3.641658590208422e-13,1.145594363444951e-39,2.390671231854717e-09,2.98231681461476e-09,0.09289105824655737,0.00015232787100479607,3.8412899589708167e-31,False,1e-24,True
UniGCN,random,7,222,restart,9386.516927398916,970.7175396359305,938.5248791004914,1299.059544179825,1203.6186390247265,7.225624852573784,0.7472463783396498,0.7797526963033438,0.012787105101009244,0.01441799634481845,0.013424461290182706,0.01573473285101533,0.014598749274353753,0.8126674422809868,0.9163165642108814,0.9195624253761268,False,1e-24,False
UniGCN,random,7,223,base,0.0001540783883462042,2.3174102400988966e-08,7.590187175877256e-35,0.00018655430178205192,0.00023240355122029345,0.8259171022826974,0.00012422175302107403,3.265951460734169e-31,2.098985769498841e-10,3.442032414879629e-13,1.0856843137228675e-39,2.259620903367878e-09,2.8188340266013397e-09,0.09289105824655737,0.0001523278710047961,3.8515368534552354e-31,False,1e-24,True
UniGCN,random,7,223,restart,9386.516927398916,970.7175396359305,938.5248791004914,1299.0595441798248,1203.6186390247265,7.225624852573786,0.7472463783396499,0.7797526963033438,0.012787105101009244,0.01441799634481845,0.013424461290182706,0.015734732851015325,0.014598749274353753,0.8126674422809869,0.9163165642108816,0.9195624253761268,False,1e-24,False
UniGCN,random,7,224,base,0.00014563221509726794,2.190375887086619e-08,7.164870546981906e-35,0.00017632788411181302,0.00021966379791456646,0.8259171022826975,0.00012422175302107395,3.2617439081921587e-31,1.9839248732464447e-10,3.253349223053886e-13,1.02484792304403e-39,2.135754410269054e-09,2.6643129363678687e-09,0.09289105824655737,0.000152327871004796,3.8465748863613467e-31,False,1e-24,True
UniGCN,random,7,224,restart,9386.516927398916,970.7175396359303,938.5248791004911,1299.0595441798243,1203.618639024726,7.225624852573788,0.74724637833965,0.7797526963033439,0.012787105101009244,0.014417996344818447,0.013424461290182703,0.01573473285101532,0.014598749274353747,0.8126674422809872,0.9163165642108817,0.9195624253761269,False,1e-24,False
UniGCN,random,7,225,base,0.00013764903891960652,2.070305224216904e-08,6.682438024350266e-35,0.00016666205184414688,0.00020762240448087493,0.8259171022826978,0.00012422175302107398,3.2185534316773687e-31,1.8751713136319548e-10,3.0750091490685367e-13,9.558417957754508e-40,2.0186779535386014e-09,2.5182622871400102e-09,0.0928910582465574,0.00015232787100479605,3.795640353495505e-31,False,1e-24,True
UniGCN,random,7,225,restart,9386.516927398916,970.7175396359303,938.5248791004911,1299.0595441798241,1203.6186390247258,7.225624852573789,0.7472463783396501,0.779752696303344,0.012787105101009244,0.014417996344818447,0.013424461290182703,0.01573473285101532,0.014598749274353744,0.8126674422809873,0.9163165642108818,0.9195624253761271,False,1e-24,False
UniGCN,random,7,226,base,0.0001301034795277711,1.956816520255233e-08,6.349861312673366e-35,0.00015752607515716373,0.00019624108866216368,0.8259171022826975,0.00012422175302107395,3.2357450501127663e-31,1.7723793389989916e-10,2.906445210323673e-13,9.082707266291341e-40,1.908019321186577e-09,2.3802177515517006e-09,0.09289105824655737,0.000152327871004796,3.8159144306734895e-31,False,1e-24,True
UniGCN,random,7,226,restart,9386.516927398916,970.7175396359303,938.5248791004911,1299.0595441798241,1203.6186390247256,7.225624852573789,0.7472463783396501,0.7797526963033441,0.012787105101009244,0.014417996344818447,0.013424461290182703,0.01573473285101532,0.014598749274353742,0.8126674422809873,0.9163165642108818,0.9195624253761272,False,1e-24,False
UniGCN,random,7,227,base,0.00012297154791701283,1.8495489694724467e-08,6.005839188529513e-35,0.00014889090875723468,0.00018548366673433152,0.8259171022826978,0.00012422175302107398,3.2379342581854843e-31,1.6752221508904015e-10,2.7471215047188597e-13,8.590625299006478e-40,1.8034267049083665e-09,2.2497404554455954e-09,0.0928910582465574,0.00015232787100479605,3.8184961639519316e-31,False,1e-24,True
UniGCN,random,7,227,restart,9386.516927398916,970.7175396359303,938.5248791004911,1299.0595441798237,1203.6186390247249,7.225624852573792,0.7472463783396505,0.7797526963033444,0.012787105101009244,0.014417996344818447,0.013424461290182703,0.01573473285101531,0.014598749274353734,0.8126674422809876,0.9163165642108823,0.9195624253761275,False,1e-24,False
UniGCN,random,7,228,base,0.0001162305700969229,1.7481615445634116e-08,5.687027977633763e-35,0.0001407290995375697,0.00017531593847015721,0.8259171022826977,0.00012422175302107395,3.2438739040271716e-31,1.5833908650835713e-10,2.5965315069016495e-13,8.134604488599382e-40,1.7045675816081607e-09,2.1264155825949085e-09,0.09289105824655738,0.000152327871004796,3.8255007888310133e-31,False,1e-24,True
UniGCN,random,7,228,restart,9386.516927398916,970.7175396359303,938.5248791004911,1299.0595441798237,1203.6186390247249,7.225624852573792,0.7472463783396505,0.7797526963033444,0.012787105101009244,0.014417996344818447,0.013424461290182703,0.01573473285101531,0.014598749274353734,0.8126674422809876,0.9163165642108823,0.9195624253761275,False,1e-24,False
UniGCN,random,7,229,base,0.00010985911500579474,1.6523319124456742e-08,5.405436291746566e-35,0.00013301469929870977,0.0001657055784092014,0.8259171022826977,0.00012422175302107395,3.2620726131489184e-31,1.4965935295790657e-10,2.454196457911288e-13,7.731821699244557e-40,1.6111276562343729e-09,2.009851055910743e-09,0.09289105824655738,0.000152327871004796,3.8469625281466255e-31,False,1e-24,True
UniGCN,random,7,229,restart,9386.516927398916,970.7175396359303,938.5248791004911,1299.0595441798237,1203.6186390247246,7.225624852573792,0.7472463783396505,0.7797526963033447,0.012787105101009244,0.014417996344818447,0.013424461290182703,0.01573473285101531,0.01459874927435373,0.8126674422809876,0.9163165642108823,0.9195624253761279,False,1e-24,False
UniGCN,random,7,230,base,0.00010383692637653124,1.5617554094911893e-08,5.090783178889259e-35,0.00012572318225345286,0.0001566220330880072,0.8259171022826975,0.000124221753021074,3.2503620841319986e-31,1.4145541964205474e-10,2.319663843097921e-13,7.281748544291343e-40,1.5228098625660479e-09,1.8996762909421695e-09,0.09289105824655737,0.00015232787100479607,3.8331523002162986e-31,False,1e-24,True
UniGCN,random,7,230,restart,9386.516927398916,970.7175396359303,938.5248791004911,1299.0595441798237,1203.6186390247246,7.225624852573792,0.7472463783396505,0.7797526963033447,0.012787105101009244,0.014417996344818447,0.013424461290182703,0.01573473285101531,0.01459874927435373,0.8126674422809876,0.9163165642108823,0.9195624253761279,False,1e-24,False
UniGCN,random,7,231,base,9.814485833748473e-05,1.476144072933157e-08,4.833487003181755e-35,0.00011883136705394362,0.00014803642390387187,0.8259171022826975,0.00012422175302107395,3.2650660396392723e-31,1.3370120443950969e-10,2.1925059534782819e-13,6.913717538634049e-40,1.4393334187735424e-09,1.7955410177061713e-09,0.09289105824655737,0.000152327871004796,3.8504926762778274e-31,False,1e-24,True
UniGCN,random,7,231,restart,9386.516927398914,970.7175396359303,938.5248791004911,1299.0595441798234,1203.6186390247244,7.225624852573792,0.7472463783396506,0.7797526963033448,0.012787105101009243,0.014417996344818447,0.013424461290182703,0.015734732851015308,0.014598749274353728,0.8126674422809876,0.9163165642108824,0.919562425376128,False,1e-24,False
UniGCN,random,7,232,base,9.276481454349003e-05,1.3952257253686072e-08,4.547258651313912e-35,0.00011231734309303379,0.00013992145530337198,0.8259171022826975,0.00012422175302107398,3.249865177184394e-31,1.263720549824803e-10,2.0723185259541029e-13,6.5043025603667316e-40,1.3604329347508943e-09,1.6971141671017768e-09,0.09289105824655737,0.00015232787100479605,3.832566297807981e-31,False,1e-24,True
UniGCN,random,7,232,restart,9386.516927398914,970.7175396359303,938.5248791004911,1299.059544179823,1203.6186390247244,7.225624852573794,0.7472463783396507,0.7797526963033448,0.012787105101009243,0.014417996344818447,0.013424461290182703,0.015734732851015305,0.014598749274353728,0.8126674422809879,0.9163165642108825,0.919562425376128,False,1e-24,False
UniGCN,random,7,233,base,8.767969064357442e-05,1.3187431094461365e-08,4.284130127539232e-35,0.00010616040084560825,0.00013225132800375264,0.8259171022826978,0.000124221753021074,3.2393853371496354e-31,1.1944467028133816e-10,1.9587194580701624e-13,6.127929087439554e-40,1.2858575683818834e-09,1.6040828183680534e-09,0.0928910582465574,0.00015232787100479607,3.8202074215057856e-31,False,1e-24,True
UniGCN,random,7,233,restart,9386.516927398914,970.7175396359303,938.5248791004911,1299.059544179823,1203.6186390247242,7.225624852573794,0.7472463783396507,0.7797526963033449,0.012787105101009243,0.014417996344818447,0.013424461290182703,0.015734732851015305,0.014598749274353725,0.8126674422809879,0.9163165642108825,0.9195624253761281,False,1e-24,False
UniGCN,random,7,234,base,8.287331990243724e-05,1.2464530699878067e-08,4.0240419349278017e-35,0.00010034096602841757,0.00012500165697129268,0.8259171022826977,0.00012422175302107403,3.2191908750873157e-31,1.1289702664561016e-10,1.8513475932259476e-13,5.755904439878573e-40,1.2153702280573838e-09,1.51615120423969e-09,0.09289105824655738,0.0001523278710047961,3.796392090566592e-31,False,1e-24,True
UniGCN,random,7,234,restart,9386.516927398912,970.7175396359303,938.5248791004911,1299.059544179823,1203.6186390247242,7.225624852573792,0.7472463783396507,0.7797526963033449,0.01278710510100924,0.014417996344818447,0.013424461290182703,0.015734732851015305,0.014598749274353725,0.8126674422809876,0.9163165642108825,0.9195624253761281,False,1e-24,False
UniGCN,random,7,235,base,7.833042180281712e-05,1.1781257809449707e-08,3.805881296814861e-35,9.484053736909533e-05,0.00011814939389588097,0.8259171022826977,0.0001242217530210741,3.2212448759312215e-31,1.0670830766578779e-10,1.7498615724788163e-13,5.443852079136078e-40,1.1487468189086163e-09,1.4330397706373456e-09,0.09289105824655738,0.00015232787100479615,3.7988143739478496e-31,False,1e-24,True
UniGCN,random,7,235,restart,9386.516927398912,970.7175396359303,938.5248791004911,1299.059544179823,1203.6186390247242,7.225624852573792,0.7472463783396507,0.7797526963033449,0.01278710510100924,0.014417996344818447,0.013424461290182703,0.015734732851015305,0.014598749274353725,0.8126674422809876,0.9163165642108825,0.9195624253761281,False,1e-24,False
UniGCN,random,7,236,base,7.403655346534272e-05,1.1135440147303524e-08,3.6049435226243414e-35,8.964162778651513e-05,0.00011167275391533299,0.8259171022826975,0.00012422175302107395,3.228131658110181e-31,1.0085883803335023e-10,1.6539387492883016e-13,5.156434938533322e-40,1.085775530359922e-09,1.3544842879033057e-09,0.09289105824655737,0.000152327871004796,3.8069359567952626e-31,False,1e-24,True
UniGCN,random,7,236,restart,9386.516927398912,970.7175396359303,938.5248791004911,1299.059544179823,1203.618639024724,7.225624852573792,0.7472463783396507,0.7797526963033451,0.01278710510100924,0.014417996344818447,0.013424461290182703,0.015734732851015305,0.014598749274353721,0.8126674422809876,0.9163165642108825,0.9195624253761283,False,1e-24,False
UniGCN,random,7,237,base,6.997806373142008e-05,1.0525024516034345e-08,3.419356718781213e-35,8.472770879548605e-05,0.00010555114635648831,0.8259171022826977,0.00012422175302107395,3.2395258950885115e-31,9.533002098860042e-11,1.5632741637512988e-13,4.8909755011075775e-40,1.0262561627360233e-09,1.2802350107568705e-09,0.09289105824655738,0.000152327871004796,3.8203731814958335e-31,False,1e-24,True
UniGCN,random,7,237,restart,9386.516927398914,970.7175396359305,938.5248791004913,1299.059544179823,1203.6186390247242,7.225624852573794,0.7472463783396509,0.7797526963033451,0.012787105101009243,0.01441799634481845,0.013424461290182705,0.015734732851015305,0.014598749274353725,0.8126674422809879,0.9163165642108828,0.9195624253761283,False,1e-24,False
UniGCN,random,7,238,base,6.614204976317534e-05,9.948070269135147e-09,3.2767643013809967e-35,8.008315795903694e-05,9.976510927289954e-05,0.8259171022826977,0.00012422175302107406,3.2844792385458803e-31,9.010427919744619e-11,1.4775795730669685e-13,4.687014324340753e-40,9.69999490782909e-10,1.2100558842987845e-09,0.09289105824655738,0.00015232787100479613,3.873386663506728e-31,False,1e-24,True
UniGCN,random,7,238,restart,9386.51692739891,970.7175396359305,938.5248791004913,1299.0595441798228,1203.618639024724,7.225624852573794,0.7472463783396511,0.7797526963033452,0.012787105101009237,0.01441799634481845,0.013424461290182705,0.0157347328510153,0.014598749274353721,0.8126674422809879,0.916316564210883,0.9195624253761285,False,1e-24,False
UniGCN,random,7,239,base,6.251631602247511e-05,9.402743141251945e-09,3.0968793957666237e-35,7.569320922122862e-05,9.429624757099346e-05,0.8259171022826977,0.000124221753021074,3.284202156013743e-31,8.516499886916187e-11,1.3965825351490258e-13,4.429710761496176e-40,9.168266620788354e-10,1.1437237935404242e-09,0.09289105824655738,0.00015232787100479607,3.8730599000514823e-31,False,1e-24,True
UniGCN,random,7,239,restart,9386.51692739891,970.7175396359304,938.5248791004913,1299.059544179823,1203.618639024724,7.225624852573792,0.7472463783396509,0.7797526963033452,0.012787105101009237,0.014417996344818449,0.013424461290182705,0.015734732851015305,0.014598749274353721,0.8126674422809876,0.9163165642108828,0.9195624253761285,False,1e-24,False
UniGCN,random,7,240,base,5.90893354986093e-05,8.887309416647979e-09,2.8902278414832436e-35,7.15439059625914e-05,8.912717452799381e-05,0.8259171022826975,0.0001242217530210741,3.2428132685564453e-31,8.049647693746734e-11,1.3200255424720074e-13,4.134120750745243e-40,8.665686284228612e-10,1.0810278540718244e-09,0.09289105824655737,0.00015232787100479615,3.8242499813243194e-31,False,1e-24,True
UniGCN,random,7,240,restart,9386.51692739891,970.7175396359305,938.5248791004913,1299.0595441798228,1203.6186390247237,7.225624852573794,0.7472463783396511,0.7797526963033453,0.012787105101009237,0.01441799634481845,0.013424461290182705,0.0157347328510153,0.01459874927435372,0.8126674422809879,0.916316564210883,0.9195624253761286,False,1e-24,False
UniGCN,random,7,241,base,5.585021306137055e-05,8.400130417337265e-09,2.705089578681278e-35,6.762205662893992e-05,8.424145651567813e-05,0.8259171022826978,0.00012422175302107414,3.211114444795758e-31,7.608387113700173e-11,1.2476652033977943e-13,3.869302896934195e-40,8.19065608393168e-10,1.0217687416134262e-09,0.0928910582465574,0.00015232787100479624,3.7868675555922407e-31,False,1e-24,True
UniGCN,random,7,241,restart,9386.51692739891,970.7175396359303,938.5248791004913,1299.0595441798228,1203.6186390247237,7.225624852573794,0.7472463783396509,0.7797526963033453,0.012787105101009237,0.014417996344818447,0.013424461290182705,0.0157347328510153,0.01459874927435372,0.8126674422809879,0.9163165642108828,0.9195624253761286,False,1e-24,False
UniGCN,random,7,242,base,5.2788650823022025e-05,7.939657293364336e-09,2.573206886840375e-35,6.391519279250055e-05,7.962356075423357e-05,0.8259171022826978,0.00012422175302107403,3.2317154149672443e-31,7.191315281647427e-11,1.1792714683796878e-13,3.6806606850026204e-40,7.741665793665282e-10,9.657580583200402e-10,0.0928910582465574,0.0001523278710047961,3.811162281581394e-31,False,1e-24,True
UniGCN,random,7,242,restart,9386.51692739891,970.7175396359303,938.5248791004913,1299.0595441798228,1203.6186390247237,7.225624852573794,0.7472463783396509,0.7797526963033453,0.012787105101009237,0.014417996344818447,0.013424461290182705,0.0157347328510153,0.01459874927435372,0.8126674422809879,0.9163165642108828,0.9195624253761286,False,1e-24,False
UniGCN,random,7,243,base,4.9894915399031065e-05,7.504426098667151e-09,2.4242753430194687e-35,6.0411529512017385e-05,7.525880593010881e-05,0.8259171022826975,0.0001242217530210741,3.2212514044812768e-31,6.797106233847418e-11,1.1146268985839416e-13,3.467632155931861e-40,7.317287973839318e-10,9.128177338223616e-10,0.09289105824655737,0.00015232787100479615,3.7988220730675214e-31,False,1e-24,True
UniGCN,random,7,243,restart,9386.51692739891,970.7175396359304,938.5248791004913,1299.0595441798228,1203.6186390247237,7.225624852573794,0.747246378339651,0.7797526963033453,0.012787105101009237,0.014417996344818449,0.013424461290182705,0.0157347328510153,0.01459874927435372,0.8126674422809879,0.9163165642108829,0.9195624253761286,False,1e-24,False
UniGCN,random,7,244,base,4.7159806963483774e-05,7.093053136868234e-09,2.3223882808716357e-35,5.709992786581354e-05,7.113331552086654e-05,0.8259171022826975,0.00012422175302107406,3.2648390755670273e-31,6.424506692414622e-11,1.0535259746035381e-13,3.321895058042145e-40,6.9161734333592e-10,8.627794591018239e-10,0.09289105824655737,0.00015232787100479613,3.850225017526872e-31,False,1e-24,True
UniGCN,random,7,244,restart,9386.51692739891,970.7175396359305,938.5248791004913,1299.0595441798228,1203.6186390247237,7.225624852573794,0.7472463783396511,0.7797526963033453,0.012787105101009237,0.01441799634481845,0.013424461290182705,0.0157347328510153,0.01459874927435372,0.8126674422809879,0.916316564210883,0.9195624253761286,False,1e-24,False
UniGCN,random,7,245,base,4.457463000080049e-05,6.7042305621974265e-09,2.1692194271509704e-35,5.3969859538691746e-05,6.723397367864455e-05,0.8259171022826975,0.00012422175302107411,3.2263739720622482e-31,6.072332080871046e-11,9.957744430664737e-14,3.1028055705471027e-40,6.537046940248518e-10,8.154841513989443e-10,0.09289105824655737,0.0001523278710047962,3.8048631174797342e-31,False,1e-24,True
UniGCN,random,7,245,restart,9386.51692739891,970.7175396359304,938.5248791004913,1299.0595441798228,1203.6186390247237,7.225624852573794,0.747246378339651,0.7797526963033453,0.012787105101009237,0.014417996344818449,0.013424461290182705,0.0157347328510153,0.01459874927435372,0.8126674422809879,0.9163165642108829,0.9195624253761286,False,1e-24,False
UniGCN,random,7,246,base,4.213116566076563e-05,6.336722221560454e-09,2.0638980591294493e-35,5.101137335008815e-05,6.354838353197005e-05,0.8259171022826975,0.00012422175302107417,3.247758549343964e-31,5.739462758115219e-11,9.411886990612561e-14,2.952156114201406e-40,6.17870316740409e-10,7.707814484539925e-10,0.09289105824655737,0.00015232787100479626,3.830081951404956e-31,False,1e-24,True
UniGCN,random,7,246,restart,9386.51692739891,970.7175396359305,938.5248791004913,1299.0595441798225,1203.6186390247237,7.2256248525737945,0.7472463783396512,0.7797526963033453,0.012787105101009237,0.01441799634481845,0.013424461290182705,0.015734732851015298,0.01459874927435372,0.8126674422809879,0.9163165642108831,0.9195624253761286,False,1e-24,False
UniGCN,random,7,247,base,3.982164562898222e-05,5.989359724534418e-09,1.9498596026056037e-35,4.821506361706496e-05,6.006482777335941e-05,0.8259171022826975,0.00012422175302107406,3.246258542458397e-31,5.424840458835093e-11,8.895952024162202e-14,2.7890379189049944e-40,5.840002860594111e-10,7.285292304720614e-10,0.09289105824655737,0.00015232787100479613,3.8283129931489444e-31,False,1e-24,True
UniGCN,random,7,247,restart,9386.51692739891,970.7175396359304,938.5248791004913,1299.0595441798228,1203.6186390247237,7.225624852573794,0.747246378339651,0.7797526963033453,0.012787105101009237,0.014417996344818449,0.013424461290182705,0.0157347328510153,0.01459874927435372,0.8126674422809879,0.9163165642108829,0.9195624253761286,False,1e-24,False
UniGCN,random,7,248,base,3.76387274296797e-05,5.661038728795852e-09,1.838246885188172e-35,4.557204025156099e-05,5.677223140740183e-05,0.8259171022826974,0.000124221753021074,3.2379331226154794e-31,5.127464929048218e-11,8.408299259768844e-14,2.629389449500703e-40,5.519869216516595e-10,6.885931682927555e-10,0.09289105824655737,0.00015232787100479607,3.818494824774122e-31,False,1e-24,True
UniGCN,random,7,248,restart,9386.51692739891,970.7175396359304,938.5248791004913,1299.0595441798228,1203.6186390247237,7.225624852573794,0.747246378339651,0.7797526963033453,0.012787105101009237,0.014417996344818449,0.013424461290182705,0.0157347328510153,0.01459874927435372,0.8126674422809879,0.9163165642108829,0.9195624253761286,False,1e-24,False
UniGCN,random,7,249,base,3.5575471082356965e-05,5.3507154291718185e-09,1.7500960449258174e-35,4.307390049683227e-05,5.3660126540895876e-05,0.8259171022826978,0.0001242217530210741,3.261445989308319e-31,4.8463907460727536e-11,7.947378341272884e-14,2.503300352754196e-40,5.217284459403136e-10,6.508462963280357e-10,0.0928910582465574,0.00015232787100479615,3.8462235505946507e-31,False,1e-24,True
UniGCN,random,7,249,restart,9386.51692739891,970.7175396359305,938.5248791004913,1299.0595441798225,1203.6186390247237,7.2256248525737945,0.7472463783396512,0.7797526963033453,0.012787105101009237,0.01441799634481845,0.013424461290182705,0.015734732851015298,0.01459874927435372,0.8126674422809879,0.9163165642108831,0.9195624253761286,False,1e-24,False
UniGCN,random,7,250,base,3.362531703804701e-05,5.057403239152047e-09,1.628205990567756e-35,4.071270221322723e-05,5.071861910309812e-05,0.8259171022826978,0.00012422175302107403,3.210272715150279e-31,4.580724312819329e-11,7.511723898974267e-14,2.3289513980460006e-40,4.931286605284307e-10,6.151686089104899e-10,0.0928910582465574,0.0001523278710047961,3.785874903745088e-31,False,1e-24,True
UniGCN,random,7,250,restart,9386.51692739891,970.7175396359305,938.5248791004913,1299.0595441798225,1203.6186390247237,7.2256248525737945,0.7472463783396512,0.7797526963033453,0.012787105101009237,0.01441799634481845,0.013424461290182705,0.015734732851015298,0.01459874927435372,0.8126674422809879,0.9163165642108831,0.9195624253761286,False,1e-24,False
UniGCN,random,7,251,base,3.178206532505782e-05,4.7801696543119055e-09,1.5344030130273924e-35,3.848093862836533e-05,4.7938357390280626e-05,0.8259171022826975,0.000124221753021074,3.2007834572539785e-31,4.3296210168479706e-11,7.099950890897663e-14,2.194777603729392e-40,4.660966403629524e-10,5.814466787687334e-10,0.09289105824655737,0.00015232787100479607,3.7746842210484973e-31,False,1e-24,True
UniGCN,random,7,251,restart,9386.51692739891,970.7175396359304,938.5248791004913,1299.0595441798225,1203.6186390247237,7.2256248525737945,0.7472463783396511,0.7797526963033453,0.012787105101009237,0.014417996344818449,0.013424461290182705,0.015734732851015298,0.01459874927435372,0.8126674422809879,0.916316564210883,0.9195624253761286,False,1e-24,False
UniGCN,random,7,252,base,3.0039855837888936e-05,4.51813328767424e-09,1.470699893133217e-35,3.637151447144486e-05,4.531050233459325e-05,0.8259171022826974,0.00012422175302107395,3.2458256195724854e-31,4.092282545158054e-11,6.710750199437166e-14,2.103658008913445e-40,4.405464446638187e-10,5.495732964169877e-10,0.09289105824655737,0.000152327871004796,3.827802447150377e-31,False,1e-24,True
UniGCN,random,7,252,restart,9386.51692739891,970.7175396359305,938.5248791004913,1299.0595441798225,1203.6186390247237,7.2256248525737945,0.7472463783396512,0.7797526963033453,0.012787105101009237,0.01441799634481845,0.013424461290182705,0.015734732851015298,0.01459874927435372,0.8126674422809879,0.9163165642108831,0.9195624253761286,False,1e-24,False
UniGCN,random,7,253,base,2.8393149706657973e-05,4.2704610675849624e-09,1.3843375859432822e-35,3.437772341580533e-05,4.282669940270898e-05,0.8259171022826974,0.000124221753021074,3.2324171725821032e-31,3.867954346174434e-11,6.342884469381484e-14,1.9801271920305384e-40,4.1639684369919256e-10,5.194471293123768e-10,0.09289105824655737,0.00015232787100479607,3.811989864400158e-31,False,1e-24,True
UniGCN,random,7,253,restart,9386.51692739891,970.7175396359303,938.5248791004913,1299.0595441798225,1203.6186390247237,7.2256248525737945,0.7472463783396511,0.7797526963033453,0.012787105101009237,0.014417996344818447,0.013424461290182705,0.015734732851015298,0.01459874927435372,0.8126674422809879,0.916316564210883,0.9195624253761286,False,1e-24,False
UniGCN,random,7,254,base,2.6836711687806352e-05,4.0363655891936956e-09,1.3038750745716574e-35,3.249322675802951e-05,4.047905203491181e-05,0.8259171022826979,0.00012422175302107403,3.221110695594129e-31,3.65592323086085e-11,5.995184174087584e-14,1.8650353182536255e-40,3.935710605381483e-10,4.909723996963265e-10,0.09289105824655741,0.0001523278710047961,3.7986561350641634e-31,False,1e-24,True
UniGCN,random,7,254,restart,9386.51692739891,970.7175396359304,938.5248791004913,1299.0595441798225,1203.6186390247237,7.2256248525737945,0.7472463783396511,0.7797526963033453,0.012787105101009237,0.014417996344818449,0.013424461290182705,0.015734732851015298,0.01459874927435372,0.8126674422809879,0.916316564210883,0.9195624253761286,False,1e-24,False
UniGCN,random,7,255,base,2.536559352010032e-05,3.815102611119365e-09,1.2292831303946275e-35,3.071203326580118e-05,3.826009654018429e-05,0.8259171022826974,0.0001242217530210741,3.2129640057325015e-31,3.455515105333994e-11,5.6665438972964766e-14,1.758340579577786e-40,3.719965269598012e-10,4.640585800958549e-10,0.09289105824655737,0.00015232787100479615,3.789048742972465e-31,False,1e-24,True
UniGCN,random,7,255,restart,9386.51692739891,970.7175396359305,938.5248791004913,1299.0595441798225,1203.6186390247237,7.2256248525737945,0.7472463783396512,0.7797526963033453,0.012787105101009237,0.01441799634481845,0.013424461290182705,0.015734732851015298,0.01459874927435372,0.8126674422809879,0.9163165642108831,0.9195624253761286,False,1e-24,False
UniGCN,random,7,256,base,2.3975118193012438e-05,3.605968689341963e-09,1.1638489936459386e-35,2.9028480130450376e-05,3.616277836748039e-05,0.8259171022826977,0.0001242217530210741,3.2183616585514827e-31,3.2660928277697436e-11,5.355918818770027e-14,1.6647449748793581e-40,3.5160465274285837e-10,4.3862010551668134e-10,0.09289105824655738,0.00015232787100479615,3.7954141954307784e-31,False,1e-24,True
UniGCN,random,7,256,restart,9386.51692739891,970.7175396359305,938.5248791004913,1299.0595441798225,1203.6186390247237,7.2256248525737945,0.7472463783396512,0.7797526963033453,0.012787105101009237,0.01441799634481845,0.013424461290182705,0.015734732851015298,0.01459874927435372,0.8126674422809879,0.9163165642108831,0.9195624253761286,False,1e-24,False
UniGCN,random,8,0,base,735626.9126550409,67285.0834219766,69960.8982864864,82560.0,82565.39726967843,8.9102096978566,0.814984053076267,0.8473392074645663,1.0,1.0,1.0,1.0,1.0,1.0,1.0,1.0,False,1e-24,False
UniGCN,random,8,0,restart,735626.9126550409,67285.0834219766,69960.8982864864,82560.0,82565.39726967843,8.9102096978566,0.814984053076267,0.8473392074645663,1.0,1.0,1.0,1.0,1.0,1.0,1.0,1.0,False,1e-24,False
UniGCN,random,8,1,base,14477.030336595908,2563.1657516793166,1891.3992240648156,4060.3170273134765,2920.512510206915,3.565492605432017,0.6312723204708093,0.6476257908345039,0.01967985413196085,0.03809411568392494,0.027035090606178754,0.04918019655176207,0.0353721123713342,0.40015810248435746,0.7745824204633047,0.7643052335231237,False,1e-24,False
UniGCN,random,8,1,restart,33851.14621835856,4690.01538547352,3896.669080710113,6805.056876151978,5397.0174241076975,4.9744104765660975,0.6891956189094425,0.7220041690627595,0.04601673162851296,0.06970364227774252,0.05569781372379536,0.08242559200765477,0.06536657731421967,0.5582820882164782,0.8456553429579154,0.8520839856132257,False,1e-24,False
UniGCN,random,8,2,base,1365.755595277153,295.19719807885747,192.12684121314308,629.1112573894952,447.4799240666797,2.170928558716899,0.469228923519477,0.4293529851956307,0.0018565873159096882,0.00438726063884823,0.00274620317804373,0.007620049144737103,0.0054197029126512005,0.243645058010153,0.5757522760700768,0.5067073273764277,False,1e-24,False
UniGCN,random,8,2,restart,12788.848159923182,1611.1715526237706,1392.6594797942332,2405.7733185686275,1982.4737895160856,5.3158990754508055,0.6697104586654805,0.7024856959819763,0.01738496504126717,0.02394544928360052,0.019906254978193132,0.02913969620359287,0.024010951985622375,0.5966076282951651,0.8217467030643952,0.8290489685753774,False,1e-24,False
UniGCN,random,8,3,base,307.87933479985804,55.91040165641824,36.44014380469547,191.1254063874124,164.33086739626503,1.6108760243825704,0.2925325455846906,0.2217486244798078,0.00041852646974082714,0.0008309479428862064,0.0005208644356662616,0.002314987964963813,0.0019903115933606053,0.1807899116863743,0.35894266210545733,0.26169994557826576,False,1e-24,False
UniGCN,random,8,3,restart,10251.42404445201,1140.8801009722922,1053.909401246493,1649.0681004757382,1455.9637863055968,6.216495268748806,0.6918332242574826,0.723856878281782,0.013935629417706244,0.016955914193006096,0.015064263425131943,0.01997417757359179,0.01763406747199519,0.6976822633303702,0.8488917318640347,0.8542704880230059,False,1e-24,False
UniGCN,random,8,4,base,124.26377988774993,14.082128607019142,9.820643131611682,99.0936087668423,103.12184775928804,1.2540039810249581,0.14210935278533485,0.09523338986841565,0.00016892228621605802,0.00020929049784635696,0.0001403733138387766,0.0012002617340945046,0.0012489717383962595,0.14073787526309464,0.17437071590410141,0.1123911050373508,False,1e-24,False
UniGCN,random,8,4,restart,9707.62545069639,1027.0904491456274,977.1521852490125,1446.30513218202,1320.7727327682976,6.712017564406089,0.710147828623183,0.7398337056829849,0.013196397907275326,0.015264757014630675,0.013967118907587821,0.017518230767708576,0.0159966859779568,0.7532951290720692,0.8713640787726269,0.8731257791041411,False,1e-24,False
UniGCN,random,8,5,base,74.92088330520916,4.358202801550748,3.344872947372827,71.8450490560696,82.74704762252854,1.0428120557999634,0.06066114309629745,0.04042286756418556,0.00010184630553387866,6.477219882776092e-05,4.781060605705403e-05,0.0008702161949620833,0.0010022000784693954,0.11703563565409887,0.07443230682529775,0.04770564988387599,False,1e-24,False
UniGCN,random,8,5,restart,9546.693840739754,992.0459924901951,954.2202083441722,1377.1099814520496,1274.6061086236862,6.932412058093971,0.720382544496674,0.7486392869829682,0.012977629932384632,0.01474392156532831,0.013639336139405872,0.016680111209448276,0.01543753377047913,0.7780301803403797,0.8839222580828339,0.8835178171715541,False,1e-24,False
UniGCN,random,8,6,base,56.71991937809168,1.59593415443755,1.3372014291284215,60.74551205767481,73.02664267353597,0.9337302042040402,0.02627246195442868,0.018311144811988023,7.710419290313468e-05,2.3718989013191702e-05,1.911355431219091e-05,0.0007357741286055573,0.0008844703118791206,0.1047932917256318,0.03223678040724814,0.021610170579476878,False,1e-24,False
UniGCN,random,8,6,restart,9488.072018509878,979.5223007040355,946.076204769029,1349.3513577747372,1255.422806786848,7.031579998672097,0.7259208619461429,0.7535916980753549,0.01289794032176626,0.014557792766057636,0.013522928206194468,0.016343887569945943,0.015205193074846298,0.7891598780625312,0.890717872584202,0.8893624789655072,False,1e-24,False
UniGCN,random,8,7,base,48.08390989830512,0.6696334025222429,0.5944910753114038,54.65476669530809,66.9018584192735,0.8797752292378361,0.012252058567102592,0.008886017359723136,6.53645333947335e-05,9.95218209543793e-06,8.497476302791203e-06,0.0006620005655923945,0.0008102893055883441,0.09873788149446931,0.015033494852881536,0.010486965882662439,False,1e-24,False
UniGCN,random,8,7,restart,9463.22409231144,974.5629414776531,942.811879452216,1336.699691116793,1246.0991410222778,7.079543861048592,0.7290814443619869,0.7566106487151173,0.012864162430051075,0.014484086099228083,0.01347626892369861,0.016190645483488288,0.015092268459052142,0.7945429009096852,0.8945959637001127,0.8929253385772982,False,1e-24,False
UniGCN,random,8,8,base,43.0406565391137,0.31095112575909667,0.2827052901760377,50.45755963734695,62.27660118310418,0.853007098410215,0.006162627126519638,0.004539510583514895,5.850881173415803e-05,4.6213976403800385e-06,4.040904235082483e-06,0.0006111623018089504,0.000754269987700705,0.09573367264469776,0.007561653633906053,0.0053573711018260976,False,1e-24,False
UniGCN,random,8,8,restart,9451.317264570716,972.4424638860847,941.3773448008469,1330.2413914426913,1240.9171914478168,7.104964050412269,0.731027067825215,0.7586141535379267,0.01284797647010876,0.014452571274786686,0.013455764117635449,0.016112419954489962,0.01502950669993972,0.7973958292049409,0.8969832784652104,0.8952898046673359,False,1e-24,False
UniGCN,random,8,9,base,39.56324655152823,0.15507270346869903,0.14013879914067298,47.12393242766683,58.402817336675106,0.8395574077408773,0.003290741996261217,0.0023995212137252545,5.378167365945829e-05,2.304711469199863e-06,2.0031017693170774e-06,0.0005707840652575924,0.0007073522234249957,0.0942242030446082,0.004037799247531125,0.0028318307386072383,False,1e-24,False
UniGCN,random,8,9,restart,9444.980876399788,971.4787549177703,940.6988368805771,1326.575795695319,1237.68929495463,7.119819995998979,0.7323205790955759,0.7600444156019466,0.012839362880717286,0.014438248501902975,0.013446065729866164,0.0160680207811933,0.014990411672241329,0.7990631239253203,0.8985704399139264,0.8969777497682118,False,1e-24,False
UniGCN,random,8,10,base,36.85492824693474,0.08150414929543315,0.07127689920726869,44.257984531316524,54.97195026821475,0.8327294755335403,0.001841569383661418,0.0012966048841181756,5.010002708290962e-05,1.2113256780003089e-06,1.0188105206338739e-06,0.0005360705490711789,0.0006657988950100142,0.09345789872194118,0.0022596385496258076,0.001530207587110144,False,1e-24,False
UniGCN,random,8,10,restart,9441.286939145482,971.0176484473951,940.357927148677,1324.281498042953,1235.4839908643203,7.129365586620357,0.7332411197184151,0.7611251413228116,0.012834341398780234,0.014431395475244996,0.013441192868878815,0.01604023132319468,0.014963701886262748,0.8001344332373418,0.8996999597117242,0.8982531843419272,False,1e-24,False
UniGCN,random,8,11,base,34.56830515179625,0.0448421409932598,0.036854725971755875,41.686417170550236,51.84141641988679,0.8292462508919419,0.0010757014883240905,0.000710912789751981,4.699162653937111e-05,6.664499575936247e-07,5.267903482433517e-07,0.0005049226885967809,0.0006278830858229903,0.09306697361919795,0.001319904953064677,0.0008389943289408211,False,1e-24,False
UniGCN,random,8,11,restart,9438.956504251983,970.7867413250909,940.177793021884,1322.7180833902553,1233.8670774675827,7.136030438216296,0.7339332194180561,0.7619765614879089,0.012831173441146536,0.01442796370239787,0.013438618085947136,0.01602129461470755,0.014944118459667508,0.8008824348918419,0.9005491784136468,0.899258000544927,False,1e-24,False
UniGCN,random,8,12,base,32.54026255718465,0.025910547910714416,0.01927037249306125,39.32487869209709,48.938892745841464,0.8274726747910882,0.000658884369703638,0.0003937639658735174,4.4234736382522515e-05,3.850860635516658e-07,2.7544489800788483e-07,0.0004763187826077651,0.0005927288472432982,0.09286792374708548,0.0008084628984046869,0.0004647064155708665,False,1e-24,False
UniGCN,random,8,12,restart,9437.383820295163,970.666205928557,940.0785218997656,1321.577077379284,1232.6189963085726,7.1410014457951245,0.7344756673998986,0.762667559655577,0.012829035558573502,0.014426172289050307,0.013437199134439226,0.016007474289962256,0.014929002185776964,0.8014403350701087,0.9012147717829831,0.9000734923356771,False,1e-24,False
UniGCN,random,8,13,base,30.68963413602927,0.015882152539556226,0.010158004873109434,37.12848568649756,46.22438675082475,0.8265792037726468,0.0004277619258070645,0.00021975423768987466,4.1719020345875556e-05,2.3604269671409534e-07,1.4519546092036882e-07,0.0004497151851562205,0.0005598518057128071,0.09276764877615451,0.0005248715287034384,0.00025934624027068197,False,1e-24,False
UniGCN,random,8,13,restart,9436.261043833663,970.6008403862663,940.0218713188133,1320.7000691673236,1231.619971985236,7.144893276020683,0.7349139013812666,0.7632401980325161,0.012827509273384387,0.01442520081752993,0.013436389388104632,0.015996851612976305,0.014916902391476045,0.8018771183061413,0.9017524927110354,0.9007493000545864,False,1e-24,False
UniGCN,random,8,14,base,28.973762414909654,0.010450889687973428,0.005388333648754713,35.071263967902745,43.673698293022404,0.8261396692581844,0.00029799010658806285,0.00012337708642401802,3.9386490510980505e-05,1.5532253445285865e-07,7.701921760194894e-08,0.0004247972864329305,0.000528958858520036,0.0927183194641218,0.000365639187004039,0.00014560530816600664,False,1e-24,False
UniGCN,random,8,14,restart,9435.42172272696,970.5641483742919,939.9886054072769,1320.0003139503972,1230.7998080728344,7.148045059541951,0.7352756951016631,0.7637217679446141,0.012826368313079286,0.014424655495890892,0.013435913895188572,0.01598837589571702,0.01490696888495245,0.8022308455054041,0.9021964200725966,0.9013176319668309,False,1e-24,False
UniGCN,random,8,15,base,27.36879312830601,0.007437567177545892,0.002872972460546942,33.13680844590579,41.270704784983636,0.825933287238094,0.00022445031752793435,6.961287614337699e-05,3.7204719753286293e-05,1.105381282044549e-07,4.1065402687973825e-08,0.00040136638136998296,0.0004998547351523496,0.09269515704403421,0.0002754045513905658,8.21546737482793e-05,False,1e-24,False
UniGCN,random,8,15,restart,9434.770758036815,970.5429153551551,939.9686150934152,1319.427126230339,1230.1145171226626,7.150656955941454,0.7355790221836948,0.7641309829365138,0.012825483401612691,0.01442433992789191,0.013435628159665569,0.01598143321499926,0.014898668907324613,0.8025239807388129,0.9025686078238621,0.9018005731411503,False,1e-24,False
UniGCN,random,8,16,base,25.860325618611245,0.005713560260766035,0.0015385383649145778,31.313769425555858,39.00359453350597,0.825845182263687,0.00018246159327286456,3.944606601816914e-05,3.5154132038584055e-05,8.49157044947629e-08,2.1991403806942842e-08,0.00037928499788706223,0.0004723963769726784,0.0926852689519023,0.00022388363623084248,4.655286297467674e-05,False,1e-24,False
UniGCN,random,8,16,restart,9434.251056365218,970.5303044693812,939.9563792962778,1318.948934199631,1229.5348072638674,7.15285543794775,0.7358361490002051,0.764481309307542,0.012824776927090543,0.014424152503203815,0.013435453264868088,0.015975641160363745,0.014891647686838,0.8027707181424034,0.9028841070235577,0.902214016031485,False,1e-24,False
UniGCN,random,8,17,base,24.438840518703376,0.0046854010678240065,0.0008270826590615828,29.59358084729967,36.862969348096186,0.8258155930776235,0.00015832491147321008,2.243668032413396e-05,3.32217868844659e-05,6.963506366544334e-08,1.1822070318118565e-08,0.0003584493804178739,0.00044646995675068173,0.0926819481337547,0.00019426749624804486,2.6478982828222554e-05,False,1e-24,False
UniGCN,random,8,17,restart,9433.826754271717,970.5226515682284,939.9487803150225,1318.5448486360622,1229.040103113515,7.154725729678683,0.7360558517005795,0.764782839822606,0.012824200137299138,0.014424038764752978,0.013435344647319694,0.015970746713130597,0.01488565602245181,0.8029806224874586,0.903153686163843,0.9025698717648297,False,1e-24,False
UniGCN,random,8,18,base,23.097416077778632,0.004037620681941538,0.00044614217024936735,27.969284920281147,34.840865952828494,0.8258136074487262,0.00014435909582421146,1.2805140114869853e-05,3.1398274968509414e-05,6.000766405563784e-08,6.377021753243324e-09,0.00033877525339487825,0.0004219790263835327,0.09268172528502672,0.00017713119082429728,1.5112177038503597e-05,False,1e-24,False
UniGCN,random,8,18,restart,9433.474358731815,970.5179264130521,939.9440068539834,1318.2002786524922,1228.6152818771977,7.156328603097418,0.736244667923411,0.7650433953725904,0.012823721096179463,0.014423968538858382,0.013435276416905905,0.01596657314259317,0.014880510752758144,0.8031605142602775,0.9033853670441236,0.9028773702821755,False,1e-24,False
UniGCN,random,8,19,base,21.830569334347263,0.003601064301310779,0.00024139947879610148,26.43491090057929,32.930240413826795,0.8258234505291588,0.00013622381081041836,7.330632141232176e-06,2.9676142836530942e-05,5.35195041481453e-08,3.450491413183156e-09,0.00032019029676089253,0.0003988382724819783,0.09268282998185949,0.00016714905070378157,8.651354825379925e-06,False,1e-24,False
UniGCN,random,8,19,restart,9433.177863528606,970.5149692323068,939.9409813492894,1317.9045475796404,1228.2488049337821,7.15770947209556,0.736407633629217,0.7652692008114462,0.012823318045124495,0.014423924588838632,0.013435233171253431,0.015962991128629367,0.014876072126462692,0.8033154902984367,0.9035853288779667,0.9031438579377291,False,1e-24,False
UniGCN,random,8,20,base,20.633660009100925,0.00328431471384896,0.00013098326014247857,24.985140005348907,31.124689994317958,0.825837277865307,0.00013145072283548713,4.2083394297707235e-06,2.8049082563645565e-05,4.881192898657e-08,1.872235253557046e-09,0.00030263008727409043,0.00037697014758685454,0.09268438183491538,0.00016129238644524232,4.966534526784194e-06,False,1e-24,False
UniGCN,random,8,20,restart,9432.925954178143,970.5130993716634,939.9390501777619,1317.649536677446,1227.931598888357,7.158903556376598,0.7365487349685459,0.7654653166582619,0.012822975603397405,0.014423896798717133,0.013435205567669506,0.015959902333786892,0.014872230250132961,0.8034495033375827,0.9037584627433427,0.9033753069785477,False,1e-24,False
UniGCN,random,8,21,base,19.50257949289407,0.0030375666416104503,7.125334116686019e-05,23.615120298497146,29.418298402455086,0.8258513717643524,0.00012862804013764688,2.422075546045647e-06,2.6511508969274835e-05,4.5144725801414744e-08,1.0184737891026114e-09,0.00028603585632869607,0.00035630299587087135,0.09268596360453958,0.00015782890432287973,2.858448570193104e-06,False,1e-24,False
UniGCN,random,8,21,restart,9432.710354370252,970.5119080341694,939.9378106143107,1317.4288782533033,1227.6563562728447,7.15993896146902,0.73667119649063,0.7656359255679289,0.012822682520308435,0.014423879092898348,0.01343518784972303,0.015957229630006096,0.014868896618555883,0.8035657076837803,0.9039087252197947,0.9035766536271674,False,1e-24,False
UniGCN,random,8,22,base,18.433585653230516,0.00283343333893676,3.8851686936081014e-05,22.32036112008245,27.805545934626032,0.8258641315908254,0.0001269438842719895,1.3972639496964275e-06,2.505833505560531e-05,4.211086907876682e-08,5.553343065577187e-10,0.0002703532112413087,0.00033676996482929084,0.09268739565012613,0.00015576241497342521,1.6490018842363763e-06,False,1e-24,False
UniGCN,random,8,22,restart,9432.524818407124,970.5111449558411,939.9370114054994,1317.237454321181,1227.4170806301868,7.160838607696618,0.736777671916397,0.7657845293491535,0.012822430305551285,0.01442386775192514,0.013435176426073094,0.015954911026177097,0.014865998604974279,0.803666675703401,0.9040393724703331,0.9037520305953467,False,1e-24,False
UniGCN,random,8,23,base,17.423212793201984,0.0026566794646170487,2.1229712322534626e-05,21.0966701808417,26.28125417779054,0.825875014580469,0.00012592885236598295,8.077891632917269e-07,2.3684849607143572e-05,3.94839291192634e-08,3.034511111564064e-10,0.00025553137331445853,0.0003183083355361284,0.09268861705680595,0.00015451695268226115,9.533244256557157e-07,False,1e-24,False
UniGCN,random,8,23,restart,9432.364500463462,970.5106545398754,939.9364942380886,1317.0710719556778,1227.2087792455616,7.161621495837455,0.7368703748832585,0.7659140890565691,0.012822212371784991,0.014423860463296804,0.013435169033837952,0.01595289573589726,0.014863475739566815,0.8037545398690474,0.9041531206676279,0.9039049324158623,False,1e-24,False
UniGCN,random,8,24,base,16.468220607019852,0.0024986965198347316,1.162330967628353e-05,19.94011383080694,24.840549400013057,0.8258839817442212,0.0001253100429133114,4.6791677144940366e-07,2.2386647801644977e-05,3.7135965250488336e-08,1.661400862619953e-10,0.0002415226965940763,0.00030085907924451514,0.09268962344880527,0.00015375766242334653,5.522189547318579e-07,False,1e-24,False
UniGCN,random,8,24,restart,9432.22554953479,970.5103388562122,939.9361585732067,1316.9262447621552,1227.0272481972504,7.162303573985123,0.7369511714997313,0.7660271277220305,0.012822023484012833,0.014423855771563552,0.01343516423594527,0.01595114153054936,0.014861277106067624,0.803831090048089,0.904252259560184,0.9040383366823775,False,1e-24,False
UniGCN,random,8,25,base,15.565563517054244,0.0023545141173032455,6.375222002535973e-06,18.84699011999528,23.478836261606496,0.8258912122281169,0.00012492785862954734,2.71530578922303e-07,2.1159589527352484e-05,3.499310690509178e-08,9.112550236890551e-11,0.00022828234156971027,0.00028436653898628955,0.09269043493182766,0.00015328871547607627,3.204508613909003e-07,False,1e-24,False
UniGCN,random,8,25,restart,9432.104842745237,970.5101356786046,939.9359401617016,1316.8000404017907,1226.8689170238838,7.162898354610659,0.7370216478596675,0.7661258078342885,0.012821859397045,0.014423852751910498,0.013435161114037027,0.01594961289246355,0.014859359460436374,0.8038978427560167,0.9043387353135072,0.9041547954882356,False,1e-24,False
UniGCN,random,8,26,base,14.712370763704657,0.0022211746653055735,3.5024718764716584e-06,17.81380908023496,22.191777401403723,0.8258969599055904,0.00012468836144483234,1.5782746073552956e-07,1.999977231747061e-05,3.3011397955406195e-08,5.006327766303415e-11,0.00021576803634005523,0.00026877818232885195,0.0926910799982928,0.00015299484814970224,1.862624310844598e-07,False,1e-24,False
UniGCN,random,8,26,restart,9431.999805288637,970.5100051760342,939.9357977385846,1316.6899706433705,1226.7307330841782,7.163417368995304,0.7370831606637184,0.7662119912618887,0.012821716610729283,0.014423850812363666,0.013435159078283906,0.01594827968318036,0.014857685830268348,0.8039560921577977,0.9044142126235462,0.9042565061453619,False,1e-24,False
UniGCN,random,8,27,base,13.905932251022056,0.0020968448183402424,1.927112353632669e-06,16.837277215288886,20.97527651623916,0.8259014847361986,0.00012453586120422298,9.187542067160305e-08,1.8903512108920077e-05,3.116359097290459e-08,2.7545563319402218e-11,0.00020393988875107663,0.0002540443964404224,0.09269158782367085,0.00015280772762871325,1.0842814762049715e-07,False,1e-24,False
UniGCN,random,8,27,restart,9431.908285703486,970.5099217097785,939.9357046924914,1316.5939096744414,1226.6100731285972,7.163870511930095,0.7371368761304385,0.766287286631429,0.012821592200401744,0.014423849571876897,0.013435157748311085,0.01594711615400244,0.01485622444378477,0.804006948753788,0.9044801224613123,0.9043453670984218,False,1e-24,False
UniGCN,random,8,28,base,13.143687548720019,0.0019803269857359943,1.061784497164113e-06,15.914284554704023,19.825463643769343,0.8259050228453368,0.00012443707280266264,5.355660358025503e-08,1.7867328291839585e-05,2.943188720323681e-08,1.5176827673312003e-11,0.00019276022958701578,0.00024011830984128392,0.09269198490850478,0.00015268651249427293,6.320562427473255e-08,False,1e-24,False
UniGCN,random,8,28,restart,9431.82846718575,970.5098687074136,939.9356438043008,1316.5100317603308,1226.5046740600953,7.1642663098998725,0.7371838005744068,0.7663530875042117,0.012821483696326696,0.014423848784148591,0.013435156877993635,0.015946100190895478,0.014854947891233858,0.8040513694782376,0.9045376995927802,0.9044230229795649,False,1e-24,False
UniGCN,random,8,29,base,12.423216696182479,0.001870789104607008,5.857482650676506e-07,15.041893362842249,18.738681939865504,0.8259077761361714,0.00012437191645224587,3.125877620140954e-08,1.688793120869427e-05,2.7803920415382475e-08,8.372509207486741e-12,0.00018219347580962026,0.0002269556322567003,0.09269229391254935,0.00015260656448771892,3.689051082026877e-08,False,1e-24,False
UniGCN,random,8,29,restart,9431.758802843073,970.5098354243673,939.9356039008795,1316.4367625306793,1226.4125775983953,7.16461213428265,0.737224804903418,0.7664106036334809,0.012821388995682283,0.01442384828949146,0.013435156307626156,0.01594521272445106,0.014853832454686034,0.8040901816268294,0.9045880126373808,0.9044909014971202,False,1e-24,False
UniGCN,random,8,30,base,11.742232101475478,0.0017676140748167008,3.23506741814239e-07,14.21732799280179,17.711475552766768,0.825909911301234,0.00012432814912279164,1.8265374945776493e-08,1.5962211141915886e-05,2.6270519183741758e-08,4.624107890803446e-12,0.00017220600766475037,0.00021451450775337313,0.09269253354384142,0.00015255286119218936,2.155615458941254e-08,False,1e-24,False
UniGCN,random,8,30,restart,9431.697967188336,970.5098148802778,939.9355777148724,1316.372740126645,1226.332085281669,7.164914373934039,0.737260644570099,0.7664608868967039,0.012821306296621537,0.014423847984162425,0.013435155933331258,0.015944437259285914,0.014852857563031806,0.8041241022259666,0.90463198854899,0.904550244039965,False,1e-24,False
UniGCN,random,8,31,base,11.098571164985936,0.0016703151362223623,1.7885849665650858e-07,13.437965591831782,16.74057836361661,0.8259115629624889,0.00012429821499451206,1.068412887366146e-08,1.5087228286589908e-05,2.482444921331264e-08,2.5565494588718963e-12,0.00016276605610261364,0.00020275537836919572,0.09269271891111233,0.0001525161314817532,1.2609033996704615e-08,False,1e-24,False
UniGCN,random,8,31,restart,9431.644818893206,970.5098025350618,939.935560509592,1316.3167836674638,1226.261721342175,7.165178577010294,0.7372919760477946,0.7665048530429609,0.012821234047640136,0.014423847800686158,0.013435155687404166,0.01594375949209622,0.014852005342345891,0.8041537539496874,0.9046704328321356,0.9046021313430305,False,1e-24,False
UniGCN,random,8,32,base,10.490189431985625,0.0015784877894824678,9.898047052029076e-08,12.701327483881789,15.82290345384864,0.8259128382681151,0.00012427738687043516,6.255518831230404e-09,1.4260203442155484e-05,2.345969878023371e-08,1.414797021544387e-12,0.00015384359839973097,0.00019164085654632332,0.09269286203968836,0.00015249057500123277,7.382543822028907e-09,False,1e-24,False
UniGCN,random,8,32,restart,9431.598371532482,970.5097954350371,939.9355491921768,1316.2678672810484,1226.2002017136922,7.165409568961738,0.7373193705926839,0.7665433000896245,0.012821170907806717,0.01442384769516463,0.013435155525636443,0.015943166997105723,0.014851260240517314,0.8041796783621621,0.9047040464283599,0.9046475051984179,False,1e-24,False
UniGCN,random,8,33,base,9.915154168682175,0.001491782096882302,5.482343599509149e-08,12.005071120906686,14.955533209682166,0.8259138216528391,0.0001242626621581926,3.6657627131340904e-09,1.3478509279787198e-05,2.217106706291245e-08,7.836296751164093e-13,0.0001454102606698969,0.00018113560528066982,0.09269297240574678,0.00015247250751612435,4.326204524517277e-09,False,1e-24,False
UniGCN,random,8,33,restart,9431.557770137186,970.5097916599235,939.9355417398492,1316.2250984578775,1226.1464079094533,7.165611551692364,0.7373433258467699,0.7665769239926364,0.012821115714889494,0.014423847639058383,0.013435155419115118,0.01594264896387933,0.014850608710869087,0.8042023470464552,0.9047334399532951,0.904687186948909,False,1e-24,False
UniGCN,random,8,34,base,9.371638302650515,0.0014098864324935513,3.03896696341109e-08,11.346982531598771,14.135710001685352,0.825914579189016,0.0001242521021396955,2.1498509541075505e-09,1.2739662105110037e-05,2.0953922634701757e-08,4.3438078095662403e-13,0.0001374392264001789,0.00017120622523639927,0.09269305742464112,0.00015245955018468058,2.537178658993485e-09,False,1e-24,False
UniGCN,random,8,34,restart,9431.522272073873,970.5097899635273,939.9355368277527,1316.187699830854,1226.0993648361125,7.165788187570768,0.7373642756943021,0.7666063320678662,0.012821067459363898,0.014423847613846314,0.01343515534890309,0.015942195976633405,0.014850038943449606,0.8042221710331394,0.9047591457906708,0.9047218933273826,False,1e-24,False
UniGCN,random,8,35,base,8.857914692097784,0.0013325177206769236,1.6857678232007977e-08,10.724969217405086,13.360827393109549,0.825915162322579,0.00012424443312288846,1.2617241235151218e-09,1.2041314067925552e-05,1.9804058387207078e-08,2.4095857321580727e-13,0.00012990515040461586,0.0001618211482646886,0.09269312287018985,0.00015245014016398374,1.4890425373924223e-09,False,1e-24,False
UniGCN,random,8,35,restart,9431.491231223343,970.5097895396839,939.935533586992,1316.1549937174693,1226.0582218358268,7.165942671071111,0.737382598685043,0.7666320545361935,0.012821025262905345,0.014423847607547096,0.013435155302580633,0.015941799827004232,0.014849540635421711,0.8042395088406189,0.9047816284278117,0.9047522500819157,False,1e-24,False
UniGCN,random,8,36,base,8.372350700255925,0.001259415390474524,9.357359541874532e-09,10.137053458109179,12.62842183994382,0.8259156109666589,0.00012423880328529287,7.409761615879123e-10,1.1381245786723942e-05,1.8717601679649176e-08,1.3375127780030227e-13,0.00012278407773872553,0.00015295053687801392,0.09269317322187574,0.00015244323225262725,8.744740654750101e-10,False,1e-24,False
UniGCN,random,8,36,restart,9431.464084732354,970.5097898694908,939.9355314470109,1316.1263889226095,1226.0222364087383,7.16607779018322,0.7373986252672565,0.7666545544885613,0.012820988360379728,0.01442384761244873,0.013435155271992388,0.015941453354198273,0.014849104793915725,0.804254673367234,0.904801293330644,0.9047788037361897,False,1e-24,False
UniGCN,random,8,37,base,7.913403057079897,0.0011903374858245215,5.197168903792365e-09,9.581365996792378,11.936164851322962,0.8259159560055553,0.0001242346327468358,4.3541363315004226e-10,1.0757359363755015e-05,1.7690956528348966e-08,7.428676633782227e-14,0.00011605336720921002,0.00014456618930005967,0.09269321194586858,0.000152438114927397,5.138598914275429e-10,False,1e-24,False
UniGCN,random,8,37,restart,9431.440341813135,970.5097906214539,939.9355300327286,1316.1013694148844,1225.99076018384,7.166195979270341,0.7374126440221892,0.7666742365103822,0.012820956084617639,0.014423847623624508,0.013435155251777063,0.015941150307835324,0.014848723566114016,0.8042679378235296,0.9048184945935149,0.9048020317677118,False,1e-24,False
UniGCN,random,8,38,base,7.479612993340559,0.0011250580467128911,2.888116807506142e-09,9.056140078770582,11.281855582635643,0.8259162212910419,0.00012423151993311743,2.5599661211329094e-10,1.01676717703883e-05,1.6720764685050915e-08,4.128187142022459e-14,0.00010969161917115531,0.00013664144975632337,0.09269324171907208,0.0001524342954493267,3.021182188409429e-10,False,1e-24,False
UniGCN,random,8,38,restart,9431.419574201918,970.5097915861543,939.935529097307,1316.0794845719709,1225.9632267915272,7.166299364714512,0.7374249070539942,0.7666914541614888,0.012820927853443848,0.014423847637962015,0.013435155238406429,0.01594088522979616,0.014848390092368073,0.8042795408550717,0.9048335415527269,0.9048223514353901,False,1e-24,False
UniGCN,random,8,39,base,7.069601633672805,0.0010633652546204729,1.605741471191549e-09,8.55970582230648,10.663413836285844,0.825916425217502,0.00012422918225172611,1.5058418400001271e-10,9.610308584492978e-06,1.5803878074306694e-08,2.2951984758916583e-14,0.00010367860734382849,0.00012915112370205854,0.09269326460590269,0.00015243142707247625,1.7771417004365372e-10,False,1e-24,False
UniGCN,random,8,39,restart,9431.401407982312,970.5097926334805,939.9355284781411,1316.060340751266,1225.9391413553626,7.1663898044359025,0.7374356346605431,0.7667065164743625,0.012820903158562116,0.014423847653527519,0.013435155229556258,0.015940653352122892,0.014848098378926837,0.8042896909777351,0.9048467045177057,0.9048401274485158,False,1e-24,False
UniGCN,random,8,40,base,6.6820656359463335,0.0010050600489536546,8.931613036117865e-10,8.090484901179437,10.078873447031292,0.8259165819557017,0.00012422741791498013,8.86171761462949e-11,9.083498062665047e-06,1.4937338230681047e-08,1.2766578552984489e-14,9.799521440382069e-05,0.0001220713977080649,0.09269328219675689,0.00015242926219975351,1.0458288176167118e-10,False,1e-24,False
UniGCN,random,8,40,restart,9431.385516545763,970.5097936846302,939.9355280680118,1316.0435939878041,1225.9180713699313,7.166468922178549,0.7374450193886389,0.7667196936069786,0.012820881555985762,0.014423847669149847,0.013435155223693993,0.01594045050857321,0.014847843187452829,0.8042985704256189,0.9048582197468201,0.9048556786380512,False,1e-24,False
UniGCN,random,8,41,base,6.3157730648507195,0.0009499550424058585,4.970038987092448e-10,7.646985520924625,9.526376030415507,0.8259167024141373,0.000124226080957846,5.217135006243998e-11,8.58556553084184e-06,1.4118360178707678e-08,7.104023974564171e-15,9.262337113523044e-05,0.00011537976374412726,0.09269329571590398,0.00015242762172945338,6.157079668076337e-11,False,1e-24,False
UniGCN,random,8,41,restart,9431.37161450922,970.5097946937925,939.9355277961595,1316.028943656351,1225.8996387702905,7.166538137304063,0.7374532295599856,0.7667312217654426,0.012820862657769421,0.014423847684148155,0.013435155219808217,0.015940273057853088,0.01484761993897041,0.8043063384948184,0.9048682937738096,0.9048692837661539,False,1e-24,False
UniGCN,random,8,42,base,5.969559488009569,0.0008978736327479318,2.766617635772901e-10,7.22779767193865,9.004165074168126,0.8259167949852705,0.00012422506460492866,3.072597640074366e-11,8.114928077419168e-06,1.3344319232198041e-08,3.954519886871291e-15,8.754599893336543e-05,0.00010905494761635263,0.09269330610523671,0.00015242637464625772,3.626171919116412e-11,False,1e-24,False
UniGCN,random,8,42,restart,9431.35945244532,970.5097956361784,939.9355276158446,1316.0161269618957,1225.883513029288,7.166598690715284,0.7374604123405843,0.7667413074943511,0.012820846124845338,0.01442384769815402,0.013435155217230852,0.015940117816883426,0.014847424630263182,0.8043131344528568,0.904877107173988,0.9048811865895093,False,1e-24,False
UniGCN,random,8,43,base,5.6423242833396134,0.0008486492488599478,1.5405763787503638e-10,6.831588643811715,8.510580353650546,0.8259168661231707,0.0001242242900015186,1.810189569609722e-11,7.670089533531628e-06,1.2612739788664105e-08,2.2020534562632118e-15,8.274695547252561e-05,0.00010307684132921864,0.09269331408910046,0.00015242542419402846,2.1363222115334723e-11,False,1e-24,False
UniGCN,random,8,43,restart,9431.348812306815,970.5097965002163,939.9355274961696,1316.0049141443944,1225.8694051439134,7.166651667435939,0.7374666964151855,0.7667501314186269,0.012820831660803413,0.01442384771099547,0.013435155215520253,0.015939982002717956,0.014847253761039013,0.80431908007282,0.904884817845844,0.9048916002753131,False,1e-24,False
UniGCN,random,8,44,base,5.333027146780564,0.0008021246924712951,8.58121374353557e-11,6.4570987862570295,8.044052653516053,0.8259169207897387,0.00012422369844774527,1.0667774209290792e-11,7.249635725713847e-06,1.1921285546170637e-08,1.226572836214299e-15,7.821098336067139e-05,9.742643915637253e-05,0.09269332022437335,0.00015242469834697526,1.25897327956902e-11,False,1e-24,False
UniGCN,random,8,44,restart,9431.339503447229,970.5097972824811,939.9355274166934,1315.9951043011251,1225.8570623922467,7.166698016293802,0.7374721943193565,0.7667578515087391,0.012820819006481738,0.014423847722621595,0.013435155214384244,0.015939863181941922,0.014847104270428239,0.8043242818424118,0.9048915638725303,0.90490071125477,False,1e-24,False
UniGCN,random,8,45,base,5.040684789946909,0.0007581515511507254,4.7811620607406995e-11,6.103137502909385,7.60309877876112,0.8259169627988882,0.0001242232459598546,6.288438700936832e-12,6.852229986738738e-06,1.1267750779113973e-08,6.834048987138614e-16,7.3923661614697e-05,9.208577721642362e-05,0.09269332493909398,0.00015242414313624574,7.421394697116974e-12,False,1e-24,False
UniGCN,random,8,45,restart,9431.331359155694,970.5097979844165,939.9355273638824,1315.9865217442757,1225.8462637594985,7.166738567090282,0.73747700447422,0.766764605931279,0.0128208079352561,0.014423847733053854,0.01343515521362938,0.01593975922655373,0.014846973481585632,0.8043288328909117,0.9048974660185237,0.9049086825872428,False,1e-24,False
UniGCN,random,8,46,base,4.764367817691341,0.0007165896665968294,2.6645658322774138e-11,5.768579465082865,7.1863168392836,0.8259169950817177,0.00012422289940432253,3.70783238739449e-12,6.476608911024857e-06,1.0650052435883248e-08,3.8086501139052697e-16,6.987135979993779e-05,8.703787636134496e-05,0.0926933285622219,0.0001524237179064136,4.375853677878517e-12,False,1e-24,False
UniGCN,random,8,46,restart,9431.324233636511,970.5097986102298,939.9355273287716,1315.9790128232098,1225.8368159457914,7.166774045585426,0.7374812129626335,0.7667705155384542,0.012820798248934052,0.014423847742354775,0.013435155213127516,0.015939668275474925,0.014846859053338213,0.8043328146709537,0.9049026299090288,0.9049156568982661,False,1e-24,False
UniGCN,random,8,47,base,4.503197776015173,0.0006773066475152335,1.4853120027838942e-11,5.452361033329272,6.792381792943319,0.825917019890642,0.0001242226337131719,2.1867322068482682e-12,6.121578341610875e-06,1.0066222899175483e-08,2.1230602224425642e-16,6.604119468664331e-05,8.226668819575551e-05,0.09269333134654743,0.00015242339189862285,2.580704619335949e-12,False,1e-24,False
UniGCN,random,8,47,restart,9431.317999374389,970.5097991655565,939.9355273054153,1315.972443150745,1225.828549880308,7.166805086581914,0.737484895080272,0.7667756860428747,0.012820789774173254,0.014423847750608116,0.013435155212793669,0.015939588700953793,0.014846758937965953,0.8043362984269528,0.9049071479331848,0.9049217589461532,False,1e-24,False
UniGCN,random,8,48,base,4.256344361207397,0.0006401774196538394,8.281291987492369e-12,5.153476875335285,6.420041232948375,0.8259170389564385,0.00012422242985463857,1.2899125857621981e-12,5.786009576301804e-06,9.514403298558522e-09,1.1837029241078196e-16,6.242098928458436e-05,7.775704405538045e-05,0.0926933334863171,0.00015242314176055875,1.522309571419353e-12,False,1e-24,False
UniGCN,random,8,48,restart,9431.312544834722,970.5097996566268,939.9355272898711,1315.96669518109,1225.8213176765723,7.1668322453532,0.7374881166905787,0.7667802099178936,0.012820782359355262,0.014423847757906469,0.013435155212571484,0.015939519079228318,0.014846671344325338,0.8043393464776953,0.9049111009066135,0.9049270978647104,False,1e-24,False
UniGCN,random,8,49,base,4.0230227815357065,0.0006050838076718713,4.618058610173079e-12,4.870976769345405,6.068111406170272,0.8259170536090131,0.00012422227333947777,7.610372158753171e-13,5.468835781192023e-06,8.99283729615232e-09,6.600913829411336e-17,5.8999234124823216e-05,7.349460678243164e-05,0.09269333513078734,0.0001524229497136589,8.981494178140481e-13,False,1e-24,False
UniGCN,random,8,49,restart,9431.307772455346,970.5098000897533,939.9355272795208,1315.9616660941526,1225.8149899723273,7.16685600762824,0.7374909354086888,0.7667841680584603,0.012820775871855561,0.014423847764343653,0.01343515521242354,0.015939458164900104,0.014846594705630992,0.8043420133369328,0.9049145595241159,0.9049317691233182,False,1e-24,False
UniGCN,random,8,50,base,3.8024912632451735,0.0005719141448967313,2.575693886629609e-12,4.603962582904854,5.7354734497270305,0.8259170648702373,0.00012422215311226183,4.4908130239051045e-13,5.169048600357943e-06,8.499865286782615e-09,3.681619232620872e-17,5.576505066502973e-05,6.946582514456505e-05,0.09269333639464358,0.00015242280219271605,5.299899950744224e-13,False,1e-24,False
UniGCN,random,8,50,restart,9431.303596892247,970.5098004710342,939.9355272726258,1315.957265946976,1225.809453604903,7.166876798317146,0.7374934016361434,0.7667876312329218,0.0128207701956588,0.0144238477700103,0.013435155212324985,0.015939404868543797,0.014846527651300637,0.8043443466926685,0.9049175856292836,0.9049358562402968,False,1e-24,False
UniGCN,random,8,51,base,3.594048693040433,0.0005405629079460677,1.4367980778493514e-12,4.35158541728625,5.421069833868302,0.8259170735253003,0.00012422206072268144,2.6503958109392187e-13,4.885694951084257e-06,8.033918967684738e-09,2.0537158799272915e-17,5.270815670162609e-05,6.565789075248781e-05,0.09269333736600827,0.00015242268882904956,3.1279041351925783e-13,False,1e-24,False
UniGCN,random,8,51,restart,9431.299943486567,970.5098008061868,939.9355272680305,1315.9534160582043,1225.8046095793839,7.166894989137992,0.7374955594653523,0.7667906613522648,0.012820765229274866,0.014423847774991385,0.013435155212259301,0.015939358237139104,0.014846468982346338,0.8043463882631212,0.9049202333242915,0.9049394322808203,False,1e-24,False
UniGCN,random,8,52,base,3.397032389632685,0.000510930373825879,8.016001012268621e-13,4.113042908499313,5.123900999852964,0.8259170801775388,0.00012422198970258187,1.5644332340727601e-13,4.617873994538945e-06,7.59351624224931e-09,1.1457830314647329e-17,4.9818833678528504e-05,6.205869733923851e-05,0.09269333811259435,0.00015242260168611796,1.8462892077824464e-13,False,1e-24,False
UniGCN,random,8,52,restart,9431.29674692475,970.5098011004686,939.9355272649665,1315.950047595949,1225.8003712924228,7.166910905284262,0.7374974474703276,0.7667933125798823,0.01282076088391751,0.01442384777936504,0.013435155212215505,0.015939317436966437,0.014846417649862014,0.804348174545017,0.9049225499401421,0.9049425611666243,False,1e-24,False
UniGCN,random,8,53,base,3.210815997322443,0.00048292229756037613,4.472751214944542e-13,3.8875766762868786,4.8430221821298645,0.8259170852905655,0.00012422193509547115,9.235454736194323e-14,4.364734272341798e-06,7.1772564289137e-09,6.393215816967999e-18,4.708789578835851e-05,5.865680227167551e-05,0.09269333868643344,0.00015242253468221708,1.0899359612815423e-13,False,1e-24,False
UniGCN,random,8,53,restart,9431.293950067267,970.5098013586479,939.9355272629227,1315.9471003432593,1225.7966629793275,7.166924831254352,0.7374990993980644,0.7667956323020062,0.012820757081912125,0.014423847783202135,0.013435155212186292,0.015939281738653818,0.01484637273621516,0.8043497374678394,0.9049245768850013,0.9049452988212773,False,1e-24,False
UniGCN,random,8,54,base,3.0348074949617287,0.0004564496087294715,2.4959829420603263e-13,3.67446991298542,4.577540404718523,0.825917089220638,0.00012422189309984496,5.4526726612559674e-14,4.1254709999780114e-06,6.783815751061197e-09,3.567682810245518e-18,4.450666076774976e-05,5.544139017180739e-05,0.09269333912750863,0.00015242248315283313,6.43505294363944e-14,False,1e-24,False
UniGCN,random,8,54,restart,9431.291502924509,970.5098015850112,939.935527261559,1315.9445216187162,1225.7934183562058,7.166937015949024,0.7375005447731239,0.7667976619763683,0.0128207537553036,0.014423847786566378,0.013435155212166799,0.015939250504102668,0.014846333438601039,0.8043511049659214,0.9049263503860338,0.9049476941717394,False,1e-24,False
UniGCN,random,8,55,base,2.86844731399521,0.00043142812552573984,1.393008551396733e-13,3.4730451045761592,4.32661164224049,0.8259170922415267,0.0001242218607979726,3.219629277092635e-14,3.899323508492025e-06,6.411943087296926e-09,1.9911244502499556e-18,4.206692229380038e-05,5.240223853230835e-05,0.0926933394665454,0.00015242244351785838,3.79969349786906e-14,False,1e-24,False
UniGCN,random,8,55,restart,9431.289361761303,970.5098017833841,939.9355272606489,1315.9422653325644,1225.7905794325525,7.166947677129157,0.7375018094263559,0.7667994378744265,0.01282075084463901,0.014423847789514622,0.01343515521215379,0.015939223175055285,0.014846299054661189,0.8043523014787414,0.9049279021381536,0.9049497900243124,False,1e-24,False
UniGCN,random,8,56,base,2.7112065596185326,0.0004077782851209618,7.77511970103668e-14,3.2826618766754248,4.089438136575611,0.8259170945636217,0.00012422183594916776,1.9012684484689045e-14,3.6855728263572986e-06,6.0604559641189895e-09,1.1113521826432177e-18,3.976092389383993e-05,4.952968521690173e-05,0.092693339727156,0.0001524224130279307,2.2438103084571488e-14,False,1e-24,False
UniGCN,random,8,56,restart,9431.28748831379,970.509801957164,939.9355272600408,1315.9402911612858,1225.7880954728098,7.166957005314355,0.7375029159573132,0.7668009917305403,0.01282074829790305,0.014423847792097362,0.013435155212145099,0.01593919926309697,0.014846268969906259,0.804353348388468,0.9049292598714161,0.904951623830774,False,1e-24,False
UniGCN,random,8,57,base,2.562585329414029,0.0003854248892702813,4.3400800153987186e-14,3.1027149586117635,3.8652658606121872,0.8259170963486111,0.0001242218168319047,1.1228412667871e-14,3.4835393938553574e-06,5.728236775053089e-09,6.203579601888911e-19,3.75813342855107e-05,4.6814597742287846e-05,0.0926933399274868,0.00015242238957070722,1.3251378632022698e-14,False,1e-24,False
UniGCN,random,8,57,restart,9431.285849104495,970.5098021093572,939.9355272596347,1315.938563825694,1225.7859220881367,7.16696516719282,0.737503884138704,0.7668023513098001,0.012820746069586947,0.01442384779435928,0.013435155212139295,0.01593917834091199,0.014846242646715854,0.8043542644026519,0.9049304478472878,0.9049532283585096,False,1e-24,False
UniGCN,random,8,58,base,2.4221111241296978,0.0003642968641913381,2.4228264677679646e-14,2.932632259113987,3.653382121027727,0.8259170977207592,0.00012422180212305248,6.631735710926409e-15,3.292580902712981e-06,5.4142292119437535e-09,3.463115150189483e-19,3.552122406872562e-05,4.4248344243956136e-05,0.09269334008148407,0.00015242237152268267,7.826541782210323e-15,False,1e-24,False
UniGCN,random,8,58,restart,9431.284414843283,970.5098022426173,939.9355272593637,1315.9370524595342,1225.7840204420252,7.166972308603873,0.7375047312701616,0.7668035409047159,0.01282074411987414,0.014423847796339808,0.01343515521213542,0.01593916003463583,0.014846219614717288,0.8043550658889574,0.9049314872927277,0.9049546322766869,False,1e-24,False
UniGCN,random,8,59,base,2.289337345557152,0.00034432703384438613,1.3526258710308027e-14,2.7718730474900095,3.453113292478984,0.825917098775572,0.00012422179080538397,3.917119875495759e-15,3.1120902541404108e-06,5.117434895412827e-09,1.9334026637163335e-19,3.357404369537318e-05,4.1822766033575616e-05,0.09269334019986655,0.0001524223576357011,4.622847427557002e-15,False,1e-24,False
UniGCN,random,8,59,restart,9431.283159903354,970.5098023592801,939.9355272591821,1315.9357300572028,1225.7823565554502,7.166978557146846,0.7375054724876972,0.7668045817697023,0.01282074241392795,0.014423847798073666,0.013435155212132824,0.015939144017165733,0.014846199462369815,0.8043557671679605,0.9049323967798922,0.9049558606690206,False,1e-24,False
UniGCN,random,8,60,base,2.163841876738922,0.00032545190581294937,7.551983842864046e-15,2.6199262345123757,3.263822675997764,0.8259170995864543,0.00012422178209667149,2.3138462448960627e-15,2.941493628786821e-06,4.8369101925888456e-09,1.0794578154126964e-19,3.1733602646709976e-05,3.953015166071732e-05,0.09269334029087253,0.00015242234694995521,2.730720146680835e-15,False,1e-24,False
UniGCN,random,8,60,restart,9431.282061862867,970.5098024614007,939.9355272590609,1315.934572990655,1225.7809006990599,7.16698402446323,0.7375061210344024,0.7668054925011624,0.012820740921268467,0.014423847799591397,0.013435155212131093,0.01593913000230929,0.014846181829603082,0.8043563807692751,0.9049331925582915,0.9049569354823327,False,1e-24,False
UniGCN,random,8,61,base,2.045225739995607,0.00030761146904677067,4.216672120372673e-15,2.4763087475438015,3.0849084747838664,0.8259171002098277,0.00012422177539528706,1.366871061115711e-15,2.780248662482906e-06,4.571763211135425e-09,6.027184075175266e-20,2.999404975222628e-05,3.736321239644513e-05,0.09269334036083422,0.00015242233872723676,1.6131332636025466e-15,False,1e-24,False
UniGCN,random,8,61,restart,9431.281101104003,970.5098025507829,939.9355272589797,1315.933560586816,1225.7796268614834,7.166988808233069,0.7375066884972539,0.7668062893699857,0.012820739615227528,0.014423847800919806,0.013435155212129932,0.01593911773966589,0.014846166401377474,0.8043569176556112,0.904933888845353,0.9049578759189563,False,1e-24,False
UniGCN,random,8,62,base,1.9331118285095716,0.00029074900278245615,2.3545163111172177e-15,2.340563994736014,2.9158018809597412,0.8259171006890595,0.00012422177023843734,8.075021579800287e-16,2.6278427219751136e-06,4.321150959404056e-09,3.365474670544667e-20,2.834985458740327e-05,3.5315059060831885e-05,0.09269334041461881,0.00015242233239968998,9.529857120577022e-16,False,1e-24,False
UniGCN,random,8,62,restart,9431.28026046217,970.5098026290099,939.9355272589255,1315.9326747579023,1225.778512284204,7.1669929939214265,0.7375071850142779,0.7668069866124362,0.012820738472471848,0.014423847802082427,0.013435155212129157,0.01593910701014901,0.014846152902050682,0.8043573874187817,0.9049344980806162,0.9049586987800305,False,1e-24,False
UniGCN,random,8,63,base,1.8271437074349142,0.00027481089600424504,1.3147844291301941e-15,2.21226041341859,2.7559652672042496,0.8259171010574844,0.00012422176627008467,4.770685773061134e-16,2.4837912751728274e-06,4.0842766632356815e-09,1.8793132468743e-20,2.6795789891213544e-05,3.3379180120730295e-05,0.09269334045596743,0.0001524223275304503,5.630195948722971e-16,False,1e-24,False
UniGCN,random,8,63,restart,9431.27952491915,970.5098026974703,939.9355272588894,1315.9318996780225,1225.7775370546613,7.166996656306273,0.7375076194557872,0.7668075966846297,0.01282073747258589,0.014423847803099894,0.01343515521212864,0.015939097622069073,0.014846141090449516,0.8043577984511783,0.9049350311481132,0.9049594187658262,False,1e-24,False
UniGCN,random,8,64,base,1.7269844807238115,0.0002597464768491193,7.34220423148037e-16,2.0909900980623415,2.6048904775163173,0.825917101340727,0.00012422176321629582,2.818623007321573e-16,2.347636350729395e-06,3.8603872305563815e-09,1.0494725498541213e-20,2.5326914947460532e-05,3.154942098816674e-05,0.09269334048775597,0.0001524223237833968,3.326439969366626e-16,False,1e-24,False
UniGCN,random,8,64,restart,9431.278881334654,970.5098027573808,939.9355272588651,1315.931221500254,1225.7766837502745,7.166999860815168,0.7375079995829353,0.7668081304851746,0.012820736597706947,0.014423847803990293,0.013435155212128295,0.015939089407706563,0.014846130755558448,0.8043581580957887,0.9049354975709183,0.9049600487384986,False,1e-24,False
UniGCN,random,8,65,base,1.6323157200678335,0.0002455078513980857,4.1003005149742323e-16,1.9763675034548815,2.4620972116744415,0.8259171015584844,0.00012422176086629346,1.665369058350734e-16,2.2189450820612908e-06,3.6487708554716325e-09,5.8608460088429765e-21,2.3938559877118235e-05,2.981996445354269e-05,0.09269334051219506,0.0001524223208999019,1.9654101258147856e-16,False,1e-24,False
UniGCN,random,8,65,restart,9431.278318211438,970.5098028098074,939.9355272588487,1315.930628109126,1225.7759371270154,7.16700266469467,0.7375083321864335,0.7668085975499551,0.01282073583220584,0.014423847804769465,0.013435155212128059,0.015939082220314028,0.014846121712747733,0.8043584727774401,0.9049359056813554,0.9049605999519634,False,1e-24,False
UniGCN,random,8,66,base,1.54283645254998,0.00023204975132963532,2.2899218026843305e-16,1.868028218965261,2.3271314982558944,0.8259171017258983,0.0001242217590578864,9.84010488621098e-17,2.0973083311777444e-06,3.4487547540714417e-09,3.2731452265052613e-21,2.262631079173039e-05,2.818531219143685e-05,0.09269334053098405,0.00015242231868095414,1.161294650303606e-16,False,1e-24,False
UniGCN,random,8,66,restart,9431.277825489824,970.5098028556841,939.935527258838,1315.9301089040734,1225.775283846947,7.167005118033461,0.7375086232079145,0.766809006222547,0.012820735162407596,0.01442384780545129,0.013435155212127906,0.015939075931493137,0.014846113800473465,0.8043587481176255,0.9049362627699143,0.9049610822530163,False,1e-24,False
UniGCN,random,8,67,base,1.4582622037895823,0.00021932938994271125,1.2789098076464252e-16,1.7656278100005829,2.1995642513610107,0.8259171018546094,0.00012422175766626536,5.814378038082235e-17,1.9823393879465207e-06,3.2597030246242374e-09,1.828035143873301e-21,2.1385995760665976e-05,2.6640267280210682e-05,0.09269334054542941,0.00015242231697341023,6.861924937334353e-17,False,1e-24,False
UniGCN,random,8,67,restart,9431.27739436794,970.5098028958279,939.9355272588306,1315.9296546099831,1225.774712239851,7.1670072646574665,0.7375088778461101,0.7668093638033142,0.012820734576347087,0.014423847806047913,0.0134351552121278,0.015939070428899988,0.01484610687739049,0.8043589890349641,0.9049365752155316,0.9049615042572905,False,1e-24,False
UniGCN,random,8,68,base,1.378324093538485,0.00020730632608539576,7.142860707280796e-17,1.668840722971222,2.0789899064540625,0.8259171019535656,0.00012422175659538396,3.435736116421893e-17,1.8736727406611693e-06,3.081014625266639e-09,1.0209789871523857e-21,2.0213671547616548e-05,2.517991767984331e-05,0.09269334055653534,0.00015242231565941962,4.054735206579672e-17,False,1e-24,False
UniGCN,random,8,68,restart,9431.277017144423,970.5098029309553,939.9355272588257,1315.929257111441,1225.774212094671,7.167009142913009,0.7375091006497522,0.7668096766798607,0.012820734063555193,0.014423847806569981,0.013435155212127731,0.015939065614237417,0.014846100819826466,0.804359199833094,0.9049368485995828,0.9049618735032119,False,1e-24,False
UniGCN,random,8,69,base,1.3027679808535388,0.00019594233555232375,3.9894796791098965e-17,1.5773592502831797,1.9650251309837623,0.825917102029646,0.000124221755771329,2.030243591394996e-17,1.7709629140015554e-06,2.912121462694438e-09,5.702442045231003e-22,1.910561107416642e-05,2.379962061546822e-05,0.0926933405650739,0.00015242231464828945,2.3960222464742918e-17,False,1e-24,False
UniGCN,random,8,69,restart,9431.276687080792,970.5098029616922,939.9355272588224,1315.9289093077118,1225.7737744770495,7.167010786351998,0.737509295598849,0.7668099504411621,0.012820733614871729,0.014423847807026798,0.013435155212127684,0.015939061401498446,0.01484609551957193,0.8043593842775735,0.9049370878056091,0.9049621965866937,False,1e-24,False
UniGCN,random,8,70,base,1.2313536561279657,0.00018520128953877026,2.2282867143150964e-17,1.4908925520669982,1.8573076056841709,0.8259171020881394,0.00012422175513721905,1.1997402624614079e-17,1.6738833706936264e-06,2.752486585730827e-09,3.1850458883337566e-22,1.8058291570578952e-05,2.2494987816963537e-05,0.09269334057163867,0.0001524223138702252,1.4158913595551734e-17,False,1e-24,False
UniGCN,random,8,70,restart,9431.276398281072,970.5098029885875,939.9355272588203,1315.9286049858588,1225.7733915696813,7.167012224331442,0.7375094661758012,0.7668101899774253,0.012820733222281796,0.014423847807426518,0.013435155212127655,0.01593905771542949,0.014846090881946716,0.8043595456631629,0.9049372971065782,0.9049624792789864,False,1e-24,False
UniGCN,random,8,71,base,1.1638540774130535,0.00017504903976267008,1.2446167590240927e-17,1.409165731533039,1.7554948726814894,0.8259171021331112,0.0001242217546492798,7.08983420226663e-18,1.582125473376777e-06,2.601602477994338e-09,1.77901769346564e-22,1.7068383376126926e-05,2.1261871567669217e-05,0.09269334057668589,0.00015242231327151502,8.367173547275175e-18,False,1e-24,False
UniGCN,random,8,71,restart,9431.27614558644,970.5098030121209,939.9355272588188,1315.928338709734,1225.7730565326387,7.167013482537959,0.7375096154276186,0.7668103995674594,0.01282073287877257,0.014423847807776275,0.013435155212127632,0.01593905449018573,0.01484608682410828,0.8043596868726921,0.904937480241226,0.9049627266297903,False,1e-24,False
UniGCN,random,8,72,base,1.1000546486024183,0.00016545330988765823,6.951989217496911e-18,1.3319189610134405,1.6592632467446227,0.8259171021676878,0.00012422175427382375,4.189804861366216e-18,1.4953975033785495e-06,2.4589894442133962e-09,9.936963915227134e-23,1.613273935336047e-05,2.0096351517877037e-05,0.09269334058056644,0.00015242231281082375,4.944660679520632e-18,False,1e-24,False
UniGCN,random,8,72,restart,9431.275924483047,970.509803032713,939.9355272588175,1315.9281057228468,1225.7727633811598,7.167014583446709,0.737509746020362,0.7668105829551217,0.012820732578207992,0.014423847808082316,0.013435155212127613,0.015939051668154635,0.01484608327357151,0.8043598104285665,0.9049376404808563,0.9049629430574744,False,1e-24,False
UniGCN,random,8,73,base,1.0397525371841023,0.0001563835929007136,3.8832075280182336e-18,1.2589066559122208,1.5683067862181272,0.8259171021942716,0.00012422175398492586,2.4760509628236344e-18,1.4134237332772459e-06,2.3241940850389986e-09,5.55053983457544e-23,1.5248384882657714e-05,1.8994722221170453e-05,0.09269334058354997,0.00015242231245634087,2.9221484631078835e-18,False,1e-24,False
UniGCN,random,8,73,restart,9431.275731021376,970.5098030507306,939.935527258817,1315.927901863387,1225.7725068787256,7.167015546722927,0.7375098602867712,0.7668107434162019,0.012820732315219149,0.014423847808350097,0.013435155212127608,0.015939049198926684,0.014846080166913725,0.8043599185378311,0.9049377806877829,0.9049631324280107,False,1e-24,False
UniGCN,random,8,74,base,0.9827560293915681,0.0001478110541172547,2.1690993504003996e-18,1.1898966939373106,1.482336320365918,0.8259171022147107,0.00012422175376263555,1.463297714964545e-18,1.3359435503040304e-06,2.1967878554933436e-09,3.1004452537445214e-23,1.4412508405248433e-05,1.795348135398963e-05,0.09269334058584386,0.0001524223121835867,1.7269326169186343e-18,False,1e-24,False
UniGCN,random,8,74,restart,9431.2755617457,970.5098030664961,939.9355272588168,1315.9277234898668,1225.7722824435036,7.167016389573257,0.7375099602679429,0.766810883816945,0.012820732085108378,0.014423847808584408,0.013435155212127604,0.015939047038394705,0.01484607744864155,0.8043600131316014,0.9049379033664675,0.9049632981240411,False,1e-24,False
UniGCN,random,8,75,base,0.9288839207035147,0.00013970843950466858,1.2116437692102926e-18,1.1246696771322724,1.4010785300334445,0.8259171022304255,0.00012422175359159919,8.64793616658568e-19,1.2627106277976786e-06,2.0763657024617307e-09,1.7318870953438473e-23,1.3622452484644772e-05,1.696931858096904e-05,0.09269334058760755,0.00015242231197372201,1.0205990812654939e-18,False,1e-24,False
UniGCN,random,8,75,restart,9431.27541363233,970.5098030802911,939.9355272588161,1315.9275674160667,1225.7720860664933,7.167017127053143,0.7375100477497921,0.7668110066652539,0.012820731883765321,0.01442384780878943,0.013435155212127594,0.015939045147965923,0.01484607507019953,0.8043600958995621,0.9049380107082601,0.9049634431053046,False,1e-24,False
UniGCN,random,8,76,base,0.8779649397548184,0.00013204998903234406,6.76825205667944e-19,1.0630182343615258,1.3242750787055546,0.8259171022425078,0.00012422175346000198,5.110910992371188e-19,1.193492142077902e-06,1.962544776889048e-09,9.67433555378861e-24,1.2875705358061116e-05,1.6039105030648055e-05,0.09269334058896356,0.0001524223118122499,6.031717814243731e-19,False,1e-24,False
UniGCN,random,8,76,restart,9431.27528403559,970.5098030923612,939.9355272588161,1315.9274308541128,1225.7719142399053,7.167017772335779,0.7375101242949577,0.7668111141554954,0.012820731707593491,0.014423847808968816,0.013435155212127594,0.01593904349387249,0.014846072989102682,0.8043601683201513,0.9049381046305464,0.9049635699615158,False,1e-24,False
UniGCN,random,8,77,base,0.8298372038271081,0.00012481135477238273,3.780799132764451e-19,1.0047463620315198,1.251681791197486,0.8259171022517973,0.00012422175335875194,3.020575324617732e-19,1.1280680322475444e-06,1.8549632165814772e-09,5.404160360094673e-24,1.2169892950963175e-05,1.515988334809548e-05,0.09269334059000611,0.00015242231168801428,3.564777007847882e-19,False,1e-24,False
UniGCN,random,8,77,restart,9431.27517064058,970.5098031029225,939.9355272588159,1315.9273113646746,1225.771763894496,7.16701833694745,0.7375101912707177,0.766811208207695,0.012820731553446044,0.01442384780912578,0.01343515521212759,0.015939042046568246,0.014846071168177521,0.8043602316869732,0.9049381868110011,0.9049636809586216,False,1e-24,False
UniGCN,random,8,78,base,0.7843477041878774,0.00011796952349036413,2.1120086506454853e-19,0.9496688009518547,1.1830678773678682,0.8259171022589394,0.0001242217532808523,1.7851965141208617e-19,1.0662303005704242e-06,1.7532789957399833e-09,3.018841527730126e-24,1.1502771329358706e-05,1.4328858292823133e-05,0.0926933405908077,0.00015242231159243,2.1068262844375868e-19,False,1e-24,False
UniGCN,random,8,78,restart,9431.275071421798,970.5098031121637,939.9355272588158,1315.9272068133862,1225.77163234474,7.167018830973425,0.7375102498734136,0.7668112905018389,0.012820731418569547,0.014423847809263124,0.013435155212127589,0.0159390407802009,0.014846069574898008,0.8043602871319057,0.9049382587175564,0.9049637780792826,False,1e-24,False
UniGCN,random,8,79,base,0.7413518196419273,0.00011150274347988289,1.1798107199967881e-19,0.8976104473552495,1.1182151983857387,0.8259171022644312,0.0001242217532209194,1.0550837814581389e-19,1.007782351200589e-06,1.6571688375653252e-09,1.6863858939682592e-24,1.0872219565833934e-05,1.3543387852097157e-05,0.09269334059142403,0.0001524223115188913,1.245172856588558e-19,False,1e-24,False
UniGCN,random,8,79,restart,9431.27498460698,970.5098031202494,939.9355272588157,1315.927115332719,1225.7715172408546,7.167019263238128,0.7375103011498215,0.7668113625078838,0.012820731300554809,0.014423847809383297,0.013435155212127587,0.01593903967215018,0.014846068180804486,0.804360335645321,0.9049383216346254,0.9049638630582901,False,1e-24,False
UniGCN,random,8,80,base,0.7007128567486222,0.00010539045540811448,6.59072396247206e-20,0.8484057962038608,1.056917573218878,0.8259171022686531,0.0001242217531748104,6.235797501596827e-20,9.52538365160668e-07,1.5663271864755085e-09,9.42058224507549e-25,1.027623299665529e-05,1.2800974841394285e-05,0.09269334059189786,0.00015242231146231472,7.359269400805572e-20,False,1e-24,False
UniGCN,random,8,80,restart,9431.274908645411,970.5098031273245,939.9355272588156,1315.927035288622,1225.771416526824,7.16701964146276,0.737510346015851,0.7668114255120148,0.01282073119729381,0.014423847809488447,0.013435155212127585,0.015939038702623812,0.014846066960995294,0.8043603780937756,0.9049383766860455,0.9049639374135546,False,1e-24,False
UniGCN,random,8,81,base,0.6623016152432137,9.96132269524576e-05,3.6817786320837384e-20,0.8018984150120892,0.9989801231386386,0.8259171022718993,0.0001242217531393373,3.6855374264266325e-20,9.00322709582253e-07,1.4804652366667352e-09,5.262623440035087e-25,9.712916848499143e-06,1.20992589652991e-05,0.09269334059226218,0.00015242231141878858,4.3495419472617204e-20,False,1e-24,False
UniGCN,random,8,81,restart,9431.274842180264,970.509803133515,939.9355272588157,1315.9269652513296,1225.7713284036734,7.1670199724032395,0.7375103852729066,0.7668114806396209,0.012820731106942105,0.01442384780958045,0.013435155212127587,0.015939037854303895,0.014846065893681945,0.8043604152354917,0.9049384248551544,0.9049640024732211,False,1e-24,False
UniGCN,random,8,82,base,0.6259959772806164,9.415269102037868e-05,2.0567695794136073e-20,0.7579404465130463,0.9442186521572965,0.8259171022743953,0.0001242217531120475,2.1782767950139708e-20,8.509693793301525e-07,1.399310013928386e-09,2.9398844637346396e-25,9.180480214547557e-06,1.1436009313602058e-05,0.09269334059254232,0.00015242231138530354,2.5707258389846916e-20,False,1e-24,False
UniGCN,random,8,82,restart,9431.27478402432,970.5098031389317,939.9355272588155,1315.9269039698243,1225.7712512973314,7.1670202619708645,0.7375104196222032,0.7668115288753973,0.0128207310278858,0.014423847809660955,0.013435155212127584,0.0159390371120376,0.014846064959799902,0.8043604477338991,0.9049384670023553,0.9049640593993917,False,1e-24,False
UniGCN,random,8,83,base,0.5916805191957548,8.899148735599355e-05,1.1489912412195966e-20,0.7163921385875425,0.8924590614282046,0.8259171022763143,0.0001242217530910536,1.2874441987074039e-20,8.043214692353335e-07,1.322603507792148e-09,1.6423334596341727e-25,8.677230360798721e-06,1.0809117268741756e-05,0.09269334059275769,0.00015242231135954363,1.5193964676315792e-20,False,1e-24,False
UniGCN,random,8,83,restart,9431.274733138796,970.5098031436712,939.9355272588159,1315.926850349487,1225.7711838305154,7.167020515337929,0.7375104496772908,0.7668115710809356,0.012820730958712796,0.014423847809731393,0.01343515521212759,0.01593903646256646,0.014846064142668048,0.8043604761694886,0.904938503880485,0.904964109208887,False,1e-24,False
UniGCN,random,8,84,base,0.5592461445461839,8.411320734770544e-05,6.418752315137948e-21,0.6771213999611386,0.8435367957469943,0.8259171022777898,0.00012422175307490337,7.60933292714732e-21,7.602306752586585e-07,1.2501018512556745e-09,9.174771154100219e-26,8.201567344490535e-06,1.0216589802042619e-05,0.09269334059292328,0.00015242231133972701,8.9802677134653e-21,False,1e-24,False
UniGCN,random,8,84,restart,9431.274688614769,970.509803147818,939.9355272588157,1315.9268034325457,1225.7711247981251,7.167020737030086,0.737510475975016,0.7668116080101133,0.012820730898187513,0.014423847809793024,0.013435155212127587,0.015939035894289556,0.014846063427690683,0.8043605010501776,0.9049385361482638,0.9049641527914067,False,1e-24,False
UniGCN,random,8,85,base,0.5285897372703465,7.95023418614025e-05,3.585808522388238e-21,0.6400033802567199,0.7972963203941302,0.8259171022789241,0.0001242217530624796,4.497460267489574e-21,7.185568229995131e-07,1.1815745454725186e-09,5.125446656937609e-26,7.751978927528099e-06,9.656543137435272e-06,0.0926933405930506,0.00015242231132448283,5.307744794374627e-21,False,1e-24,False
UniGCN,random,8,85,restart,9431.27464965695,970.5098031514467,939.9355272588158,1315.926762380967,1225.7710731457205,7.167020931007217,0.7375104989851097,0.7668116403225609,0.01282073084522885,0.014423847809846953,0.013435155212127589,0.015939035397056284,0.014846062802096834,0.8043605228203871,0.9049385643820601,0.9049641909254237,False,1e-24,False
UniGCN,random,8,86,base,0.49961383385878294,7.514423193334553e-05,2.00320728255022e-21,0.6049200730674886,0.7535906266555825,0.8259171022797964,0.00012422175305292272,2.6582168244852076e-21,6.791674220503511e-07,1.1168037269431695e-09,2.863324130498133e-26,7.327035768743806e-06,9.127196762515106e-06,0.09269334059314849,0.00015242231131275635,3.137134220944648e-21,False,1e-24,False
UniGCN,random,8,86,restart,9431.274615569473,970.5098031546215,939.9355272588157,1315.9267264614848,1225.7710279506834,7.1670211007341456,0.7375105191185787,0.7668116685954435,0.012820730798890852,0.014423847809894138,0.013435155212127587,0.015939034961985038,0.014846062254712113,0.8043605418689768,0.9049385890861864,0.9049642242920876,False,1e-24,False
UniGCN,random,8,87,base,0.47222631349605115,7.10250221659737e-05,1.1190945818428938e-21,0.5717599407884538,0.7122807644495612,0.8259171022804669,0.00012422175304557117,1.5711425012406612e-21,6.419372447803487e-07,1.0555834748772204e-09,1.5996000755454244e-26,6.925386879705109e-06,8.626867767898955e-06,0.09269334059322373,0.0001524223113037359,1.8542072494696437e-21,False,1e-24,False
UniGCN,random,8,87,restart,9431.274585743467,970.5098031573996,939.9355272588157,1315.9266950325048,1225.770988405739,7.167021249242539,0.7375105367350474,0.7668116933337717,0.012820730758345835,0.014423847809935426,0.013435155212127587,0.015939034581304565,0.014846061775759116,0.8043605585361931,0.9049386107019084,0.9049642534873945,False,1e-24,False
UniGCN,random,8,88,base,0.4463401051882556,6.713161667845321e-05,6.251865195796528e-22,0.5404175600136776,0.6732354005734277,0.8259171022809827,0.0001242217530399163,9.286298953488643e-22,6.067479282090361e-07,9.977191565244717e-10,8.936227734234418e-27,6.545755329623033e-06,8.153965496883385e-06,0.09269334059328162,0.00015242231129679724,1.0959364173971583e-21,False,1e-24,False
UniGCN,random,8,88,restart,9431.274559646181,970.5098031598303,939.9355272588156,1315.9266675326417,1225.7709538045349,7.16702137918505,0.737510552149181,0.7668117149794207,0.012820730722869583,0.014423847809971552,0.013435155212127585,0.015939034248215137,0.01484606135668278,0.8043605731197456,0.9049386296153259,0.9049642790328299,False,1e-24,False
UniGCN,random,8,89,base,0.421872910945073,6.345163747191717e-05,3.4926426581669464e-22,0.510793286371913,0.6363304011663498,0.825917102281379,0.0001242217530355665,5.48872512104588e-22,5.734875977041677e-07,9.430268083935028e-10,4.992278177825489e-27,6.186934185706311e-06,7.706986488394668e-06,0.09269334059332611,0.00015242231129146,6.477600791623236e-22,False,1e-24,False
UniGCN,random,8,89,restart,9431.274536811465,970.5098031619572,939.9355272588157,1315.9266434706935,1225.7709235290245,7.167021492882711,0.7375105656363062,0.7668117339190249,0.012820730691828418,0.014423847810003162,0.013435155212127587,0.015939033956767122,0.014846060989997564,0.8043605858801256,0.9049386461642696,0.9049643013846862,False,1e-24,False
UniGCN,random,8,90,base,0.39874694413621453,5.9973385077026794e-05,1.9511931933177004e-22,0.482792937735075,0.6014484370602623,0.8259171022816838,0.00012422175303222072,3.244157060004464e-22,5.420505113074891e-07,8.913325513904072e-10,2.7889767585997272e-27,5.847782676054687e-06,7.284509697152999e-06,0.0926933405933603,0.00015242231128735463,3.8286403265956827e-22,False,1e-24,False
UniGCN,random,8,90,restart,9431.274516831443,970.509803163818,939.9355272588158,1315.926622416866,1225.7708970384274,7.167021592366384,0.73751057743733,0.7668117504908825,0.01282073066466788,0.014423847810030817,0.013435155212127589,0.015939033701754673,0.01484606066915375,0.8043605970452582,0.9049386606443366,0.904964320942211,False,1e-24,False
UniGCN,random,8,91,base,0.3768886821904991,5.6685801358738065e-05,1.0900531657003112e-22,0.4563274947923915,0.5684786107644508,0.8259171022819182,0.00012422175302964717,1.9174919602242958e-22,5.123367235576308e-07,8.424720380182124e-10,1.5580891503659627e-27,5.527222562892339e-06,6.885191975854765e-06,0.09269334059338662,0.00015242231128419684,2.262956727757084e-22,False,1e-24,False
UniGCN,random,8,91,restart,9431.27449934924,970.5098031654462,939.9355272588158,1315.9266039950965,1225.7708738595697,7.167021679413043,0.7375105877630411,0.7668117649909989,0.01282073064090284,0.014423847810055016,0.013435155212127589,0.01593903347862278,0.014846060388420436,0.8043606068145748,0.9049386733141688,0.9049643380547396,False,1e-24,False
UniGCN,random,8,92,base,0.35622863285131523,5.3578434360020595e-05,6.089706668506443e-23,0.4313128180382958,0.5373161038978644,0.8259171022820984,0.00012422175302766777,1.1333564403392613e-22,4.8425176774135e-07,7.962899298794784e-10,8.70444322136831e-28,5.224234714611141e-06,6.507763805009753e-06,0.09269334059340684,0.0001524223112817681,1.3375475020570857e-22,False,1e-24,False
UniGCN,random,8,92,restart,9431.274484052581,970.5098031668712,939.9355272588156,1315.926587876336,1225.7708535784313,7.167021755577512,0.7375105967978776,0.7668117776783747,0.012820730620108797,0.014423847810076194,0.013435155212127585,0.015939033283385855,0.01484606014278317,0.8043606153625743,0.9049386844000745,0.9049643530279354,False,1e-24,False
UniGCN,random,8,93,base,0.33670111324534463,5.064140507275574e-05,3.402092926962721e-23,0.4076693802742994,0.5078618439482625,0.8259171022822368,0.0001242217530261453,6.698855146340356e-23,4.5770635556292465e-07,7.526394038208963e-10,4.8628491204205525e-28,4.937855865725525e-06,6.151025256857466e-06,0.09269334059342237,0.0001524223112799,7.905753784703143e-23,False,1e-24,False
UniGCN,random,8,93,restart,9431.274470668248,970.5098031681176,939.9355272588156,1315.9265737726723,1225.7708358327516,7.167021822220235,0.7375106047032183,0.7668117887796309,0.012820730601914338,0.014423847810094719,0.013435155212127585,0.015939033112556594,0.014846059927854394,0.8043606228419408,0.9049386941000689,0.9049643661292484,False,1e-24,False
UniGCN,random,8,94,base,0.3182440410621593,4.786537603017071e-05,1.9006271110779393e-23,0.3853220137744118,0.48002218929875345,0.8259171022823433,0.00012422175302497426,3.959456778142891e-23,4.3261609327688393e-07,7.113816851498018e-10,2.716699124266481e-28,4.667175554438127e-06,5.813842180530975e-06,0.09269334059343433,0.00015242231127846311,4.6728119544833714e-23,False,1e-24,False
UniGCN,random,8,94,restart,9431.274458957163,970.5098031692085,939.9355272588157,1315.9265614321864,1225.770820305559,7.167021880531578,0.7375106116202684,0.7668117984930571,0.012820730585994467,0.014423847810110932,0.013435155212127587,0.015939032963083653,0.014846059739795072,0.8043606293862697,0.904938702587413,0.9049643775926932,False,1e-24,False
UniGCN,random,8,95,base,0.30079873718080496,4.52415216209554e-05,1.0618141683975036e-23,0.36419967131028824,0.4537086315203512,0.8259171022824252,0.00012422175302407359,2.3402996871349487e-23,4.0890121338159795e-07,6.723856064385685e-10,1.5177251784981768e-28,4.4113332280800415e-06,5.495142596340084e-06,0.09269334059344352,0.00015242231127735796,2.761939570974962e-23,False,1e-24,False
UniGCN,random,8,95,restart,9431.274448710143,970.5098031701627,939.9355272588158,1315.9265506344532,1225.7708067195067,7.167021931553096,0.7375106176725796,0.7668118069921543,0.012820730572064825,0.014423847810125115,0.013435155212127589,0.015939032832297157,0.014846059575246089,0.8043606351124557,0.9049387100137071,0.9049643876230294,False,1e-24,False
UniGCN,random,8,96,base,0.28430973911587815,4.2761500030683295e-05,5.931993676462328e-24,0.3442352002763538,0.4288375139840735,0.8259171022824883,0.00012422175302338094,1.3832730306991367e-23,3.864863210207212e-07,6.355271905142139e-10,8.47901302263317e-29,4.169515507223277e-06,5.193913287710433e-06,0.0926933405934506,0.00015242231127650808,1.6324902925691445e-23,False,1e-24,False
UniGCN,random,8,96,restart,9431.274439744164,970.509803170998,939.9355272588158,1315.9265411866052,1225.7707948319228,7.167021976196131,0.7375106229682578,0.7668118144287321,0.01282073055987661,0.014423847810137528,0.013435155212127589,0.015939032717861013,0.014846059431268292,0.8043606401227794,0.9049387165115989,0.9049643963994176,False,1e-24,False
UniGCN,random,8,97,base,0.26872462468999914,4.0417426721331206e-05,3.31400561887551e-24,0.3253651291967939,0.405329765897988,0.8259171022825367,0.00012422175302284817,8.176072664028249e-24,3.6530015428624314e-07,6.006892563074403e-10,4.736939776423141e-29,3.940953599767368e-06,4.909196579943576e-06,0.09269334059345603,0.00015242231127585436,9.649114064357932e-24,False,1e-24,False
UniGCN,random,8,97,restart,9431.27443189907,970.5098031717287,939.9355272588156,1315.9265329198845,1225.7707844304716,7.167022015258095,0.7375106276018941,0.7668118209356218,0.012820730549212109,0.014423847810148388,0.013435155212127585,0.01593903261773116,0.014846059305289958,0.804360644506735,0.9049387221971534,0.9049644040786206,False,1e-24,False
UniGCN,random,8,98,base,0.2539938453720988,3.8201849364583585e-05,1.851424974405913e-24,0.3075294659356733,0.3831106509236489,0.8259171022825738,0.00012422175302243837,4.8326115965251204e-24,3.4527535766109833e-07,5.677610463080162e-10,2.6463710726303427e-29,3.7249208567789886e-06,4.640087295556968e-06,0.09269334059346018,0.0001524223112753515,5.703278632633329e-24,False,1e-24,False
UniGCN,random,8,98,restart,9431.274425034733,970.5098031723682,939.9355272588158,1315.926525686633,1225.7707753293637,7.167022049436703,0.7375106316562537,0.7668118266290497,0.012820730539880833,0.01442384781015789,0.013435155212127589,0.015939032530119104,0.014846059195060877,0.8043606483426277,0.9049387271719251,0.9049644107978043,False,1e-24,False
UniGCN,random,8,99,base,0.24007056875166233,3.6107724149227675e-05,1.0343298659829414e-24,0.29067150696864713,0.36210952957272186,0.8259171022826024,0.0001242217530221233,2.856400568091701e-24,3.2634826788105717e-07,5.366378744420817e-10,1.4784399447637336e-29,3.5207304623140398e-06,4.385729876524243e-06,0.0926933405934634,0.0001524223112749649,3.3710237209944626e-24,False,1e-24,False
UniGCN,random,8,99,restart,9431.274419028547,970.5098031729275,939.9355272588156,1315.92651935765,1225.7707673660352,7.167022079342456,0.7375106352037555,0.7668118316107104,0.012820730531716116,0.014423847810166203,0.013435155212127585,0.015939032453459907,0.014846059098612138,0.8043606516989744,0.9049387315247732,0.9049644166769856,False,1e-24,False
UniGCN,random,8,100,base,0.22691052964812244,3.41283933873157e-05,5.778458887491254e-25,0.2747376571098959,0.34225963462840364,0.8259171022826243,0.00012422175302188092,1.6883261427439474e-24,3.084587115351068e-07,5.072207932519069e-10,8.259555021476073e-30,3.327733249877615e-06,4.1453156642667315e-06,0.09269334059346586,0.0001524223112746675,1.992503271264654e-24,False,1e-24,False
UniGCN,random,8,100,restart,9431.274413773226,970.5098031734168,939.9355272588157,1315.9265138198882,1225.7707603982467,7.167022105509526,0.7375106383077643,0.7668118359695865,0.012820730524572114,0.014423847810173477,0.013435155212127587,0.015939032386384305,0.01484605901422099,0.8043606546357257,0.9049387353334475,0.9049644218211781,False,1e-24,False
UniGCN,random,8,101,base,0.2144718893820452,3.225756434789903e-05,3.2282333595047097e-25,0.2596772591211578,0.32349785887764926,0.8259171022826413,0.00012422175302169452,9.979149075993315e-25,2.915498137608486e-07,4.794162793199881e-10,4.61433949330561e-30,3.145315638579915e-06,3.918080328748707e-06,0.09269334059346776,0.0001524223112744388,1.1777041576835826e-24,False,1e-24,True
UniGCN,random,8,101,restart,9431.274409174903,970.5098031738452,939.9355272588156,1315.9265089744324,1225.7707543015397,7.167022128405307,0.7375106410237242,0.7668118397835354,0.012820730518321223,0.014423847810179843,0.013435155212127585,0.01593903232769419,0.014846058940380045,0.8043606572053377,0.9049387386659788,0.9049644263222668,False,1e-24,False
UniGCN,random,8,102,base,0.20271510276070026,3.0489289251041737e-05,1.8034969381313562e-25,0.2454424326611472,0.3057645544793633,0.8259171022826545,0.0001242217530215512,5.898319186153666e-25,2.755678174267122e-07,4.5313593593737527e-10,2.5778641817120846e-30,2.9728976824266863e-06,3.7033014385028967e-06,0.09269334059346925,0.00015242231127426294,6.960989334841229e-25,False,1e-24,True
UniGCN,random,8,102,restart,9431.27440515144,970.5098031742201,939.9355272588159,1315.926504734734,1225.7707489670158,7.167022148438758,0.7375106434001468,0.7668118431206817,0.01282073051285179,0.014423847810185415,0.01343515521212759,0.015939032276341254,0.014846058875770366,0.804360659453708,0.9049387415818919,0.9049644302606498,False,1e-24,False
UniGCN,random,8,103,base,0.19160279235513333,2.8817946358509964e-05,1.0075491504250393e-25,0.23198792206334362,0.28900334333069966,0.8259171022826644,0.00012422175302144095,3.486288908679249e-25,2.60461912226126e-07,4.2829621207094275e-10,1.4401603968822351e-30,2.8099312265424373e-06,3.5002961638608154e-06,0.09269334059347036,0.00015242231127412766,4.114395838133145e-25,False,1e-24,True
UniGCN,random,8,103,restart,9431.274401630973,970.5098031745479,939.9355272588156,1315.9265010250635,1225.7707442993903,7.16702216596772,0.7375106454794798,0.7668118460406326,0.012820730508066121,0.014423847810190286,0.013435155212127585,0.01593903223140823,0.0148460588192379,0.8043606614209974,0.9049387441332706,0.9049644337066733,False,1e-24,False
UniGCN,random,8,104,base,0.18109962966904022,2.7238222101020385e-05,5.628796759621781e-26,0.2192709524582026,0.27316093782858475,0.8259171022826719,0.0001242217530213562,2.0606155493410954e-25,2.4618407314029804e-07,4.0481813673614113e-10,8.045632485409404e-31,2.655898164464663e-06,3.308419106085997e-06,0.0926933405934712,0.00015242231127402369,2.4318661655075904e-25,False,1e-24,True
UniGCN,random,8,104,restart,9431.27439855062,970.5098031748349,939.9355272588156,1315.9264977791593,1225.77074021529,7.167022181305288,0.737510647298864,0.7668118485955446,0.012820730503878735,0.014423847810194552,0.013435155212127585,0.015939032192092528,0.014846058769772866,0.8043606631423451,0.9049387463656875,0.9049644367218909,False,1e-24,False
UniGCN,random,8,105,base,0.17117222282165132,2.5745094185226108e-05,3.144584577351745e-26,0.2072510937823709,0.25818697145662295,0.825917102282678,0.00012422175302129106,1.2179485895863864e-25,2.3268890775604274e-07,3.8262706793073943e-10,4.494774444540188e-31,2.5103087909686396e-06,3.1270602455084453e-06,0.0926933405934719,0.00015242231127394375,1.4373801883082557e-25,False,1e-24,True
UniGCN,random,8,105,restart,9431.274395855358,970.5098031750858,939.9355272588157,1315.9264949390436,1225.7707366417658,7.167022194725424,0.7375106488907968,0.7668118508310531,0.012820730500214837,0.014423847810198282,0.013435155212127587,0.015939032157691903,0.014846058726491728,0.8043606646484976,0.9049387483190175,0.9049644393601595,False,1e-24,False
UniGCN,random,8,106,base,0.16178901038754553,2.433381562673334e-05,1.75673518919772e-26,0.19589013224255872,0.24403383865878417,0.8259171022826823,0.00012422175302124086,7.198736039447557e-26,2.1993351195324417e-07,3.6165245533136174e-10,2.5110243467772197e-31,2.372700245186031e-06,2.9556430021369725e-06,0.09269334059347238,0.00015242231127388217,8.495695674212728e-26,False,1e-24,True
UniGCN,random,8,106,restart,9431.274393497046,970.5098031753056,939.9355272588157,1315.9264924539864,1225.7707335149871,7.167022206467833,0.7375106502837134,0.7668118527870884,0.012820730497008983,0.014423847810201548,0.013435155212127587,0.01593903212759189,0.0148460586886214,0.8043606659663577,0.9049387500281512,0.9049644416686038,False,1e-24,False
UniGCN,random,8,107,base,0.15292016105588818,2.2999899658386388e-05,9.814022295957791e-27,0.18515194882542618,0.23065654349079615,0.825917102282686,0.00012422175302120235,4.254820672949778e-26,2.0787733350315498e-07,3.418276159983801e-10,1.4027867760888172e-31,2.242635039067662e-06,2.793622402583693e-06,0.09269334059347278,0.0001524223112738349,5.021390058983792e-26,False,1e-24,True
UniGCN,random,8,107,restart,9431.274391433559,970.5098031754976,939.9355272588157,1315.9264902795996,1225.7707307791047,7.16702221674226,0.7375106515024938,0.7668118544985888,0.012820730494203911,0.014423847810204402,0.013435155212127587,0.01593903210125484,0.014846058655485456,0.8043606671194649,0.9049387515236165,0.9049644436884564,False,1e-24,False
UniGCN,random,8,108,base,0.14453747879008533,2.1739105465840772e-05,5.482523117019161e-27,0.17500240446723928,0.2180125565680704,0.8259171022826887,0.00012422175302117272,2.514774012710293e-26,1.9648204314387775e-07,3.2308952237607486e-10,7.836553348083814e-32,2.1196996665121035e-06,2.6404833474729004e-06,0.09269334059347309,0.00015242231127379855,2.9678480478143757e-26,False,1e-24,True
UniGCN,random,8,108,restart,9431.274389628039,970.5098031756659,939.9355272588156,1315.926488377045,1225.7707283852494,7.167022225732224,0.737510652568908,0.7668118559961254,0.012820730491749515,0.014423847810206902,0.013435155212127585,0.015939032078210333,0.014846058626492012,0.8043606681284158,0.9049387528321258,0.9049644454557967,False,1e-24,False
UniGCN,random,8,109,base,0.13661431318633796,2.0547424705074974e-05,3.0627643714993457e-27,0.16540923151822362,0.20606167985536752,0.8259171022826908,0.00012422175302114987,1.4863337878488943e-26,1.8571141272315144e-07,3.0537860191407283e-10,4.3778231076414686e-32,2.0035032887381736e-06,2.4957389738260514e-06,0.09269334059347333,0.0001524223112737705,1.7541189818140798e-26,False,1e-24,True
UniGCN,random,8,109,restart,9431.27438804824,970.5098031758131,939.9355272588156,1315.926486712339,1225.7707262906636,7.167022233598305,0.7375106535020037,0.7668118573064464,0.012820730489601959,0.01442384781020909,0.013435155212127585,0.015939032058046743,0.0148460586011232,0.8043606690112325,0.9049387539770509,0.9049644470021915,False,1e-24,False
UniGCN,random,8,110,base,0.1291254747461049,1.9421068758976868e-05,1.710935480173321e-27,0.1563419311565584,0.19476591886833908,0.8259171022826924,0.0001242217530211323,8.784573246256221e-27,1.755312000210302e-07,2.886385476730133e-10,2.4455596227011342e-32,1.8936764917218797e-06,2.3589291072165107e-06,0.0926933405934735,0.00015242231127374895,1.0367245099564888e-26,False,1e-24,True
UniGCN,random,8,110,restart,9431.274386665937,970.5098031759418,939.9355272588155,1315.9264852557474,1225.7707244579333,7.1670222404810024,0.7375106543184481,0.7668118584529571,0.012820730487722878,0.014423847810211003,0.013435155212127584,0.015939032040403915,0.014846058578925883,0.804360669783683,0.9049387549788427,0.9049644483552631,False,1e-24,False
UniGCN,random,8,111,base,0.12204715479310677,1.8356456692490562e-05,9.557613362926398e-28,0.1477716764258657,0.1840893618806453,0.8259171022826932,0.00012422175302111876,5.191833610202363e-27,1.659090398862808e-07,2.728161393123129e-10,1.366136455793985e-32,1.7898701117474042e-06,2.2296187987731132e-06,0.0926933405934736,0.00015242231127373233,6.127219848279561e-27,False,1e-24,True
UniGCN,random,8,111,restart,9431.274385456445,970.5098031760543,939.9355272588158,1315.926483981252,1225.7707228543227,7.167022246503257,0.7375106550328241,0.7668118594561365,0.012820730486078713,0.014423847810212675,0.013435155212127589,0.015939032024966715,0.014846058559503576,0.8043606704595655,0.9049387558553948,0.9049644495391803,False,1e-24,False
UniGCN,random,8,112,base,0.11535684978027076,1.7350203868030684e-05,5.338814048190846e-28,0.1396712205879307,0.17399806575262242,0.8259171022826947,0.00012422175302110846,3.0683180442828465e-27,1.5681434134039807e-07,2.5786107389091495e-10,7.631139935237349e-33,1.6917541253383077e-06,2.1073969423813576e-06,0.09269334059347376,0.0001524223112737197,3.621121290331837e-27,False,1e-24,True
UniGCN,random,8,112,restart,9431.274384398155,970.5098031761529,939.9355272588156,1315.9264828660885,1225.7707214511881,7.167022251772634,0.7375106556578922,0.7668118603339027,0.012820730484640091,0.01442384781021414,0.013435155212127585,0.015939032011459405,0.014846058542509356,0.804360671050952,0.9049387566223646,0.9049644505750891,False,1e-24,False
UniGCN,random,8,113,base,0.10903328974596904,1.639911118496963e-05,2.9823286768078277e-28,0.13201481049928557,0.16445994801852257,0.8259171022826951,0.0001242217530211005,1.813407284107823e-27,1.482181903221073e-07,2.4372580594309506e-10,4.2628507492790336e-33,1.599016600039796e-06,1.991874967686001e-06,0.09269334059347381,0.00015242231127370992,2.140119645276364e-27,False,1e-24,True
UniGCN,random,8,113,restart,9431.274383472171,970.5098031762393,939.9355272588153,1315.9264818903375,1225.7707202234674,7.16702225638326,0.7375106562048173,0.7668118611019342,0.012820730483381322,0.014423847810215424,0.013435155212127582,0.015939031999640717,0.014846058527639679,0.8043606715684062,0.9049387572934514,0.9049644514814931,False,1e-24,False
UniGCN,random,8,114,base,0.10305637069209966,1.5500154908988114e-05,1.6658536956062166e-28,0.12477810473626134,0.15544468488924856,0.8259171022826957,0.00012422175302109447,1.0716697690841642e-27,1.4009325776315923e-07,2.303653963208949e-10,2.3811210782123305e-33,1.5113627027163439e-06,1.8826856047398266e-06,0.09269334059347387,0.00015242231127370252,1.2647470571919438e-27,False,1e-24,True
UniGCN,random,8,114,restart,9431.274382661948,970.5098031763148,939.9355272588156,1315.9264810365705,1225.7707191492304,7.167022260417486,0.7375106566833681,0.7668118617739504,0.012820730482279916,0.014423847810216547,0.013435155212127585,0.015939031989299544,0.014846058514628939,0.8043606720211707,0.9049387578806418,0.904964452274583,False,1e-24,False
UniGCN,random,8,115,base,0.09740709066902299,1.465047705895383e-05,9.305774678176748e-29,0.11793809620821043,0.14692361484631125,0.8259171022826961,0.0001242217530210897,6.33375015167644e-28,1.3241371270316795e-07,2.1773736932261428e-10,1.3301393930178061e-33,1.428513762211851e-06,1.7794817163711258e-06,0.09269334059347392,0.0001524223112736967,7.474869681326888e-28,False,1e-24,True
UniGCN,random,8,115,restart,9431.274381953017,970.5098031763811,939.9355272588155,1315.9264802895375,1225.7707182092897,7.167022263947371,0.7375106571020928,0.766811862361954,0.012820730481316206,0.014423847810217532,0.013435155212127584,0.01593903198025118,0.014846058503244742,0.8043606724173324,0.9049387583944246,0.9049644529685241,False,1e-24,False
UniGCN,random,8,116,base,0.09206748936415463,1.3847376320766496e-05,5.198386334057606e-29,0.11147303901286885,0.13886964752051337,0.8259171022826965,0.00012422175302108615,3.743356757127016e-28,1.2515514016726578e-07,2.0580157765314859e-10,7.430416791920643e-34,1.3502063833923069e-06,1.6819351945577362e-06,0.09269334059347396,0.00015242231127369233,4.417778292506964e-28,False,1e-24,True
UniGCN,random,8,116,restart,9431.274381332712,970.5098031764385,939.9355272588157,1315.9264796358952,1225.7707173868564,7.167022267035966,0.7375106574684701,0.7668118628764481,0.012820730480472975,0.014423847810218385,0.013435155212127587,0.015939031972334,0.01484605849328375,0.8043606727639679,0.904938758843976,0.904964453575712,False,1e-24,False
UniGCN,random,8,117,base,0.0870205910021534,1.3088299459281793e-05,2.904019640508584e-29,0.10536237930131612,0.13125717756566477,0.8259171022826968,0.00012422175302108333,2.212465401410733e-28,1.1829446354549042e-07,1.9452007478684203e-10,4.150918172343597e-34,1.2761916097543134e-06,1.5897359172989537e-06,0.09269334059347399,0.00015242231127368886,2.6110740325954445e-28,False,1e-24,True
UniGCN,random,8,117,restart,9431.274380789955,970.5098031764891,939.9355272588158,1315.9264790639686,1225.7707166672399,7.167022269738438,0.7375106577890448,0.7668118633266227,0.012820730479735159,0.014423847810219137,0.013435155212127589,0.015939031965406598,0.014846058484568034,0.8043606730672686,0.9049387592373269,0.9049644541069922,False,1e-24,False
UniGCN,random,8,118,base,0.08225035037517117,1.237083320101137e-05,1.6226004737285497e-29,0.0995866899327365,0.12406200325351532,0.825917102282697,0.00012422175302108103,1.307894787425636e-28,1.118098712271298e-07,1.8385699432707873e-10,2.3192962261348924e-34,1.2062341319372155e-06,1.502590762669003e-06,0.09269334059347402,0.00015242231127368604,1.5435315348373385e-28,False,1e-24,True
UniGCN,random,8,118,restart,9431.27438031505,970.5098031765332,939.9355272588157,1315.9264785635412,1225.7707160375865,7.167022272103059,0.7375106580695426,0.7668118637205181,0.01282073047908958,0.014423847810219792,0.013435155212127587,0.015939031959345217,0.014846058476941917,0.8043606733326519,0.9049387595815027,0.9049644545718538,False,1e-24,False
UniGCN,random,8,119,base,0.0777416018315827,1.1692696561791834e-05,9.072084642258849e-30,0.09412760871123492,0.11726124953109945,0.8259171022826971,0.00012422175302107948,7.736643331480785e-29,1.0568074725677993e-07,1.7377843597906243e-10,1.2967364434214545e-34,1.140111539622516e-06,1.4202226769174987e-06,0.09269334059347403,0.00015242231127368414,9.130514985410153e-29,False,1e-24,True
UniGCN,random,8,119,restart,9431.274379899518,970.5098031765721,939.9355272588156,1315.9264781256754,1225.7707154866496,7.1670222741720675,0.737510658314974,0.7668118640651705,0.012820730478524712,0.01442384781022037,0.013435155212127585,0.015939031954041612,0.014846058470269183,0.8043606735648584,0.9049387598826514,0.9049644549786006,False,1e-24,False
UniGCN,random,8,120,base,0.07348001106101995,1.1051733595030727e-05,5.076076333315782e-30,0.08896778000834882,0.11083329529587582,0.8259171022826973,0.0001242217530210782,4.579920068030916e-29,9.988760579165637e-08,1.6425235777326864e-10,7.255590562215914e-35,1.0776136144422095e-06,1.3423697936542064e-06,0.09269334059347406,0.00015242231127368257,5.405060957506133e-29,False,1e-24,True
UniGCN,random,8,120,restart,9431.274379535931,970.5098031766058,939.9355272588157,1315.9264777425494,1225.770715004588,7.167022275982417,0.7375106585297225,0.7668118643667363,0.012820730478030456,0.014423847810220871,0.013435155212127587,0.015939031949401036,0.014846058464430642,0.8043606737680353,0.9049387601461517,0.9049644553344979,False,1e-24,False
UniGCN,random,8,121,base,0.069452029522424,1.0445906537474856e-05,2.845457589967582e-30,0.08409079958566079,0.10475770465745295,0.8259171022826973,0.0001242217530210772,2.716227507343674e-29,9.441202915178322e-08,1.552484741969276e-10,4.067211341849235e-35,1.018541661648023e-06,1.2687846013177786e-06,0.09269334059347406,0.00015242231127368135,3.205596393292423e-29,False,1e-24,True
UniGCN,random,8,121,restart,9431.2743792178,970.5098031766355,939.9355272588158,1315.9264774073204,1225.770714582792,7.167022277566445,0.7375106587176241,0.7668118646306017,0.012820730477597995,0.014423847810221314,0.013435155212127589,0.015939031945340604,0.01484605845932201,0.8043606739458121,0.9049387603767103,0.9049644556459026,False,1e-24,False
UniGCN,random,8,122,base,0.06564485137023197,9.873289330709461e-06,1.5987948614225697e-30,0.07948116244209076,0.09901516196736684,0.8259171022826974,0.0001242217530210765,1.614697011705638e-29,8.9236609266109e-08,1.467381599096696e-10,2.2852692011980527e-35,9.62707878416797e-07,1.1992331562816748e-06,0.09269334059347407,0.00015242231127368048,1.9056087544174696e-29,False,1e-24,True
UniGCN,random,8,122,restart,9431.274378939443,970.5098031766614,939.9355272588157,1315.9264771139997,1225.770714213727,7.167022278952445,0.7375106588820353,0.7668118648614796,0.0128207304772196,0.014423847810221699,0.013435155212127587,0.015939031941787786,0.014846058454852038,0.804360674101364,0.9049387605784457,0.9049644559183765,False,1e-24,False
UniGCN,random,8,123,base,0.062046372741757214,9.332061497791861e-06,9.03466726374675e-31,0.07512421352006315,0.09358741041035577,0.8259171022826975,0.00012422175302107596,9.653720755956544e-30,8.43448923283925e-08,1.386943587372269e-10,1.2913881160802478e-35,9.099347567837107e-07,1.1334943390955512e-06,0.09269334059347409,0.0001524223112736798,1.1392982492622637e-29,False,1e-24,True
UniGCN,random,8,123,restart,9431.27437869588,970.5098031766843,939.9355272588158,1315.926476857349,1225.7707138908008,7.167022280165173,0.7375106590258925,0.7668118650634942,0.012820730476888503,0.014423847810222037,0.013435155212127589,0.01593903193867913,0.014846058450940884,0.8043606742374695,0.9049387607549612,0.9049644561567871,False,1e-24,False
UniGCN,random,8,124,base,0.05864515327632873,8.820502355552012e-06,5.141655548111277e-31,0.07100610111383246,0.08845719396190055,0.8259171022826974,0.00012422175302107552,5.812591738243293e-30,7.972132648690808e-08,1.3109149765386287e-10,7.349327515859579e-36,8.600545193051412e-07,1.0713591514975467e-06,0.09269334059347407,0.0001524223112736793,6.859816808944678e-30,False,1e-24,True
UniGCN,random,8,124,restart,9431.274378482769,970.5098031767039,939.9355272588157,1315.9264766327835,1225.7707136082452,7.167022281226292,0.7375106591517652,0.766811865240254,0.012820730476598804,0.01442384781022233,0.013435155212127587,0.0159390319359591,0.014846058447518679,0.8043606743565597,0.9049387609094092,0.9049644563653928,False,1e-24,False
UniGCN,random,8,125,base,0.055430379743850386,8.336985544159548e-06,2.9700102048074165e-31,0.06711373283184237,0.08360820252750009,0.8259171022826975,0.0001242217530210752,3.55229524738381e-30,7.53512124016641e-08,1.2390540548005814e-10,4.245243096572849e-36,8.129085856570054e-07,1.0126300519625141e-06,0.09269334059347409,0.00015242231127367888,4.1922942029474765e-30,False,1e-24,True
UniGCN,random,8,125,restart,9431.274378296297,970.5098031767213,939.9355272588156,1315.926476436292,1225.7707133610133,7.167022282154754,0.7375106592619018,0.766811865394916,0.012820730476345318,0.014423847810222589,0.013435155212127585,0.01593903193357912,0.014846058444524303,0.8043606744607618,0.9049387610445488,0.9049644565479195,False,1e-24,False
UniGCN,random,8,126,base,0.05239183166714719,7.879973856565626e-06,1.7525505504002412e-31,0.06343473397311289,0.07902502008926807,0.8259171022826975,0.00012422175302107498,2.217716045399962e-30,7.122065651194495e-08,1.171132360369769e-10,2.505042950168584e-36,7.683470684727821e-07,9.571203276737512e-07,0.09269334059347409,0.0001524223112736786,2.6172706583894286e-30,False,1e-24,True
UniGCN,random,8,126,restart,9431.274378133141,970.5098031767365,939.9355272588156,1315.926476264365,1225.7707131446894,7.167022282967145,0.7375106593582699,0.7668118655302429,0.012820730476123525,0.014423847810222813,0.013435155212127585,0.015939031931496667,0.01484605844190427,0.804360674551937,0.9049387611627941,0.9049644567076276,False,1e-24,False
UniGCN,random,8,127,base,0.04951984882880429,7.44801435138117e-06,1.072633953387881e-31,0.05995740818532472,0.0746930756949972,0.8259171022826975,0.00012422175302107468,1.4360554086270195e-30,6.731652686560386e-08,1.1069339551340298e-10,1.5331906531495614e-36,7.262282968183711e-07,9.046535009215986e-07,0.09269334059347409,0.00015242231127367826,1.694782202896084e-30,False,1e-24,True
UniGCN,random,8,127,restart,9431.27437799038,970.5098031767499,939.9355272588158,1315.9264761139318,1225.7707129554094,7.167022283677974,0.7375106594425903,0.766811865648652,0.012820730475929458,0.014423847810223012,0.013435155212127589,0.015939031929674562,0.014846058439611787,0.8043606746317139,0.9049387612662568,0.9049644568473698,False,1e-24,False
UniGCN,random,8,128,base,0.04680530055919605,7.03973373365442e-06,6.864389307750526e-32,0.0566707002795244,0.07059859713387459,0.8259171022826975,0.00012422175302107455,9.723124235363676e-31,6.362641136967832e-08,1.0462547381423188e-10,9.81175124373217e-37,6.86418365788813e-07,8.550627680417089e-07,0.09269334059347409,0.0001524223112736781,1.1474890043690413e-30,False,1e-24,True
UniGCN,random,8,128,restart,9431.274377865466,970.5098031767614,939.9355272588157,1315.926475982305,1225.7707127897925,7.167022284299937,0.7375106595163692,0.7668118657522578,0.012820730475759651,0.014423847810223184,0.013435155212127587,0.015939031928080244,0.014846058437605898,0.8043606747015173,0.9049387613567847,0.9049644569696417,False,1e-24,False
UniGCN,random,8,129,base,0.044239556708064676,6.653833988862005e-06,4.6737204306196714e-32,0.05356416108322966,0.06672856715157272,0.8259171022826975,0.0001242217530210745,7.00407730920312e-31,6.013857832959685e-08,9.889017967225608e-11,6.680475158396364e-37,6.487907107949329e-07,8.081904691092465e-07,0.09269334059347409,0.00015242231127367801,8.265966271242104e-31,False,1e-24,True
UniGCN,random,8,129,restart,9431.274377756168,970.5098031767717,939.9355272588157,1315.9264758671334,1225.7707126448797,7.167022284844146,0.7375106595809249,0.7668118658429116,0.012820730475611074,0.014423847810223336,0.013435155212127587,0.01593903192668524,0.014846058435850771,0.8043606747625943,0.9049387614359957,0.9049644570766282,False,1e-24,False
UniGCN,random,8,130,base,0.04181446020736092,6.289088256233277e-06,3.426314585062441e-32,0.050627914220195594,0.06307068206551454,0.8259171022826975,0.00012422175302107438,5.432499654123549e-31,5.684193915152349e-08,9.346927931695394e-11,4.897470828678976e-37,6.132257051864777e-07,7.638875867030656e-07,0.09269334059347409,0.00015242231127367788,6.411245468481078e-31,False,1e-24,True
UniGCN,random,8,130,restart,9431.274377660535,970.5098031767805,939.9355272588158,1315.9264757663602,1225.7707125180839,7.1670222853203205,0.7375106596374099,0.766811865922232,0.012820730475481072,0.014423847810223467,0.013435155212127589,0.015939031925464635,0.014846058434315069,0.8043606748160358,0.904938761505304,0.9049644571702394,False,1e-24,False
UniGCN,random,8,131,base,0.03952230113811776,5.94433692828816e-06,2.674597718611423e-32,0.04785262471122669,0.05961331264874106,0.8259171022826977,0.0001242217530210743,4.486577913176758e-31,5.372601308926152e-08,8.834553850529411e-11,3.822989389957628e-37,5.796102799324939e-07,7.220132721463164e-07,0.09269334059347409,0.0001524223112736778,5.29490182167025e-31,False,1e-24,True
UniGCN,random,8,131,restart,9431.274377576856,970.5098031767884,939.9355272588155,1315.9264756781852,1225.7707124071392,7.167022285736965,0.7375106596868337,0.7668118659916361,0.012820730475367319,0.014423847810223586,0.013435155212127584,0.01593903192439662,0.01484605843297135,0.8043606748627962,0.9049387615659478,0.9049644572521476,False,1e-24,False
UniGCN,random,8,132,base,0.037355792218910215,5.618483964188091e-06,2.216874466370853e-32,0.045229469296210266,0.05634546715802287,0.8259171022826975,0.0001242217530210742,3.9344326672339937e-31,5.0780893923639724e-08,8.350266773025931e-11,3.168733564987777e-37,5.478375641498336e-07,6.824343977173031e-07,0.09269334059347409,0.00015242231127367766,4.643279376870476e-31,False,1e-24,True
UniGCN,random,8,132,restart,9431.27437750364,970.5098031767952,939.9355272588157,1315.9264756010336,1225.7707123100645,7.167022286101522,0.7375106597300783,0.7668118660523638,0.012820730475267791,0.014423847810223687,0.013435155212127587,0.015939031923462132,0.014846058431795619,0.8043606749037107,0.9049387616190098,0.9049644573238164,False,1e-24,False
UniGCN,random,8,133,base,0.0353080456379735,5.310493405179416e-06,1.9360271221285726e-32,0.042750108383018015,0.053256756388673526,0.8259171022826975,0.00012422175302107417,3.635270439677623e-31,4.7997218468447435e-08,7.892527043289519e-11,2.767298833414971e-37,5.17806545336943e-07,6.450251334069666e-07,0.09269334059347409,0.0001524223112736776,4.290218613340445e-31,False,1e-24,True
UniGCN,random,8,133,restart,9431.274377439577,970.509803176801,939.9355272588155,1315.9264755335269,1225.7707122251252,7.167022286420506,0.7375106597679171,0.7668118661054995,0.012820730475180704,0.014423847810223774,0.013435155212127584,0.015939031922644464,0.014846058430766867,0.8043606749395105,0.9049387616654385,0.9049644573865251,False,1e-24,False
UniGCN,random,8,134,base,0.03337255115532355,5.019386081051022e-06,1.7360954264002778e-32,0.04040665953409533,0.0503373606449666,0.8259171022826978,0.0001242217530210742,3.4489202535768543e-31,4.536613680279125e-08,7.459879405323877e-11,2.481522491736818e-37,4.894217482327438e-07,6.096665468774126e-07,0.0926933405934741,0.00015242231127367766,4.070294662626101e-31,False,1e-24,True
UniGCN,random,8,134,restart,9431.274377383523,970.5098031768063,939.9355272588156,1315.9264754744595,1225.7707121508051,7.167022286699613,0.7375106598010253,0.7668118661519925,0.012820730475104505,0.014423847810223852,0.013435155212127585,0.015939031921929015,0.014846058429866731,0.8043606749708349,0.9049387617060629,0.9049644574413945,False,1e-24,False
UniGCN,random,8,135,base,0.03154315540526218,4.744236497135346e-06,1.595603280236472e-32,0.038191672406446296,0.047577998521147705,0.8259171022826975,0.0001242217530210742,3.3536578457104497e-31,4.287928413523634e-08,7.050948376450682e-11,2.2807072512170384e-37,4.625929312796305e-07,5.762462253496647e-07,0.09269334059347409,0.00015242231127367766,3.957869311565748e-31,False,1e-24,True
UniGCN,random,8,135,restart,9431.274377334474,970.5098031768109,939.9355272588156,1315.9264754227765,1225.7707120857758,7.1670222869438245,0.7375106598299944,0.7668118661926732,0.01282073047503783,0.01442384781022392,0.013435155212127585,0.01593903192130301,0.014846058429079122,0.8043606749982429,0.9049387617416086,0.9049644574894045,False,1e-24,False
UniGCN,random,8,136,base,0.02981404233346435,4.484169891955805e-06,1.4798429029973284e-32,0.03609810506534286,0.04496989739378965,0.8259171022826978,0.00012422175302107411,3.290741115192527e-31,4.0528754210281474e-08,6.664433874345453e-11,2.1152428559985684e-37,4.372347997255676e-07,5.446579182185384e-07,0.0926933405934741,0.00015242231127367755,3.883617193920698e-31,False,1e-24,True
UniGCN,random,8,136,restart,9431.27437729156,970.5098031768148,939.9355272588156,1315.9264753775547,1225.7707120288765,7.167022287157507,0.737510659855342,0.766811866228268,0.012820730474979494,0.014423847810223978,0.013435155212127585,0.015939031920755263,0.014846058428389979,0.8043606750222247,0.9049387617727105,0.9049644575314123,False,1e-24,False
UniGCN,random,8,137,base,0.028179714706453158,4.238359456166317e-06,1.4038690327257562e-32,0.03411930159645455,0.04250476553167933,0.8259171022826975,0.00012422175302107411,3.3028509042813916e-31,3.8307074172621434e-08,6.299107083787887e-11,2.0066480950215684e-37,4.132667344531801e-07,5.148011992584321e-07,0.09269334059347409,0.00015242231127367755,3.8979087420777812e-31,False,1e-24,True
UniGCN,random,8,137,restart,9431.274377254009,970.5098031768183,939.9355272588158,1315.9264753379864,1225.7707119790903,7.1670222873444756,0.7375106598775207,0.7668118662594132,0.012820730474928446,0.01442384781022403,0.013435155212127589,0.015939031920275997,0.014846058427786989,0.8043606750432083,0.9049387617999242,0.9049644575681688,False,1e-24,False
UniGCN,random,8,138,base,0.02663497663467695,4.006023703941205e-06,1.3128506119540073e-32,0.032248970945222354,0.040174765734567464,0.8259171022826977,0.0001242217530210741,3.2678488298548925e-31,3.6207180809284705e-08,5.953806549986026e-11,1.876549106871026e-37,3.906125356737204e-07,4.865811473461095e-07,0.09269334059347409,0.00015242231127367753,3.8566005220424625e-31,False,1e-24,True
UniGCN,random,8,138,restart,9431.274377221152,970.5098031768216,939.9355272588158,1315.926475303365,1225.7707119355282,7.167022287508069,0.7375106598969268,0.7668118662866645,0.012820730474883782,0.014423847810224079,0.013435155212127589,0.01593903191985665,0.014846058427259381,0.8043606750615686,0.9049387618237358,0.9049644576003298,False,1e-24,False
UniGCN,random,8,139,base,0.025174917053625446,3.7864239884586777e-06,1.2391458824108053e-32,0.03048116691620279,0.037972490416972975,0.8259171022826978,0.0001242217530210741,3.2632726186874772e-31,3.422239809411483e-08,5.627434486054244e-11,1.7711977872790663e-37,3.692001806710609e-07,4.59908044685423e-07,0.0926933405934741,0.00015242231127367753,3.8511998381993197e-31,False,1e-24,True
UniGCN,random,8,139,restart,9431.274377192405,970.5098031768242,939.9355272588157,1315.9264752730712,1225.770711897412,7.167022287651212,0.7375106599139069,0.7668118663105089,0.012820730474844704,0.014423847810224117,0.013435155212127587,0.01593903191948972,0.014846058426797731,0.8043606750776336,0.9049387618445706,0.9049644576284701,False,1e-24,False
UniGCN,random,8,140,base,0.023794894110467757,3.578862153578942e-06,1.1632239806873401e-32,0.02881026926879541,0.0358909380578278,0.8259171022826975,0.000124221753021074,3.240996317268563e-31,3.2346415963204364e-08,5.31895328290552e-11,1.662677308578852e-37,3.489615948255258e-07,4.346970915745657e-07,0.09269334059347409,0.00015242231127367742,3.8249101289274326e-31,False,1e-24,True
UniGCN,random,8,140,restart,9431.27437716725,970.5098031768265,939.9355272588157,1315.9264752465651,1225.7707118640608,7.16702228777646,0.737510659928764,0.7668118663313727,0.01282073047481051,0.014423847810224152,0.013435155212127587,0.015939031919168668,0.014846058426393796,0.8043606750916903,0.9049387618628005,0.9049644576530927,False,1e-24,False
UniGCN,random,8,141,base,0.022490520406574094,3.3826783142512017e-06,1.0994685113853956e-32,0.02723096584925296,0.0339234909410906,0.8259171022826974,0.000124221753021074,3.2410240835610444e-31,3.0573270253804084e-08,5.027382210462348e-11,1.571547161791901e-37,3.2983243518959496e-07,4.1086813680903546e-07,0.09269334059347407,0.00015242231127367742,3.8249428977315164e-31,False,1e-24,True
UniGCN,random,8,141,restart,9431.27437714524,970.5098031768288,939.9355272588157,1315.9264752233723,1225.7707118348794,7.16702228788605,0.737510659941764,0.7668118663496278,0.012820730474780589,0.014423847810224185,0.013435155212127587,0.015939031918887746,0.014846058426040361,0.8043606751039897,0.9049387618787519,0.9049644576746368,False,1e-24,False
UniGCN,random,8,142,base,0.021257649049003582,3.197248758592891e-06,1.0251478468650773e-32,0.025738235702167902,0.032063894116561444,0.8259171022826974,0.000124221753021074,3.1972031941546807e-31,2.8897323742928337e-08,4.7517942996985395e-11,1.4653154433025543e-37,3.117518859274213e-07,3.8834542286320087e-07,0.09269334059347407,0.00015242231127367742,3.7732270217041508e-31,False,1e-24,True
UniGCN,random,8,142,restart,9431.274377125983,970.5098031768304,939.9355272588157,1315.9264752030792,1225.7707118093456,7.16702228798194,0.7375106599531386,0.7668118663656011,0.01282073047475441,0.014423847810224209,0.013435155212127587,0.015939031918641947,0.014846058425731107,0.8043606751147515,0.9049387618927086,0.9049644576934879,False,1e-24,False
UniGCN,random,8,143,base,0.02009236046661303,3.0219839649714493e-06,9.866180777822778e-33,0.024327333107742998,0.030306235514009624,0.8259171022826977,0.0001242217530210741,3.2554953165535696e-31,2.7313248225374517e-08,4.491313395599375e-11,1.4102421523264695e-37,2.946624649678173e-07,3.670573450403463e-07,0.09269334059347409,0.00015242231127367753,3.8420213391219795e-31,False,1e-24,True
UniGCN,random,8,143,restart,9431.27437710913,970.5098031768317,939.9355272588157,1315.926475185323,1225.7707117870043,7.167022288065842,0.7375106599630911,0.7668118663795772,0.012820730474731501,0.01442384781022423,0.013435155212127587,0.015939031918426876,0.014846058425460518,0.8043606751241679,0.9049387619049205,0.9049644577099821,False,1e-24,False
UniGCN,random,8,144,base,0.01899094994887203,2.85632672778446e-06,9.263014401945855e-33,0.022993772494096804,0.028644927147392765,0.8259171022826977,0.0001242217530210741,3.233736414927125e-31,2.5816007574178432e-08,4.245111371670721e-11,1.3240273679755044e-37,2.785098412560175e-07,3.469362238254792e-07,0.09269334059347409,0.00015242231127367753,3.816342246929902e-31,False,1e-24,True
UniGCN,random,8,144,restart,9431.274377094385,970.5098031768332,939.9355272588156,1315.9264751697867,1225.770711767456,7.167022288139252,0.7375106599717994,0.7668118663918061,0.012820730474711457,0.01442384781022425,0.013435155212127585,0.015939031918238696,0.014846058425223758,0.8043606751324067,0.9049387619156058,0.9049644577244141,False,1e-24,False
UniGCN,random,8,145,base,0.017949915867767546,2.6997503859796164e-06,8.7888288467882e-33,0.02173331417663705,0.0270746873494114,0.8259171022826977,0.00012422175302107411,3.2461423222969438e-31,2.4400841729651128e-08,4.012405497141475e-11,1.2562487135025602e-37,2.6324266202322007e-07,3.2791808971716034e-07,0.09269334059347409,0.00015242231127367755,3.8309832634915456e-31,False,1e-24,True
UniGCN,random,8,145,restart,9431.274377081485,970.5098031768345,939.9355272588157,1315.9264751561923,1225.7707117503514,7.167022288203488,0.7375106599794194,0.7668118664025065,0.01282073047469392,0.01442384781022427,0.013435155212127587,0.015939031918074033,0.014846058425016592,0.804360675139616,0.9049387619249557,0.9049644577370425,False,1e-24,False
UniGCN,random,8,146,base,0.01696594854535279,2.5517571486825695e-06,8.337885339451052e-33,0.02054195087916418,0.02559052397991867,0.8259171022826975,0.00012422175302107417,3.2581925035977913e-31,2.306325156609471e-08,3.7924559484890475e-11,1.1917922073138379e-37,2.4881238952475994e-07,3.099424798542889e-07,0.09269334059347409,0.0001524223112736776,3.845204464628814e-31,False,1e-24,True
UniGCN,random,8,146,restart,9431.274377070198,970.5098031768355,939.9355272588157,1315.9264751442977,1225.770711735385,7.167022288259694,0.7375106599860864,0.7668118664118689,0.012820730474678577,0.014423847810224285,0.013435155212127587,0.01593903191792996,0.014846058424835325,0.804360675145924,0.9049387619331363,0.9049644577480916,False,1e-24,False
UniGCN,random,8,147,base,0.01603591973154791,2.411876512609472e-06,7.789818261307424e-33,0.019415894993852642,0.02418771855480094,0.8259171022826977,0.00012422175302107411,3.2205675965918034e-31,2.1798984588085172e-08,3.584563457376508e-11,1.1134531505596893e-37,2.351731467278663e-07,2.9295224579127306e-07,0.09269334059347409,0.00015242231127367755,3.8008008696168824e-31,False,1e-24,True
UniGCN,random,8,147,restart,9431.274377060321,970.5098031768366,939.9355272588157,1315.9264751338903,1225.77071172229,7.16702228830887,0.7375106599919202,0.7668118664200609,0.01282073047466515,0.014423847810224303,0.013435155212127587,0.015939031917803905,0.014846058424676721,0.8043606751514432,0.9049387619402944,0.9049644577577596,False,1e-24,False
UniGCN,random,8,148,base,0.015156872658740014,2.2796637662328197e-06,7.364081326372174e-33,0.01835156653960662,0.022861811244871636,0.8259171022826977,0.00012422175302107403,3.2211276908447424e-31,2.0604021410847376e-08,3.388067087523649e-11,1.052599595879491e-37,2.222815714584135e-07,2.7689337181046276e-07,0.09269334059347409,0.00015242231127367745,3.801461873200813e-31,False,1e-24,True
UniGCN,random,8,148,restart,9431.274377051679,970.5098031768373,939.9355272588156,1315.9264751247836,1225.7707117108318,7.167022288351903,0.7375106599970246,0.7668118664272288,0.012820730474653402,0.014423847810224311,0.013435155212127585,0.0159390319176936,0.014846058424537947,0.8043606751562726,0.9049387619465575,0.9049644577662188,False,1e-24,False
UniGCN,random,8,149,base,0.014326012641563975,2.1546985759449943e-06,6.935011090912464e-33,0.017345581780507095,0.021608586697086294,0.8259171022826977,0.00012422175302107406,3.209377451718109e-31,1.9474562981740587e-08,3.2023421334441394e-11,9.91269589265984e-38,2.1009667854296384e-07,2.6171480319421776e-07,0.09269334059347409,0.0001524223112736775,3.787594653292752e-31,False,1e-24,True
UniGCN,random,8,149,restart,9431.274377044116,970.5098031768379,939.9355272588155,1315.9264751168157,1225.770711700806,7.167022288389551,0.7375106600014906,0.7668118664335006,0.01282073047464312,0.01442384781022432,0.013435155212127584,0.015939031917597088,0.014846058424416518,0.8043606751604979,0.9049387619520374,0.9049644577736207,False,1e-24,False
UniGCN,random,8,150,base,0.013540698191978603,2.0365836497246087e-06,6.67344213067866e-33,0.01639474246816583,0.02042406063300155,0.8259171022826975,0.00012422175302107398,3.2674414018804847e-31,1.8407018502228552e-08,3.0267981343683993e-11,9.538817102306556e-38,1.9857972950782255e-07,2.4736828391065157e-07,0.09269334059347409,0.0001524223112736774,3.8561196898434815e-31,False,1e-24,True
UniGCN,random,8,150,restart,9431.274377037502,970.5098031768388,939.9355272588158,1315.926475109844,1225.770711692034,7.167022288422495,0.7375106600053987,0.7668118664389886,0.01282073047463413,0.014423847810224334,0.013435155212127589,0.015939031917512645,0.014846058424310273,0.8043606751641953,0.9049387619568326,0.9049644577800973,False,1e-24,False
UniGCN,random,8,151,base,0.012798432621391024,1.924943474057177e-06,6.320266981515164e-33,0.01549602567378528,0.01930446718187132,0.8259171022826975,0.000124221753021074,3.2739919325255865e-31,1.7397994011935534e-08,2.8608769970380297e-11,9.033999185707973e-38,1.8769410942084883e-07,2.338082031970159e-07,0.09269334059347409,0.00015242231127367742,3.863850396256445e-31,False,1e-24,True
UniGCN,random,8,151,restart,9431.274377031714,970.5098031768392,939.9355272588156,1315.9264751037433,1225.7707116843583,7.167022288451323,0.737510660008818,0.76681186644379,0.012820730474626263,0.01442384781022434,0.013435155212127585,0.015939031917438753,0.01484605842421731,0.8043606751674307,0.9049387619610283,0.9049644577857637,False,1e-24,False
UniGCN,random,8,152,base,0.012096856103130604,1.8194231200944623e-06,5.922887630623804e-33,0.014646574177598345,0.018246246908109567,0.8259171022826973,0.00012422175302107406,3.246085433597508e-31,1.6444281598494494e-08,2.7040512214037083e-11,8.465997115088308e-38,1.7740521048447607e-07,2.2099145055298336e-07,0.09269334059347406,0.0001524223112736775,3.8309161254446637e-31,False,1e-24,True
UniGCN,random,8,152,restart,9431.274377026648,970.5098031768396,939.9355272588156,1315.9264750984057,1225.770711677642,7.167022288476544,0.7375106600118098,0.7668118664479915,0.012820730474619376,0.014423847810224346,0.013435155212127585,0.0159390319173741,0.014846058424135965,0.8043606751702613,0.9049387619646992,0.9049644577907222,False,1e-24,False
UniGCN,random,8,153,base,0.011433738170037233,1.7196871152570495e-06,5.581448587577228e-33,0.013843687385133792,0.017246035495056083,0.8259171022826974,0.00012422175302107414,3.2363661719107914e-31,1.554284919888308e-08,2.555822223585691e-11,7.977954434949468e-38,1.6768032200985698e-07,2.0887727868281655e-07,0.09269334059347407,0.00015242231127367758,3.8194457938453515e-31,False,1e-24,True
UniGCN,random,8,153,restart,9431.274377022215,970.50980317684,939.9355272588157,1315.9264750937352,1225.7707116717656,7.167022288498612,0.7375106600144277,0.7668118664516678,0.01282073047461335,0.014423847810224353,0.013435155212127587,0.01593903191731753,0.01484605842406479,0.804360675172738,0.9049387619679115,0.9049644577950609,False,1e-24,False
UniGCN,random,8,154,base,0.010806970623312118,1.6254183766927003e-06,5.3156464234216845e-33,0.013084812741428222,0.016300653049068567,0.8259171022826977,0.00012422175302107411,3.2610021251421116e-31,1.469083095982359e-08,2.4157187507652066e-11,7.598024830462264e-38,1.5848852642233797e-07,1.9742717395068924e-07,0.09269334059347409,0.00015242231127367755,3.848520281387403e-31,False,1e-24,True
UniGCN,random,8,154,restart,9431.274377018337,970.5098031768405,939.9355272588156,1315.9264750896489,1225.7707116666238,7.167022288517922,0.7375106600167183,0.7668118664548842,0.012820730474608077,0.01442384781022436,0.013435155212127585,0.015939031917268035,0.014846058424002516,0.8043606751749052,0.9049387619707221,0.9049644577988567,False,1e-24,False
UniGCN,random,8,155,base,0.010214560830086842,1.5363172031997368e-06,5.013987816304398e-33,0.012367537615888437,0.015407093989936404,0.8259171022826977,0.00012422175302107406,3.2543371381906484e-31,1.3885518126600649e-08,2.2832953829673727e-11,7.166843106805701e-38,1.4980060096764095e-07,1.8660473393730708e-07,0.09269334059347409,0.0001524223112736775,3.840654497657878e-31,False,1e-24,True
UniGCN,random,8,155,restart,9431.274377014943,970.5098031768408,939.9355272588158,1315.9264750860732,1225.770711662125,7.167022288534816,0.7375106600187225,0.7668118664576988,0.012820730474603463,0.014423847810224365,0.013435155212127589,0.015939031917224723,0.014846058423948028,0.8043606751768012,0.9049387619731812,0.9049644578021785,False,1e-24,False
UniGCN,random,8,156,base,0.009654625388402054,1.4521003224105242e-06,4.730771692168054e-33,0.011689581632004318,0.014562517495475338,0.8259171022826977,0.00012422175302107406,3.2485946840152694e-31,1.312435043132988e-08,2.158131116972414e-11,6.762022512626666e-38,1.4158892480625384e-07,1.7637555170855238e-07,0.09269334059347409,0.0001524223112736775,3.833877454739539e-31,False,1e-24,True
UniGCN,random,8,156,restart,9431.274377011976,970.509803176841,939.9355272588157,1315.9264750829445,1225.7707116581882,7.1670222885496,0.737510660020476,0.7668118664601614,0.012820730474599432,0.014423847810224369,0.013435155212127587,0.01593903191718683,0.014846058423900348,0.8043606751784604,0.904938761975333,0.9049644578050847,False,1e-24,False
UniGCN,random,8,157,base,0.009125384139455468,1.3724999902058709e-06,4.4678402704829715e-33,0.011048789417526798,0.013764238469924507,0.8259171022826977,0.0001242217530210741,3.245977087831926e-31,1.2404907953299222e-08,2.0398280278531782e-11,6.386196260927623e-38,1.3382739120066373e-07,1.6670710642821952e-07,0.09269334059347409,0.00015242231127367753,3.830788259573915e-31,False,1e-24,True
UniGCN,random,8,157,restart,9431.274377009377,970.5098031768414,939.9355272588156,1315.926475080207,1225.770711654744,7.167022288562536,0.7375106600220106,0.7668118664623159,0.012820730474595898,0.014423847810224374,0.013435155212127585,0.01593903191715367,0.014846058423858633,0.8043606751799123,0.9049387619772158,0.9049644578076274,False,1e-24,False
UniGCN,random,8,158,base,0.008625154508082671,1.2972631394971603e-06,4.2103223324479664e-33,0.010443123752062014,0.01300971900743222,0.8259171022826977,0.00012422175302107411,3.236289984466755e-31,1.1724903425504885e-08,1.9280100038836385e-11,6.018107879642863e-38,1.2649132451625502e-07,1.5756865996707253e-07,0.09269334059347409,0.00015242231127367755,3.819355880097274e-31,False,1e-24,True
UniGCN,random,8,158,restart,9431.274377007103,970.5098031768415,939.9355272588157,1315.9264750778118,1225.7707116517302,7.167022288573854,0.7375106600233531,0.7668118664642014,0.012820730474592807,0.014423847810224374,0.013435155212127587,0.015939031917124657,0.014846058423822129,0.8043606751811825,0.9049387619788631,0.9049644578098526,False,1e-24,False
UniGCN,random,8,159,base,0.00815234615347799,1.226150575670022e-06,4.004238059332355e-33,0.009870659090296423,0.012296560323491074,0.8259171022826977,0.0001242217530210741,3.2563887412342034e-31,1.1082174962922935e-08,1.82232155079641e-11,5.723537229232249e-38,1.1955740177200125e-07,1.489311591795235e-07,0.09269334059347409,0.00015242231127367753,3.843075727580301e-31,False,1e-24,True
UniGCN,random,8,159,restart,9431.274377005115,970.5098031768417,939.9355272588155,1315.926475075716,1225.770711649093,7.167022288583757,0.7375106600245279,0.766811866465851,0.012820730474590104,0.014423847810224377,0.013435155212127584,0.015939031917099274,0.014846058423790191,0.8043606751822939,0.9049387619803047,0.9049644578117993,False,1e-24,False
UniGCN,random,8,160,base,0.007705455913148768,1.1589362161316672e-06,3.792023357178106e-33,0.009329575440261702,0.011622495128670649,0.8259171022826977,0.00012422175302107403,3.2626585902573123e-31,1.047467918939788e-08,1.7224266615877248e-11,5.420203928271417e-38,1.1300357849154193e-07,1.4076714353724705e-07,0.09269334059347409,0.00015242231127367745,3.8504751833919463e-31,False,1e-24,True
UniGCN,random,8,160,restart,9431.274377003374,970.5098031768418,939.9355272588157,1315.926475073882,1225.770711646786,7.167022288592422,0.7375106600255557,0.7668118664672945,0.012820730474587738,0.014423847810224379,0.013435155212127587,0.01593903191707706,0.014846058423762246,0.8043606751832664,0.9049387619815656,0.904964457813503,False,1e-24,False
UniGCN,random,8,161,base,0.007283063024028843,1.0954063715442454e-06,3.5645612941974784e-33,0.008818152577177139,0.010985380420402162,0.8259171022826975,0.00012422175302107398,3.244822807936026e-31,9.900484741297258e-09,1.6280077482767373e-11,5.095076509167704e-38,1.0680901861890915e-07,1.330506578260778e-07,0.09269334059347409,0.0001524223112736774,3.8294260189437966e-31,False,1e-24,True
UniGCN,random,8,161,restart,9431.274377001851,970.5098031768418,939.9355272588156,1315.9264750722778,1225.770711644767,7.167022288600004,0.7375106600264549,0.7668118664685574,0.012820730474585668,0.014423847810224379,0.013435155212127585,0.015939031917057627,0.014846058423737795,0.8043606751841172,0.9049387619826691,0.9049644578149934,False,1e-24,False
UniGCN,random,8,162,base,0.006883824605558035,1.0353590664591042e-06,3.3876841587793804e-33,0.008334764574473985,0.010383190669898618,0.8259171022826975,0.00012422175302107398,3.2626619952192956e-31,9.357766127278819e-09,1.538764632222981e-11,4.842253661333768e-38,1.0095402827608994e-07,1.2575716962863536e-07,0.09269334059347409,0.0001524223112736774,3.850479201808601e-31,False,1e-24,True
UniGCN,random,8,162,restart,9431.27437700052,970.509803176842,939.9355272588156,1315.9264750708735,1225.7707116430004,7.167022288606639,0.737510660027242,0.7668118664696625,0.012820730474583857,0.01442384781022438,0.013435155212127585,0.01593903191704062,0.014846058423716398,0.804360675184862,0.9049387619836348,0.9049644578162975,False,1e-24,False
UniGCN,random,8,163,base,0.0065064713903673875,9.786033971920986e-07,3.1943692843842794e-33,0.00787787463461476,0.009814011382550088,0.8259171022826975,0.00012422175302107403,3.2549068468211307e-31,8.844797924649177e-09,1.4544135897919806e-11,4.565935204696052e-38,9.541999315182607e-08,1.18863491330335e-07,0.09269334059347409,0.00015242231127367745,3.8413268477928224e-31,False,1e-24,True
UniGCN,random,8,163,restart,9431.274376999354,970.5098031768423,939.9355272588158,1315.9264750696452,1225.7707116414547,7.1670222886124435,0.7375106600279306,0.7668118664706296,0.012820730474582273,0.014423847810224386,0.013435155212127589,0.015939031917025743,0.014846058423697676,0.8043606751855134,0.9049387619844799,0.904964457817439,False,1e-24,False
UniGCN,random,8,164,base,0.006149803688997027,9.249589248984887e-07,3.020434123813005e-33,0.007446030203273419,0.00927603301132128,0.8259171022826974,0.0001242217530210741,3.2561700892252145e-31,8.359949293862863e-09,1.374686450334963e-11,4.3173175270627283e-38,9.01893193225947e-08,1.1234770640082463e-07,0.09269334059347407,0.00015242231127367753,3.8428176821516664e-31,False,1e-24,True
UniGCN,random,8,164,restart,9431.274376998334,970.5098031768421,939.9355272588155,1315.9264750685702,1225.7707116401023,7.167022288617522,0.7375106600285329,0.7668118664714754,0.012820730474580886,0.014423847810224382,0.013435155212127584,0.015939031917012722,0.014846058423681297,0.8043606751860833,0.9049387619852188,0.904964457818437,False,1e-24,False
UniGCN,random,8,165,base,0.005812687575817642,8.742551019178861e-07,2.8778806449294732e-33,0.007037858351343421,0.008767545203800664,0.8259171022826978,0.0001242217530210741,3.282424644565202e-31,7.901678793722163e-09,1.2993297436149684e-11,4.113555879663945e-38,8.524537731762864e-08,1.0618909971647994e-07,0.0926933405934741,0.00015242231127367753,3.8738023871065417e-31,False,1e-24,True
UniGCN,random,8,165,restart,9431.27437699744,970.5098031768425,939.9355272588156,1315.92647506763,1225.7707116389188,7.167022288621965,0.7375106600290602,0.7668118664722158,0.012820730474579671,0.01442384781022439,0.013435155212127585,0.015939031917001332,0.014846058423666963,0.8043606751865819,0.9049387619858658,0.9049644578193109,False,1e-24,False
UniGCN,random,8,166,base,0.005494051284029711,8.263307295654614e-07,2.7039767107802745e-33,0.0066520614100919655,0.008286931364611286,0.8259171022826975,0.000124221753021074,3.2629408786072517e-31,7.46852948079409e-09,1.2281038939688168e-11,3.864982836137444e-38,8.057244925014493e-08,1.0036809170243773e-07,0.09269334059347409,0.00015242231127367742,3.850808330197208e-31,False,1e-24,True
UniGCN,random,8,166,restart,9431.27437699666,970.5098031768425,939.9355272588156,1315.926475066807,1225.7707116378836,7.167022288625854,0.7375106600295216,0.7668118664728635,0.012820730474578611,0.01442384781022439,0.013435155212127585,0.015939031916991364,0.014846058423654425,0.8043606751870185,0.904938761986432,0.9049644578200753,False,1e-24,False
UniGCN,random,8,167,base,0.005192881798279448,7.810334456456187e-07,2.5428625754772838e-33,0.006287412845583638,0.007832663515895988,0.8259171022826974,0.00012422175302107398,3.2464851455915026e-31,7.059124277464489e-09,1.1607824586430077e-11,3.6346911457088335e-38,7.615567884670104e-08,9.486617608479041e-08,0.09269334059347407,0.0001524223112736774,3.83138785151431e-31,False,1e-24,True
UniGCN,random,8,167,restart,9431.274376995974,970.5098031768423,939.9355272588155,1315.9264750660868,1225.7707116369775,7.167022288629255,0.7375106600299249,0.7668118664734301,0.012820730474577678,0.014423847810224386,0.013435155212127584,0.015939031916982642,0.01484605842364345,0.8043606751874002,0.9049387619869269,0.904964457820744,False,1e-24,False
UniGCN,random,8,168,base,0.004908221634058588,7.382192400588232e-07,2.401827161337216e-33,0.005942753359257338,0.007403297439537299,0.8259171022826977,0.00012422175302107406,3.244266735131108e-31,6.672161593903255e-09,1.0971514078820427e-11,3.433099374313139e-38,7.198102421581078e-08,8.966586105504162e-08,0.09269334059347409,0.0001524223112736775,3.8287697613317105e-31,False,1e-24,True
UniGCN,random,8,168,restart,9431.274376995378,970.5098031768425,939.9355272588158,1315.9264750654568,1225.7707116361846,7.167022288632234,0.7375106600302782,0.7668118664739264,0.012820730474576868,0.01442384781022439,0.013435155212127589,0.01593903191697501,0.014846058423633847,0.8043606751877345,0.9049387619873603,0.9049644578213297,False,1e-24,False
UniGCN,random,8,169,base,0.004639165793649044,6.977519969615952e-07,2.2753745550097803e-33,0.005616987202259356,0.006997468085668161,0.8259171022826975,0.00012422175302107398,3.2517112291945717e-31,6.306411190021943e-09,1.037008444480424e-11,3.2523518290063043e-38,6.803521320566081e-08,8.47506136597726e-08,0.09269334059347409,0.0001524223112736774,3.837555492002358e-31,False,1e-24,True
UniGCN,random,8,169,restart,9431.274376994857,970.5098031768425,939.9355272588156,1315.9264750649054,1225.7707116354911,7.16702228863484,0.7375106600305872,0.7668118664743601,0.01282073047457616,0.01442384781022439,0.013435155212127585,0.01593903191696833,0.01484605842362545,0.804360675188027,0.9049387619877395,0.9049644578218414,False,1e-24,False
UniGCN,random,8,170,base,0.004384858888934694,6.595030620240952e-07,2.150673167802602e-33,0.005309078691815041,0.006613885232875996,0.8259171022826977,0.0001242217530210741,3.251754592160346e-31,5.9607102642680176e-09,9.801623606350302e-12,3.0741074235435093e-38,6.430570120900001e-08,8.010480723872081e-08,0.09269334059347409,0.00015242231127367753,3.8376066674529828e-31,False,1e-24,True
UniGCN,random,8,170,restart,9431.274376994397,970.5098031768425,939.9355272588158,1315.9264750644231,1225.7707116348845,7.167022288637117,0.7375106600308575,0.7668118664747398,0.012820730474575534,0.01442384781022439,0.013435155212127589,0.015939031916962488,0.014846058423618101,0.8043606751882826,0.9049387619880712,0.9049644578222896,False,1e-24,False
UniGCN,random,8,171,base,0.004144492421933074,6.233508334095054e-07,2.0337156103571618e-33,0.005018048918563844,0.006251329386303061,0.8259171022826975,0.00012422175302107403,3.2532530037740815e-31,5.633959756821132e-09,9.264324300531476e-12,2.9069318150107186e-38,6.078063128105431e-08,7.571367174416561e-08,0.09269334059347409,0.00015242231127367745,3.8393750402611044e-31,False,1e-24,True
UniGCN,random,8,171,restart,9431.274376993997,970.5098031768428,939.9355272588156,1315.9264750640011,1225.7707116343531,7.167022288639113,0.7375106600310943,0.7668118664750719,0.012820730474574991,0.014423847810224393,0.013435155212127585,0.015939031916957377,0.014846058423611665,0.8043606751885065,0.9049387619883618,0.9049644578226816,False,1e-24,False
UniGCN,random,8,172,base,0.0039173022144012035,5.891803751748598e-07,1.912510809879287e-33,0.004742972634389616,0.00590864790060213,0.8259171022826975,0.00012422175302107403,3.236799420192883e-31,5.325120855438513e-09,8.756478333835611e-12,2.733685325262192e-38,5.7448796443672676e-08,7.156324678367459e-08,0.09269334059347409,0.00015242231127367745,3.819957098265441e-31,False,1e-24,True
UniGCN,random,8,172,restart,9431.274376993646,970.5098031768429,939.9355272588157,1315.9264750636319,1225.7707116338886,7.167022288640857,0.7375106600313013,0.7668118664753626,0.012820730474574514,0.014423847810224395,0.013435155212127587,0.015939031916952905,0.01484605842360604,0.8043606751887022,0.9049387619886157,0.9049644578230246,False,1e-24,False
UniGCN,random,8,173,base,0.003702565978343674,5.568830518642168e-07,1.804771046782821e-33,0.0044829753108518965,0.005584751315421637,0.8259171022826977,0.000124221753021074,3.231605034586154e-31,5.0332116928407245e-09,8.276471151439906e-12,2.5796853542279767e-38,5.429960405586115e-08,6.76403372369238e-08,0.09269334059347409,0.00015242231127367742,3.8138268666404086e-31,False,1e-24,True
UniGCN,random,8,173,restart,9431.27437699334,970.5098031768426,939.9355272588157,1315.9264750633085,1225.770711633482,7.167022288642386,0.7375106600314824,0.766811866475617,0.012820730474574098,0.014423847810224391,0.013435155212127587,0.01593903191694899,0.014846058423601115,0.8043606751888739,0.9049387619888378,0.9049644578233249,False,1e-24,False
UniGCN,random,8,174,base,0.0034996010196991115,5.263561831324837e-07,1.6955876839567335e-33,0.004237230358866279,0.005278609891769876,0.8259171022826973,0.00012422175302107398,3.2121860086694455e-31,4.757304225138086e-09,7.822776704183526e-12,2.423621945237733e-38,5.132304213743071e-08,6.39324713054873e-08,0.09269334059347406,0.0001524223112736774,3.790909213656057e-31,False,1e-24,True
UniGCN,random,8,174,restart,9431.274376993073,970.5098031768426,939.9355272588156,1315.926475063026,1225.770711633126,7.167022288643721,0.7375106600316407,0.7668118664758397,0.012820730474573735,0.014423847810224391,0.013435155212127585,0.015939031916945567,0.014846058423596802,0.8043606751890237,0.9049387619890321,0.9049644578235877,False,1e-24,False
UniGCN,random,8,175,base,0.003307762067904541,4.975027173018539e-07,1.6151307605856373e-33,0.0040049565007946155,0.004989250338246641,0.8259171022826975,0.0001242217530210741,3.2372213280306918e-31,4.4965212813735884e-09,7.393952596919274e-12,2.308619243240356e-38,4.850964753869447e-08,6.04278608622272e-08,0.09269334059347409,0.00015242231127367753,3.8204550190911174e-31,False,1e-24,True
UniGCN,random,8,175,restart,9431.274376992837,970.5098031768428,939.9355272588156,1315.9264750627785,1225.770711632815,7.1670222886448895,0.7375106600317795,0.7668118664760343,0.012820730474573412,0.014423847810224393,0.013435155212127585,0.01593903191694257,0.014846058423593036,0.8043606751891549,0.9049387619892024,0.9049644578238173,False,1e-24,False
UniGCN,random,8,176,base,0.0031264392244373133,4.702309228130223e-07,1.5341798063836162e-33,0.003785415286590331,0.00471575271673428,0.8259171022826975,0.00012422175302107403,3.2533084292979127e-31,4.250033774802093e-09,6.98863550281987e-12,2.1929103884590308e-38,4.585047585501855e-08,5.7115363974226365e-08,0.09269334059347409,0.00015242231127367745,3.83944045151948e-31,False,1e-24,True
UniGCN,random,8,176,restart,9431.274376992635,970.5098031768431,939.9355272588158,1315.9264750625623,1225.7707116325425,7.167022288645914,0.7375106600319009,0.7668118664762048,0.012820730474573138,0.014423847810224398,0.013435155212127589,0.01593903191693995,0.014846058423589737,0.8043606751892698,0.9049387619893514,0.9049644578240186,False,1e-24,False
UniGCN,random,8,177,base,0.0029550560238126166,4.4445409659024323e-07,1.4391813165334916e-33,0.0035779087461021613,0.004457247517710624,0.8259171022826974,0.000124221753021074,3.2288566224222128e-31,4.017058067039939e-09,6.605536829060035e-12,2.0571224094923937e-38,4.3337072990578505e-08,5.398444948011552e-08,0.09269334059347407,0.00015242231127367742,3.8105832870447413e-31,False,1e-24,True
UniGCN,random,8,177,restart,9431.274376992451,970.5098031768428,939.9355272588157,1315.926475062373,1225.7707116323045,7.167022288646806,0.7375106600320068,0.7668118664763537,0.012820730474572889,0.014423847810224393,0.013435155212127587,0.015939031916937657,0.014846058423586854,0.8043606751893699,0.9049387619894814,0.9049644578241943,False,1e-24,False
UniGCN,random,8,178,base,0.0027930676008719965,4.200902883930429e-07,1.3774721164493179e-33,0.003381777170072422,0.0042129128958856244,0.8259171022826978,0.00012422175302107398,3.269643001151464e-31,3.796853476704918e-09,6.243438620094411e-12,1.9689171382686343e-38,4.0961448280915965e-08,5.102516350917853e-08,0.0926933405934741,0.0001524223112736774,3.858717940050228e-31,False,1e-24,True
UniGCN,random,8,178,restart,9431.274376992294,970.5098031768428,939.9355272588157,1315.926475062207,1225.7707116320958,7.1670222886475905,0.7375106600320999,0.7668118664764841,0.012820730474572677,0.014423847810224393,0.013435155212127587,0.015939031916935645,0.014846058423584326,0.804360675189458,0.9049387619895956,0.9049644578243482,False,1e-24,False
UniGCN,random,8,179,base,0.002639958958536324,3.970620402782536e-07,1.3036398758503293e-33,0.0031963970127751517,0.003981972057373119,0.8259171022826977,0.00012422175302107398,3.2738549067326507e-31,3.5887199246260936e-09,5.901189685507108e-12,1.8633835582156034e-38,3.871604908884631e-08,4.8228097835792404e-08,0.09269334059347409,0.0001524223112736774,3.8636886832237794e-31,False,1e-24,True
UniGCN,random,8,179,restart,9431.274376992158,970.5098031768426,939.9355272588155,1315.926475062062,1225.7707116319132,7.167022288648275,0.737510660032181,0.7668118664765983,0.012820730474572491,0.014423847810224391,0.013435155212127584,0.015939031916933893,0.014846058423582114,0.8043606751895348,0.9049387619896951,0.904964457824483,False,1e-24,False
UniGCN,random,8,180,base,0.0024952433305160076,3.7529614034405404e-07,1.2254035505040354e-33,0.0030211789096261234,0.0037636907900909966,0.8259171022826975,0.00012422175302107403,3.255856070138026e-31,3.3919957081370507e-09,5.577701940122365e-12,1.75155491212544e-38,3.6593736792952076e-08,4.558435996859408e-08,0.09269334059347409,0.00015242231127367745,3.842447087843717e-31,False,1e-24,True
UniGCN,random,8,180,restart,9431.274376992038,970.5098031768429,939.9355272588156,1315.9264750619352,1225.7707116317536,7.167022288648875,0.7375106600322522,0.7668118664766983,0.012820730474572328,0.014423847810224395,0.013435155212127585,0.015939031916932356,0.01484605842358018,0.8043606751896021,0.9049387619897824,0.904964457824601,False,1e-24,False
UniGCN,random,8,181,base,0.002358460633773125,3.547233899731155e-07,1.1621956884386836e-33,0.0028555658034622746,0.0035573751295383494,0.8259171022826975,0.000124221753021074,3.267003467777392e-31,3.206055397376527e-09,5.271946944740742e-12,1.6612074986223736e-38,3.458776409232406e-08,4.3085544879280444e-08,0.09269334059347409,0.00015242231127367742,3.8556028553818694e-31,False,1e-24,True
UniGCN,random,8,181,restart,9431.274376991933,970.5098031768428,939.9355272588157,1315.9264750618242,1225.7707116316142,7.167022288649399,0.7375106600323142,0.7668118664767855,0.012820730474572184,0.014423847810224393,0.013435155212127587,0.01593903191693101,0.014846058423578492,0.8043606751896609,0.9049387619898586,0.9049644578247038,False,1e-24,False
UniGCN,random,8,182,base,0.0022291760058155362,3.352783838348699e-07,1.0930752000539596e-33,0.002699031173533596,0.003362369152528607,0.8259171022826977,0.000124221753021074,3.2509077691006437e-31,3.0303078469083535e-09,4.982952636503109e-12,1.5624087552133353e-38,3.269175355539724e-08,4.0723708281161675e-08,0.09269334059347409,0.00015242231127367742,3.836607276592461e-31,False,1e-24,True
UniGCN,random,8,182,restart,9431.274376991838,970.509803176843,939.9355272588158,1315.9264750617272,1225.7707116314918,7.167022288649856,0.7375106600323689,0.7668118664768621,0.012820730474572056,0.014423847810224396,0.013435155212127589,0.015939031916929833,0.01484605842357701,0.8043606751897122,0.9049387619899256,0.9049644578247943,False,1e-24,False
UniGCN,random,8,183,base,0.002106978422172693,3.168993019474754e-07,1.034510728707005e-33,0.0025510773615770336,0.003178052891864427,0.8259171022826975,0.000124221753021074,3.2551715276837382e-31,2.8641943163391617e-09,4.7098002384874805e-12,1.4786984644918867e-38,3.089967734468306e-08,3.849134137251399e-08,0.09269334059347409,0.00015242231127367742,3.8416392148593714e-31,False,1e-24,True
UniGCN,random,8,183,restart,9431.274376991758,970.5098031768429,939.9355272588156,1315.926475061642,1225.770711631385,7.1670222886502595,0.7375106600324165,0.7668118664769288,0.012820730474571947,0.014423847810224395,0.013435155212127585,0.015939031916928803,0.014846058423575717,0.8043606751897575,0.904938761989984,0.904964457824873,False,1e-24,False
UniGCN,random,8,184,base,0.0019914793896577978,2.9952771313839957e-07,9.796159966931463e-34,0.0024112339896506314,0.0030038403653246453,0.8259171022826977,0.00012422175302107398,3.2612119072688227e-31,2.707186693958907e-09,4.451621338713657e-12,1.4002335885992596e-38,2.920583805293885e-08,3.638134696443573e-08,0.09269334059347409,0.0001524223112736774,3.8487678588922124e-31,False,1e-24,True
UniGCN,random,8,184,restart,9431.274376991689,970.5098031768429,939.9355272588157,1315.926475061568,1225.7707116312913,7.16702228865061,0.737510660032458,0.7668118664769874,0.012820730474571853,0.014423847810224395,0.013435155212127587,0.015939031916927908,0.014846058423574582,0.8043606751897969,0.904938761990035,0.9049644578249422,False,1e-24,False
UniGCN,random,8,185,base,0.0018823117112619064,2.831083892787797e-07,9.27577926837581e-34,0.002279056464697861,0.0028391777126969904,0.8259171022826975,0.00012422175302107398,3.2670653995675973e-31,2.558785817756756e-09,4.207595129269188e-12,1.3258519395208385e-38,2.7604850589848125e-08,3.438701691731166e-08,0.09269334059347409,0.0001524223112736774,3.8556759451075184e-31,False,1e-24,True
UniGCN,random,8,185,restart,9431.274376991627,970.5098031768429,939.9355272588157,1315.9264750615027,1225.7707116312095,7.1670222886509185,0.7375106600324945,0.7668118664770387,0.012820730474571768,0.014423847810224395,0.013435155212127587,0.015939031916927117,0.01484605842357359,0.8043606751898315,0.9049387619900798,0.9049644578250027,False,1e-24,False
UniGCN,random,8,186,base,0.0017791283187533003,2.6758912970096634e-07,8.781625706349048e-34,0.0021541245650878106,0.002683541434933781,0.8259171022826973,0.00012422175302107395,3.272401756884272e-31,2.4185198884744864e-09,3.976945796779181e-12,1.2552191183121646e-38,2.6091625061625613e-08,3.250201081415123e-08,0.09269334059347406,0.00015242231127367736,3.8619737267629224e-31,False,1e-24,True
UniGCN,random,8,186,restart,9431.274376991574,970.5098031768429,939.9355272588156,1315.9264750614457,1225.770711631138,7.167022288651189,0.7375106600325266,0.7668118664770833,0.012820730474571697,0.014423847810224395,0.013435155212127585,0.015939031916926426,0.014846058423572726,0.8043606751898619,0.9049387619901192,0.9049644578250554,False,1e-24,False
UniGCN,random,8,187,base,0.0016816011692706962,2.529205952410386e-07,8.28350397638186e-34,0.0020360411046375353,0.0025364367298324956,0.8259171022826977,0.00012422175302107398,3.2658035104738827e-31,2.2859429696521357e-09,3.7589400559237455e-12,1.18401909913468e-38,2.4661350589117434e-08,3.072033580299848e-08,0.09269334059347409,0.0001524223112736774,3.8541867078780855e-31,False,1e-24,True
UniGCN,random,8,187,restart,9431.274376991525,970.509803176843,939.9355272588156,1315.9264750613959,1225.770711631075,7.167022288651423,0.7375106600325545,0.7668118664771226,0.012820730474571631,0.014423847810224396,0.013435155212127585,0.015939031916925823,0.014846058423571963,0.8043606751898881,0.9049387619901534,0.9049644578251018,False,1e-24,False
UniGCN,random,8,188,base,0.0015894202024023206,2.3905615137867173e-07,7.827062199702866e-34,0.0019244306698692002,0.0023973959189499583,0.8259171022826977,0.00012422175302107398,3.264818354713418e-31,2.1606335698972052e-09,3.5528848181615158e-12,1.118776686893218e-38,2.3309480012950586e-08,2.903632754432813e-08,0.09269334059347409,0.0001524223112736774,3.853024061618139e-31,False,1e-24,True
UniGCN,random,8,188,restart,9431.274376991483,970.5098031768429,939.9355272588156,1315.9264750613522,1225.77071163102,7.167022288651628,0.7375106600325789,0.766811866477157,0.012820730474571574,0.014423847810224395,0.013435155212127585,0.015939031916925292,0.014846058423571297,0.8043606751899112,0.9049387619901833,0.9049644578251423,False,1e-24,False
UniGCN,random,8,189,base,0.0015022923544351849,2.2595171997566803e-07,7.4595334138840225e-34,0.0018189384264874749,0.002265976960748979,0.8259171022826977,0.00012422175302107398,3.291972311765432e-31,2.0421933028701713e-09,3.3581249882476605e-12,1.066243229659174e-38,2.2031715437106042e-08,2.7444632202855557e-08,0.09269334059347409,0.0001524223112736774,3.885070208914055e-31,False,1e-24,True
UniGCN,random,8,189,restart,9431.274376991449,970.509803176843,939.9355272588157,1315.9264750613142,1225.7707116309723,7.16702228865181,0.7375106600326002,0.766811866477187,0.012820730474571527,0.014423847810224396,0.013435155212127587,0.015939031916924834,0.014846058423570719,0.8043606751899316,0.9049387619902095,0.9049644578251778,False,1e-24,False
UniGCN,random,8,190,base,0.0014199406266406196,2.135656391417909e-07,6.954509924855041e-34,0.001719228991282708,0.002141762045250381,0.8259171022826977,0.0001242217530210741,3.247097379598036e-31,1.930245620726053e-09,3.174041381540983e-12,9.940566938372731e-39,2.0823994564955282e-08,2.5940189426508436e-08,0.09269334059347409,0.00015242231127367753,3.832110388605878e-31,False,1e-24,True
UniGCN,random,8,190,restart,9431.274376991414,970.5098031768425,939.9355272588155,1315.9264750612806,1225.7707116309302,7.1670222886519666,0.7375106600326188,0.7668118664772131,0.01282073047457148,0.01442384781022439,0.013435155212127584,0.015939031916924425,0.014846058423570209,0.8043606751899491,0.9049387619902323,0.9049644578252085,False,1e-24,False
UniGCN,random,8,191,base,0.0013421032046339574,2.0185853078238667e-07,6.585229366159917e-34,0.001624985365873412,0.0020243562657225314,0.8259171022826974,0.00012422175302107406,3.252999226304429e-31,1.8244346169854077e-09,3.0000487554787783e-12,9.412728434666076e-39,1.968247778431943e-08,2.4518216258446588e-08,0.09269334059347407,0.0001524223112736775,3.839075540996327e-31,False,1e-24,True
UniGCN,random,8,191,restart,9431.274376991389,970.5098031768429,939.9355272588156,1315.9264750612517,1225.7707116308936,7.167022288652104,0.7375106600326352,0.7668118664772361,0.012820730474571445,0.014423847810224395,0.013435155212127585,0.015939031916924078,0.014846058423569765,0.8043606751899646,0.9049387619902525,0.9049644578252357,False,1e-24,False
UniGCN,random,8,192,base,0.0012685326260086117,1.9079317540670012e-07,6.245592336067627e-34,0.001535907928898189,0.0019133863631853635,0.8259171022826974,0.000124221753021074,3.264156396343341e-31,1.7244238950287935e-09,2.8355939489611067e-12,8.927261497547155e-39,1.860353596049163e-08,2.3174191930982708e-08,0.09269334059347407,0.00015242231127367742,3.8522428415775163e-31,False,1e-24,True
UniGCN,random,8,192,restart,9431.274376991365,970.5098031768429,939.9355272588158,1315.926475061226,1225.7707116308616,7.167022288652227,0.7375106600326496,0.7668118664772563,0.012820730474571412,0.014423847810224395,0.013435155212127589,0.015939031916923765,0.014846058423569378,0.8043606751899783,0.9049387619902701,0.9049644578252595,False,1e-24,False
UniGCN,random,8,193,base,0.0011989949935982663,1.8033439379886811e-07,5.851659242339998e-34,0.0014517134834530529,0.001808499539737396,0.8259171022826975,0.00012422175302107398,3.2356432024249733e-31,1.6298954986173998e-09,2.6801541237291153e-12,8.364185403077222e-39,1.7583738898413916e-08,2.1903843493060438e-08,0.09269334059347409,0.0001524223112736774,3.818592570626776e-31,False,1e-24,True
UniGCN,random,8,193,restart,9431.274376991343,970.5098031768429,939.9355272588157,1315.9264750612037,1225.7707116308331,7.167022288652331,0.7375106600326621,0.7668118664772741,0.012820730474571383,0.014423847810224395,0.013435155212127587,0.015939031916923495,0.014846058423569033,0.80436067518999,0.9049387619902854,0.9049644578252805,False,1e-24,False
UniGCN,random,8,194,base,0.0011332692318659738,1.7044893517539953e-07,5.5592306727057805e-34,0.001372134356745739,0.0017093623369330555,0.8259171022826975,0.00012422175302107406,3.252224851683683e-31,1.5405489010397316e-09,2.533235102146394e-12,7.94619681688621e-39,1.6619844437327266e-08,2.0703132225596485e-08,0.09269334059347409,0.0001524223112736775,3.8381616512412873e-31,False,1e-24,True
UniGCN,random,8,194,restart,9431.274376991325,970.5098031768428,939.9355272588157,1315.9264750611842,1225.7707116308086,7.167022288652424,0.737510660032673,0.7668118664772895,0.012820730474571359,0.014423847810224393,0.013435155212127587,0.01593903191692326,0.014846058423568736,0.8043606751900004,0.9049387619902988,0.9049644578252987,False,1e-24,False
UniGCN,random,8,195,base,0.0010711463840560546,1.6110537147356906e-07,5.2899929254223705e-34,0.001296917549104606,0.001615659575644413,0.8259171022826977,0.00012422175302107406,3.274200212202768e-31,1.4561000496706264e-09,2.3943697960988033e-12,7.561356493394515e-39,1.5708788143224395e-08,1.9568240801498e-08,0.09269334059347409,0.0001524223112736775,3.8640962006230398e-31,False,1e-24,True
UniGCN,random,8,195,restart,9431.274376991307,970.5098031768429,939.9355272588157,1315.9264750611671,1225.7707116307872,7.167022288652502,0.7375106600326827,0.7668118664773028,0.012820730474571334,0.014423847810224395,0.013435155212127587,0.01593903191692305,0.014846058423568478,0.8043606751900092,0.9049387619903108,0.9049644578253144,False,1e-24,False
UniGCN,random,8,196,base,0.0010124289478742787,1.5227399743464444e-07,4.991542815259695e-34,0.0012258239296366348,0.001527093354036918,0.8259171022826975,0.000124221753021074,3.2686559744788354e-31,1.3762804629050313e-09,2.2631167220178974e-12,7.134760898608786e-39,1.4847673566335208e-08,1.849556114953416e-08,0.09269334059347409,0.00015242231127367742,3.857553085805395e-31,False,1e-24,True
UniGCN,random,8,196,restart,9431.274376991292,970.5098031768428,939.9355272588157,1315.9264750611521,1225.7707116307683,7.167022288652575,0.7375106600326911,0.7668118664773146,0.012820730474571313,0.014423847810224393,0.013435155212127587,0.01593903191692287,0.014846058423568249,0.8043606751900174,0.904938761990321,0.9049644578253283,False,1e-24,False
UniGCN,random,8,197,base,0.0009569302475843293,1.4392673616428888e-07,4.7688916547261725e-34,0.0011586274759773508,0.00144338210047348,0.8259171022826975,0.00012422175302107406,3.3039703437931016e-31,1.3008363765955157e-09,2.1390585973068683e-12,6.816510038504364e-39,1.40337630326714e-08,1.7481682983478505e-08,0.09269334059347409,0.0001524223112736775,3.899229865309007e-31,False,1e-24,True
UniGCN,random,8,197,restart,9431.274376991281,970.5098031768429,939.9355272588157,1315.9264750611387,1225.770711630752,7.167022288652637,0.7375106600326985,0.7668118664773249,0.0128207304745713,0.014423847810224395,0.013435155212127587,0.015939031916922707,0.01484605842356805,0.8043606751900244,0.9049387619903301,0.9049644578253405,False,1e-24,False
UniGCN,random,8,198,base,0.0009044738405242807,1.3603704986989387e-07,4.474001381879466e-34,0.001095114555715659,0.0013642596783358597,0.8259171022826975,0.0001242217530210741,3.279435325199163e-31,1.2295279372798283e-09,2.0218010137067256e-12,6.395002767915662e-39,1.3264468940354396e-08,1.652338296005359e-08,0.09269334059347409,0.00015242231127367753,3.8702744972842547e-31,False,1e-24,True
UniGCN,random,8,198,restart,9431.27437699127,970.509803176843,939.9355272588158,1315.9264750611273,1225.7707116307374,7.167022288652691,0.7375106600327049,0.7668118664773341,0.012820730474571284,0.014423847810224396,0.013435155212127589,0.01593903191692257,0.014846058423567874,0.8043606751900304,0.904938761990338,0.9049644578253514,False,1e-24,False
UniGCN,random,8,199,base,0.0008548929561562945,1.285798554910586e-07,4.2422115735083785e-34,0.0010350832472090874,0.0012894745399174084,0.8259171022826977,0.00012422175302107406,3.289876179936127e-31,1.1621284396336126e-09,1.9109711833850824e-12,6.063689399951289e-39,1.2537345533055808e-08,1.5617614431208688e-08,0.09269334059347409,0.0001524223112736775,3.8825964276811795e-31,False,1e-24,True
UniGCN,random,8,199,restart,9431.27437699126,970.5098031768428,939.9355272588156,1315.9264750611173,1225.7707116307247,7.167022288652739,0.7375106600327105,0.7668118664773418,0.012820730474571268,0.014423847810224393,0.013435155212127585,0.015939031916922447,0.01484605842356772,0.8043606751900358,0.9049387619903447,0.9049644578253604,False,1e-24,False
UniGCN,random,8,200,base,0.0008080299658661367,1.2153144495498468e-07,4.014722582363564e-34,0.000978342697630157,0.0012187889266971875,0.8259171022826977,0.00012422175302107403,3.2940261389173556e-31,1.0984236057239628e-09,1.8062167537610599e-12,5.7385234905410664e-39,1.1850081124396282e-08,1.476149775815079e-08,0.09269334059347409,0.00015242231127367745,3.8874940636511313e-31,False,1e-24,True
UniGCN,random,8,200,restart,9431.274376991254,970.5098031768429,939.9355272588157,1315.9264750611087,1225.7707116307138,7.167022288652781,0.7375106600327155,0.7668118664773488,0.012820730474571261,0.014423847810224395,0.013435155212127587,0.015939031916922343,0.014846058423567588,0.8043606751900405,0.904938761990351,0.9049644578253687,False,1e-24,False
UniGCN,random,8,201,base,0.0007637358818268964,1.1486940980326086e-07,3.811159103335425e-34,0.0009247125162029668,0.0011519781134529616,0.8259171022826977,0.00012422175302107403,3.308360687436832e-31,1.0382109037724082e-09,1.7072046872983785e-12,5.4475559872443576e-39,1.1200490748582447e-08,1.3952311156334948e-08,0.09269334059347409,0.00015242231127367745,3.9044111948226826e-31,False,1e-24,True
UniGCN,random,8,201,restart,9431.274376991245,970.5098031768429,939.9355272588157,1315.926475061101,1225.770711630704,7.1670222886528165,0.7375106600327197,0.7668118664773549,0.01282073047457125,0.014423847810224395,0.013435155212127587,0.01593903191692225,0.014846058423567468,0.8043606751900445,0.904938761990356,0.9049644578253758,False,1e-24,False
UniGCN,random,8,202,base,0.0007218698833336821,1.0857256995041005e-07,3.584849918431709e-34,0.0008740222007009586,0.0010888296938099406,0.8259171022826975,0.000124221753021074,3.2923880922900862e-31,9.812989042615276e-10,1.6136202027052577e-12,5.124076457326101e-39,1.058650921391665e-08,1.3187482042308367e-08,0.09269334059347409,0.00015242231127367742,3.8855608984997503e-31,False,1e-24,True
UniGCN,random,8,202,restart,9431.27437699124,970.509803176843,939.9355272588158,1315.9264750610942,1225.7707116306958,7.1670222886528485,0.7375106600327236,0.7668118664773601,0.012820730474571242,0.014423847810224396,0.013435155212127589,0.015939031916922166,0.01484605842356737,0.8043606751900481,0.9049387619903608,0.904964457825382,False,1e-24,False
UniGCN,random,8,203,base,0.0006822988691034058,1.0262090634770593e-07,3.3948723107363585e-34,0.0008261105953825693,0.0010291429049538606,0.8259171022826977,0.000124221753021074,3.298737516816054e-31,9.275066713381076e-10,1.5251657741749635e-12,4.8525281891529256e-39,1.0006184537095075e-08,1.2464578854897682e-08,0.09269334059347409,0.00015242231127367742,3.893054266527611e-31,False,1e-24,True
UniGCN,random,8,203,restart,9431.274376991232,970.5098031768429,939.9355272588158,1315.9264750610882,1225.7707116306883,7.167022288652876,0.7375106600327268,0.7668118664773648,0.012820730474571232,0.014423847810224395,0.013435155212127589,0.015939031916922097,0.014846058423567279,0.8043606751900512,0.9049387619903648,0.9049644578253875,False,1e-24,False
UniGCN,random,8,204,base,0.0006448970341163213,9.69954973381825e-08,3.183515253228286e-34,0.0007808253786414314,0.0009727279893615271,0.8259171022826978,0.00012422175302107403,3.2727702790971e-31,8.766631875779866e-10,1.4415601854853599e-12,4.550420779607416e-39,9.457671737420439e-09,1.1781303324737404e-08,0.0926933405934741,0.00015242231127367745,3.8624086437472674e-31,False,1e-24,True
UniGCN,random,8,204,restart,9431.274376991227,970.5098031768428,939.9355272588157,1315.926475061083,1225.7707116306817,7.1670222886529,0.7375106600327297,0.7668118664773688,0.012820730474571225,0.014423847810224393,0.013435155212127587,0.015939031916922034,0.0148460584235672,0.8043606751900538,0.9049387619903684,0.9049644578253923,False,1e-24,False
UniGCN,random,8,205,base,0.0006095454696539985,9.167845850049527e-08,3.0142418525531177e-34,0.0007380225787422444,0.0009194055915196152,0.8259171022826975,0.00012422175302107406,3.278468045393446e-31,8.286068102837804e-10,1.3625376359502489e-12,4.3084664811048415e-39,8.939226971199667e-09,1.1135483167562503e-08,0.09269334059347409,0.0001524223112736775,3.8691329475988442e-31,False,1e-24,True
UniGCN,random,8,205,restart,9431.274376991227,970.509803176843,939.9355272588156,1315.9264750610787,1225.7707116306763,7.167022288652923,0.7375106600327324,0.7668118664773722,0.012820730474571225,0.014423847810224396,0.013435155212127585,0.01593903191692198,0.014846058423567133,0.8043606751900565,0.9049387619903716,0.9049644578253964,False,1e-24,False
UniGCN,random,8,206,base,0.0005761317852621683,8.665288579038404e-08,2.8695476589275565e-34,0.0006975661161027371,0.000869006187713762,0.8259171022826974,0.000124221753021074,3.302102677170745e-31,7.831847575869415e-10,1.2878468953801067e-12,4.101644960556255e-39,8.449201987678501e-09,1.0525065178035527e-08,0.09269334059347407,0.00015242231127367742,3.897025710696659e-31,False,1e-24,True
UniGCN,random,8,206,restart,9431.274376991221,970.5098031768429,939.9355272588157,1315.926475061075,1225.770711630671,7.16702228865294,0.7375106600327344,0.7668118664773754,0.012820730474571218,0.014423847810224395,0.013435155212127587,0.015939031916921937,0.014846058423567069,0.8043606751900584,0.904938761990374,0.9049644578254001,False,1e-24,False
UniGCN,random,8,207,base,0.0005445497514365718,8.190280179897204e-08,2.700755685564612e-34,0.0006593273706665317,0.0008213695470751279,0.8259171022826974,0.00012422175302107406,3.2881127565319667e-31,7.402526227203554e-10,1.2172505053656666e-12,3.8603787997477565e-39,7.986038888887254e-09,9.948108702152035e-09,0.09269334059347407,0.0001524223112736775,3.8805152972571115e-31,False,1e-24,True
UniGCN,random,8,207,restart,9431.274376991216,970.5098031768429,939.9355272588156,1315.9264750610714,1225.7707116306667,7.167022288652956,0.7375106600327364,0.7668118664773782,0.01282073047457121,0.014423847810224395,0.013435155212127585,0.015939031916921892,0.014846058423567017,0.8043606751900602,0.9049387619903765,0.9049644578254034,False,1e-24,False
UniGCN,random,8,208,base,0.0005146989618958349,7.74131049570434e-08,2.5402262118912875e-34,0.0006231847729914934,0.00077634422217097,0.8259171022826973,0.00012422175302107406,3.272035959497188e-31,6.996739149172398e-10,1.1505240243450274e-12,3.630922807035993e-39,7.548265176738051e-09,9.402779467471623e-09,0.09269334059347406,0.0001524223112736775,3.8615420255223077e-31,False,1e-24,True
UniGCN,random,8,208,restart,9431.274376991214,970.5098031768429,939.9355272588157,1315.9264750610685,1225.770711630663,7.167022288652969,0.7375106600327379,0.7668118664773805,0.012820730474571208,0.014423847810224395,0.013435155212127587,0.015939031916921857,0.014846058423566974,0.8043606751900616,0.9049387619903785,0.9049644578254061,False,1e-24,False
UniGCN,random,8,209,base,0.00048648451436765917,7.316952152380986e-08,2.408781548925467e-34,0.0005890234177535456,0.0007337870675197074,0.8259171022826977,0.00012422175302107406,3.2826710302587533e-31,6.613196254767632e-10,1.0874553140542187e-12,3.443039766387256e-39,7.1344890716272475e-09,8.887343751559537e-09,0.09269334059347409,0.0001524223112736775,3.8740931628565374e-31,False,1e-24,True
UniGCN,random,8,209,restart,9431.274376991212,970.5098031768431,939.9355272588155,1315.9264750610657,1225.77071163066,7.167022288652983,0.7375106600327396,0.7668118664773824,0.012820730474571204,0.014423847810224398,0.013435155212127584,0.015939031916921823,0.014846058423566936,0.8043606751900632,0.9049387619903805,0.9049644578254084,False,1e-24,False
UniGCN,random,8,210,base,0.0004598167088734753,6.915856020752675e-08,2.2578750050443555e-34,0.0005567346984371898,0.0006935627844997259,0.8259171022826975,0.00012422175302107406,3.255473124430955e-31,6.250678176168062e-10,1.027843865092664e-12,3.227338499569388e-39,6.74339508765976e-09,8.400162870098997e-09,0.09269334059347409,0.0001524223112736775,3.8419951487575785e-31,False,1e-24,True
UniGCN,random,8,210,restart,9431.274376991209,970.5098031768431,939.9355272588158,1315.9264750610635,1225.7707116306567,7.167022288652992,0.7375106600327409,0.7668118664773845,0.0128207304745712,0.014423847810224398,0.013435155212127589,0.015939031916921795,0.014846058423566896,0.8043606751900643,0.9049387619903821,0.9049644578254109,False,1e-24,False
UniGCN,random,8,211,base,0.0004346107625523427,6.536746927368811e-08,2.12421439999083e-34,0.0005262159620513376,0.0006555434912050888,0.8259171022826977,0.00012422175302107403,3.240386684468297e-31,5.908032388099233e-10,9.715001594593824e-13,3.0362880580696346e-39,6.373739850428023e-09,7.939687967150769e-09,0.09269334059347409,0.00015242231127367745,3.824190661688226e-31,False,1e-24,True
UniGCN,random,8,211,restart,9431.274376991207,970.509803176843,939.9355272588157,1315.9264750610614,1225.7707116306542,7.167022288653002,0.737510660032742,0.766811866477386,0.012820730474571197,0.014423847810224396,0.013435155212127587,0.01593903191692177,0.014846058423566866,0.8043606751900654,0.9049387619903835,0.9049644578254126,False,1e-24,False
UniGCN,random,8,212,base,0.0004107865401174523,6.1784196004438e-08,2.0189025569781562e-34,0.00049737018277271,0.0006196083158806311,0.8259171022826975,0.00012422175302107398,3.258352906559605e-31,5.584169543700249e-10,9.182450680332828e-13,2.8857584828468766e-39,6.024348144049297e-09,7.504455090997036e-09,0.09269334059347409,0.0001524223112736774,3.8453937665758983e-31,False,1e-24,True
UniGCN,random,8,212,restart,9431.274376991205,970.509803176843,939.9355272588157,1315.9264750610594,1225.7707116306522,7.167022288653011,0.737510660032743,0.7668118664773873,0.012820730474571196,0.014423847810224396,0.013435155212127587,0.015939031916921746,0.014846058423566842,0.8043606751900664,0.9049387619903847,0.9049644578254141,False,1e-24,False
UniGCN,random,8,213,base,0.00038826829908830034,5.839734838031067e-08,1.87877538203285e-34,0.00047010565347925504,0.0005856430126438755,0.8259171022826978,0.00012422175302107411,3.208055660992437e-31,5.278060011248825e-10,8.679092810820084e-13,2.685464921189774e-39,5.694109174894078e-09,7.093080539914616e-09,0.0926933405934741,0.00015242231127367755,3.7860347222591967e-31,False,1e-24,True
UniGCN,random,8,213,restart,9431.274376991203,970.509803176843,939.9355272588157,1315.926475061058,1225.77071163065,7.167022288653018,0.7375106600327439,0.7668118664773885,0.012820730474571192,0.014423847810224396,0.013435155212127587,0.01593903191692173,0.014846058423566816,0.8043606751900672,0.9049387619903858,0.9049644578254156,False,1e-24,False
UniGCN,random,8,214,base,0.00036698444898856377,5.519615886247688e-08,1.7875093937428022e-34,0.0004443356941928915,0.0005535395982720634,0.8259171022826975,0.00012422175302107411,3.2292349080765226e-31,4.988730600733943e-10,8.203327699887901e-13,2.5550120674880992e-39,5.381973040127077e-09,6.704256463080654e-09,0.09269334059347409,0.00015242231127367755,3.81102972650013e-31,False,1e-24,True
UniGCN,random,8,214,restart,9431.274376991203,970.5098031768431,939.9355272588156,1315.9264750610566,1225.7707116306485,7.167022288653025,0.7375106600327447,0.7668118664773895,0.012820730474571192,0.014423847810224398,0.013435155212127585,0.01593903191692171,0.014846058423566797,0.8043606751900679,0.9049387619903867,0.9049644578254168,False,1e-24,False
UniGCN,random,8,215,base,0.00034686732374411875,5.217045016035329e-08,1.6997921624229558e-34,0.00041997837650465785,0.0005231960088995723,0.8259171022826975,0.00012422175302107411,3.248863014070185e-31,4.715261469869252e-10,7.75364278486031e-13,2.4296317000710762e-39,5.086947389833549e-09,6.336746702625174e-09,0.09269334059347409,0.00015242231127367755,3.8341941284548016e-31,False,1e-24,True
UniGCN,random,8,215,restart,9431.274376991201,970.5098031768429,939.9355272588158,1315.9264750610555,1225.7707116306467,7.1670222886530315,0.7375106600327452,0.7668118664773907,0.01282073047457119,0.014423847810224395,0.013435155212127589,0.015939031916921698,0.014846058423566774,0.8043606751900686,0.9049387619903875,0.9049644578254182,False,1e-24,False
UniGCN,random,8,216,base,0.00032785296655760127,4.931060287574094e-08,1.59439510378946e-34,0.0003969562631061521,0.0004945157755342767,0.8259171022826978,0.00012422175302107411,3.2241541780277273e-31,4.4567831997106674e-10,7.328608417781221e-13,2.27898032020757e-39,4.80809427211909e-09,5.9893828636113665e-09,0.0926933405934741,0.00015242231127367755,3.805033627176462e-31,False,1e-24,True
UniGCN,random,8,216,restart,9431.274376991201,970.5098031768429,939.9355272588158,1315.9264750610544,1225.7707116306456,7.167022288653037,0.7375106600327459,0.7668118664773915,0.01282073047457119,0.014423847810224395,0.013435155212127589,0.015939031916921687,0.01484605842356676,0.8043606751900693,0.9049387619903883,0.9049644578254191,False,1e-24,False
UniGCN,random,8,217,base,0.000309880926575581,4.660752492062767e-08,1.5134728997723607e-34,0.0003751961615991746,0.0004674077173612532,0.8259171022826975,0.0001242217530210741,3.238014357821605e-31,4.2124740305809636e-10,6.926873320246901e-13,2.1633125600742925e-39,4.544527151152793e-09,5.6610605994492736e-09,0.09269334059347409,0.00015242231127367753,3.8213909250233903e-31,False,1e-24,True
UniGCN,random,8,217,restart,9431.274376991201,970.5098031768431,939.9355272588156,1315.9264750610537,1225.7707116306444,7.16702228865304,0.7375106600327463,0.7668118664773921,0.01282073047457119,0.014423847810224398,0.013435155212127585,0.015939031916921677,0.014846058423566748,0.8043606751900696,0.9049387619903888,0.9049644578254198,False,1e-24,False
UniGCN,random,8,218,base,0.00029289406670190857,4.405262261142635e-08,1.4288847056981729e-34,0.00035462889180088174,0.0004417856518587733,0.8259171022826975,0.00012422175302107411,3.2343393219908098e-31,3.981557249513736e-10,6.547160287392602e-13,2.0424047442143482e-39,4.2954080886734704e-09,5.350736100933363e-09,0.09269334059347409,0.00015242231127367755,3.8170537766907973e-31,False,1e-24,True
UniGCN,random,8,218,restart,9431.274376991201,970.5098031768431,939.9355272588156,1315.9264750610528,1225.7707116306435,7.167022288653045,0.7375106600327469,0.7668118664773926,0.01282073047457119,0.014423847810224398,0.013435155212127585,0.015939031916921666,0.014846058423566736,0.8043606751900702,0.9049387619903895,0.9049644578254205,False,1e-24,False
UniGCN,random,8,219,base,0.00027683838194622905,4.1637773347750994e-08,1.3582021000451485e-34,0.0003351890658046598,0.00041756812080497474,0.8259171022826977,0.00012422175302107406,3.252647968975335e-31,3.7632987209108195e-10,6.188262127375367e-13,1.9413731574505784e-39,4.059945079998302e-09,5.057422777741829e-09,0.09269334059347409,0.0001524223112736775,3.8386609994219503e-31,False,1e-24,True
UniGCN,random,8,219,restart,9431.2743769912,970.5098031768431,939.9355272588156,1315.9264750610523,1225.7707116306428,7.1670222886530475,0.7375106600327472,0.7668118664773931,0.012820730474571187,0.014423847810224398,0.013435155212127585,0.01593903191692166,0.014846058423566727,0.8043606751900704,0.9049387619903899,0.9049644578254209,False,1e-24,False
UniGCN,random,8,220,base,0.0002616628277301556,3.935529978887104e-08,1.2829816624029266e-34,0.0003168148800974856,0.00039467813130413085,0.8259171022826975,0.00012422175302107403,3.250703701681124e-31,3.5570045525626074e-10,5.849037823443769e-13,1.8338553303720894e-39,3.837389536064506e-09,4.780188121847427e-09,0.09269334059347409,0.00015242231127367745,3.836366443384553e-31,False,1e-24,True
UniGCN,random,8,220,restart,9431.2743769912,970.509803176843,939.9355272588157,1315.9264750610514,1225.770711630642,7.167022288653052,0.7375106600327476,0.7668118664773937,0.012820730474571187,0.014423847810224396,0.013435155212127587,0.01593903191692165,0.014846058423566717,0.8043606751900709,0.9049387619903903,0.9049644578254217,False,1e-24,False
UniGCN,random,8,221,base,0.00024731915760524734,3.719794544574443e-08,1.2118101618900426e-34,0.0002994479190728686,0.00037304291100918,0.8259171022826975,0.00012422175302107398,3.248447098516829e-31,3.362018889611007e-10,5.528408906392895e-13,1.732124932026659e-39,3.6270339034988926e-09,4.5181507428678895e-09,0.09269334059347409,0.0001524223112736774,3.833703279512971e-31,False,1e-24,True
UniGCN,random,8,221,restart,9431.2743769912,970.509803176843,939.9355272588157,1315.926475061051,1225.770711630641,7.167022288653054,0.7375106600327478,0.7668118664773942,0.012820730474571187,0.014423847810224396,0.013435155212127587,0.015939031916921646,0.014846058423566707,0.8043606751900712,0.9049387619903906,0.9049644578254222,False,1e-24,False
UniGCN,random,8,222,base,0.00023376176986686275,3.515885161103158e-08,1.1337972755038762e-34,0.00028303296931469764,0.0003525936767623145,0.8259171022826975,0.00012422175302107398,3.215591629194689e-31,3.177721829441566e-10,5.225356025871854e-13,1.6206156628536025e-39,3.428209415148954e-09,4.270477565930662e-09,0.09269334059347409,0.0001524223112736774,3.794928407498667e-31,False,1e-24,True
UniGCN,random,8,222,restart,9431.274376991198,970.509803176843,939.9355272588157,1315.9264750610505,1225.7707116306406,7.1670222886530555,0.737510660032748,0.7668118664773945,0.012820730474571185,0.014423847810224396,0.013435155212127587,0.01593903191692164,0.014846058423566701,0.8043606751900713,0.9049387619903908,0.9049644578254227,False,1e-24,False
UniGCN,random,8,223,base,0.00022094756257623891,3.32315355537454e-08,1.086251107958236e-34,0.0002675178440615609,0.00033326541591808476,0.8259171022826975,0.00012422175302107398,3.2594174374974205e-31,3.003527450875745e-10,4.938915709643207e-13,1.5526546035902683e-39,3.240283963923945e-09,4.0363811831433425e-09,0.09269334059347409,0.0001524223112736774,3.8466500886349244e-31,False,1e-24,True
UniGCN,random,8,223,restart,9431.274376991198,970.509803176843,939.9355272588157,1315.92647506105,1225.7707116306403,7.167022288653057,0.7375106600327482,0.7668118664773947,0.012820730474571185,0.014423847810224396,0.013435155212127587,0.01593903191692163,0.014846058423566698,0.8043606751900715,0.9049387619903911,0.9049644578254229,False,1e-24,False
UniGCN,random,8,224,base,0.000208835796529881,3.140986990921353e-08,1.0299301883624288e-34,0.00025285321729347123,0.0003149966796537994,0.8259171022826974,0.00012422175302107398,3.2696541103048612e-31,2.8388819513977027e-10,4.668177300491311e-13,1.4721511781408468e-39,3.0626600931864247e-09,3.8151173502495785e-09,0.09269334059347407,0.0001524223112736774,3.8587310506832537e-31,False,1e-24,True
UniGCN,random,8,224,restart,9431.274376991196,970.5098031768428,939.9355272588157,1315.9264750610496,1225.7707116306397,7.167022288653058,0.7375106600327485,0.7668118664773952,0.012820730474571183,0.014423847810224393,0.013435155212127587,0.015939031916921628,0.01484605842356669,0.8043606751900716,0.9049387619903914,0.9049644578254235,False,1e-24,False
UniGCN,random,8,225,base,0.00019738796574060975,2.9688063198828756e-08,9.73671911131021e-35,0.00023899246691352221,0.000297729387610105,0.8259171022826975,0.000124221753021074,3.2703251732949665e-31,2.683261886493423e-10,4.4122800610412954e-13,1.3917372917996035e-39,2.8947730973052595e-09,3.6059826205117048e-09,0.09269334059347409,0.00015242231127367742,3.8595230156769582e-31,False,1e-24,True
UniGCN,random,8,225,restart,9431.274376991196,970.509803176843,939.9355272588157,1315.9264750610494,1225.7707116306392,7.167022288653061,0.7375106600327488,0.7668118664773954,0.012820730474571183,0.014423847810224396,0.013435155212127587,0.015939031916921625,0.014846058423566684,0.8043606751900719,0.9049387619903918,0.9049644578254237,False,1e-24,False
UniGCN,random,8,226,base,0.00018656767501849843,2.8060641417655535e-08,9.208791224123457e-35,0.0002258915265259145,0.00028140864324065884,0.8259171022826975,0.00012422175302107398,3.272391038909263e-31,2.5361725055046487e-10,4.17041043728429e-13,1.316276870318891e-39,2.736089226331329e-09,3.408312108297748e-09,0.09269334059347409,0.0001524223112736774,3.8619610777849044e-31,False,1e-24,True
UniGCN,random,8,226,restart,9431.274376991196,970.509803176843,939.9355272588157,1315.9264750610494,1225.7707116306392,7.167022288653061,0.7375106600327488,0.7668118664773955,0.012820730474571183,0.014423847810224396,0.013435155212127587,0.015939031916921625,0.014846058423566684,0.8043606751900719,0.9049387619903918,0.9049644578254238,False,1e-24,False
UniGCN,random,8,227,base,0.0001763405242625028,2.6522430631355895e-08,8.725087887289707e-35,0.00021350874533912292,0.0002659825592838477,0.8259171022826975,0.00012422175302107392,3.2803233079574155e-31,2.3971461787069576e-10,3.9417994721090234e-13,1.2471377728114506e-39,2.5861039890882135e-09,3.2214773752627232e-09,0.09269334059347409,0.0001524223112736773,3.8713224633767356e-31,False,1e-24,True
UniGCN,random,8,227,restart,9431.274376991196,970.509803176843,939.9355272588157,1315.926475061049,1225.7707116306387,7.167022288653062,0.737510660032749,0.7668118664773957,0.012820730474571183,0.014423847810224396,0.013435155212127587,0.015939031916921618,0.014846058423566679,0.804360675190072,0.904938761990392,0.9049644578254241,False,1e-24,False
UniGCN,random,8,228,base,0.0001666739990949189,2.5068540527105963e-08,8.239351027998156e-35,0.00020180475574880296,0.0002514020928016891,0.8259171022826977,0.00012422175302107398,3.2773597610810332e-31,2.2657409106112696e-10,3.7257203606168227e-13,1.1777080097311534e-39,2.4443405492829817e-09,3.0448844324039213e-09,0.09269334059347409,0.0001524223112736774,3.8678249893423996e-31,False,1e-24,True
UniGCN,random,8,228,restart,9431.274376991196,970.509803176843,939.9355272588157,1315.926475061049,1225.7707116306385,7.167022288653062,0.737510660032749,0.7668118664773959,0.012820730474571183,0.014423847810224396,0.013435155212127587,0.015939031916921618,0.014846058423566675,0.804360675190072,0.904938761990392,0.9049644578254242,False,1e-24,False
UniGCN,random,8,229,base,0.00015753736749097457,2.3694348866208217e-08,7.745345666370377e-35,0.0001907423481794571,0.0002376208892614683,0.8259171022826977,0.00012422175302107398,3.2595390457644973e-31,2.1415389347622866e-10,3.521486139447839e-13,1.1070963718409635e-39,2.3103482095379978e-09,2.8779718516383e-09,0.09269334059347409,0.0001524223112736774,3.8467936064445637e-31,False,1e-24,True
UniGCN,random,8,229,restart,9431.274376991196,970.509803176843,939.9355272588157,1315.9264750610487,1225.7707116306383,7.1670222886530635,0.7375106600327491,0.7668118664773961,0.012820730474571183,0.014423847810224396,0.013435155212127587,0.015939031916921618,0.014846058423566674,0.8043606751900723,0.9049387619903921,0.9049644578254245,False,1e-24,False
UniGCN,random,8,230,base,0.000148901582074915,2.23954867889709e-08,7.349177547573403e-35,0.0001802863527869514,0.0002245951351644103,0.8259171022826973,0.00012422175302107406,3.272189106942849e-31,2.0241453855663889e-10,3.3284475027723757e-13,1.0504692946449724e-39,2.1837009785241204e-09,2.72020898089824e-09,0.09269334059347406,0.0001524223112736775,3.8617227647638205e-31,False,1e-24,True
UniGCN,random,8,230,restart,9431.274376991196,970.509803176843,939.9355272588157,1315.9264750610484,1225.7707116306378,7.167022288653064,0.7375106600327492,0.7668118664773963,0.012820730474571183,0.014423847810224396,0.013435155212127587,0.015939031916921614,0.014846058423566668,0.8043606751900723,0.9049387619903924,0.9049644578254248,False,1e-24,False
UniGCN,random,8,231,base,0.0001407391877719607,2.1167824925135147e-08,6.930036530801839e-35,0.00017040352764579036,0.00021228341875286204,0.8259171022826975,0.00012422175302107411,3.2645208803942003e-31,1.913187042926444e-10,3.145990738003801e-13,9.905585406327524e-40,2.0639962166399026e-09,2.571094257071075e-09,0.09269334059347409,0.00015242231127367755,3.8526729928648025e-31,False,1e-24,True
UniGCN,random,8,231,restart,9431.274376991196,970.509803176843,939.9355272588157,1315.9264750610482,1225.7707116306378,7.167022288653065,0.7375106600327493,0.7668118664773963,0.012820730474571183,0.014423847810224396,0.013435155212127587,0.01593903191692161,0.014846058423566668,0.8043606751900724,0.9049387619903925,0.9049644578254248,False,1e-24,False
UniGCN,random,8,232,base,0.00013302423452254326,2.0007460265692315e-08,6.620718052589659e-35,0.00016106245306567255,0.00020064659835314157,0.8259171022826977,0.00012422175302107411,3.299691151971128e-31,1.8083111456924444e-10,2.973535774670303e-13,9.463454893729563e-40,1.950853355931111e-09,2.4301536114188555e-09,0.09269334059347409,0.00015242231127367755,3.894179713275115e-31,False,1e-24,True
UniGCN,random,8,232,restart,9431.274376991196,970.509803176843,939.9355272588157,1315.926475061048,1225.7707116306378,7.167022288653066,0.7375106600327495,0.7668118664773963,0.012820730474571183,0.014423847810224396,0.013435155212127587,0.015939031916921607,0.014846058423566668,0.8043606751900725,0.9049387619903926,0.9049644578254248,False,1e-24,False
UniGCN,random,8,233,base,0.00012573219478131752,1.8910703754353773e-08,6.196387624052962e-35,0.00015223343170133496,0.00018964767793548708,0.8259171022826974,0.000124221753021074,3.267315314116739e-31,1.7091842701556707e-10,2.8105343402423686e-13,8.856929764793846e-40,1.8439126901808983e-09,2.2969389624088187e-09,0.09269334059347407,0.00015242231127367742,3.8559708854890566e-31,False,1e-24,True
UniGCN,random,8,233,restart,9431.274376991196,970.509803176843,939.9355272588157,1315.926475061048,1225.7707116306374,7.167022288653066,0.7375106600327495,0.7668118664773965,0.012820730474571183,0.014423847810224396,0.013435155212127587,0.015939031916921607,0.014846058423566661,0.8043606751900725,0.9049387619903926,0.904964457825425,False,1e-24,False
UniGCN,random,8,234,base,0.00011883988553866204,1.7874068559223785e-08,5.855561905439491e-35,0.00014388839413811426,0.00017925168949548304,0.8259171022826978,0.00012422175302107403,3.2666704129374723e-31,1.6154912700208658e-10,2.65646821705296e-13,8.369763752119443e-40,1.7428342313240584e-09,2.1710267911629366e-09,0.0926933405934741,0.00015242231127367745,3.855209795746501e-31,False,1e-24,True
UniGCN,random,8,234,restart,9431.274376991196,970.509803176843,939.9355272588157,1315.926475061048,1225.7707116306374,7.167022288653066,0.7375106600327495,0.7668118664773965,0.012820730474571183,0.014423847810224396,0.013435155212127587,0.015939031916921607,0.014846058423566661,0.8043606751900725,0.9049387619903926,0.904964457825425,False,1e-24,False
UniGCN,random,8,235,base,0.00011232539461675573,1.6894258987388476e-08,5.496705733132116e-35,0.00013600080965305963,0.00016942558188302837,0.8259171022826975,0.00012422175302107403,3.244318639511622e-31,1.5269342744863486e-10,2.510847594768752e-13,7.856825552215439e-40,1.6472966285496564e-09,2.052016794997591e-09,0.09269334059347409,0.00015242231127367745,3.828831017060298e-31,False,1e-24,True
UniGCN,random,8,235,restart,9431.274376991196,970.509803176843,939.9355272588157,1315.926475061048,1225.7707116306372,7.167022288653066,0.7375106600327495,0.7668118664773966,0.012820730474571183,0.014423847810224396,0.013435155212127587,0.015939031916921607,0.01484605842356666,0.8043606751900725,0.9049387619903926,0.9049644578254251,False,1e-24,False
UniGCN,random,8,236,base,0.00010616801100591123,1.5968160007178077e-08,5.221709449995495e-35,0.00012854560186788781,0.00016013811572540906,0.8259171022826975,0.00012422175302107406,3.2607536477756667e-31,1.4432317412467593e-10,2.3732095131745904e-13,7.463754151087161e-40,1.556996146655618e-09,1.939530614772669e-09,0.09269334059347409,0.0001524223112736775,3.848227037118454e-31,False,1e-24,True
UniGCN,random,8,236,restart,9431.274376991196,970.509803176843,939.9355272588157,1315.9264750610475,1225.770711630637,7.167022288653069,0.7375106600327497,0.7668118664773967,0.012820730474571183,0.014423847810224396,0.013435155212127587,0.015939031916921604,0.014846058423566656,0.8043606751900728,0.9049387619903929,0.9049644578254252,False,1e-24,False
UniGCN,random,8,237,base,0.00010034815901968693,1.50928273447912e-08,4.948612544575334e-35,0.00012149906902562168,0.00015135976411041223,0.8259171022826977,0.000124221753021074,3.26943727328055e-31,1.3641175614076996e-10,2.2431163903204128e-13,7.07339766323613e-40,1.4716457004072393e-09,1.8332106320040448e-09,0.09269334059347409,0.00015242231127367742,3.8584751472358495e-31,False,1e-24,True
UniGCN,random,8,237,restart,9431.274376991196,970.509803176843,939.9355272588157,1315.9264750610475,1225.770711630637,7.167022288653069,0.7375106600327497,0.7668118664773967,0.012820730474571183,0.014423847810224396,0.013435155212127587,0.015939031916921604,0.014846058423566656,0.8043606751900728,0.9049387619903929,0.9049644578254252,False,1e-24,False
UniGCN,random,8,238,base,9.48473360594436e-05,1.426547812379626e-08,4.61955781059931e-35,0.00011483880863745448,0.00014306261871373168,0.8259171022826974,0.0001242217530210741,3.229046030426051e-31,1.2893402134666132e-10,2.1201546313513051e-13,6.603056741327778e-40,1.3909739418296327e-09,1.7327188319152002e-09,0.09269334059347407,0.00015242231127367753,3.8108068197246524e-31,False,1e-24,True
UniGCN,random,8,238,restart,9431.274376991196,970.509803176843,939.9355272588157,1315.9264750610475,1225.770711630637,7.167022288653069,0.7375106600327497,0.7668118664773967,0.012820730474571183,0.014423847810224396,0.013435155212127587,0.015939031916921604,0.014846058423566656,0.8043606751900728,0.9049387619903929,0.9049644578254252,False,1e-24,False
UniGCN,random,8,239,base,8.964805379048497e-05,1.3483482017750779e-08,4.3976165697689743e-35,0.0001085436462602756,0.00013522030107222279,0.8259171022826975,0.00012422175302107403,3.2521866427587336e-31,1.2186619636702148e-10,2.003933313597827e-13,6.28582061905631e-40,1.3147243975324079e-09,1.6377357288133767e-09,0.09269334059347409,0.00015242231127367745,3.838116558408791e-31,False,1e-24,True
UniGCN,random,8,239,restart,9431.274376991196,970.509803176843,939.9355272588157,1315.9264750610475,1225.770711630637,7.167022288653069,0.7375106600327497,0.7668118664773967,0.012820730474571183,0.014423847810224396,0.013435155212127587,0.015939031916921604,0.014846058423566656,0.8043606751900728,0.9049387619903929,0.9049644578254252,False,1e-24,False
UniGCN,random,8,240,base,8.473378254276754e-05,1.2744352887811091e-08,4.1543741083512334e-35,0.00010259356817842545,0.0001278078787209252,0.8259171022826978,0.00012422175302107406,3.2504835773250835e-31,1.1518581102062254e-10,1.894082943746272e-13,5.9381371739100294e-40,1.2426546533239518e-09,1.5479593503737885e-09,0.0926933405934741,0.0001524223112736775,3.8361066603435923e-31,False,1e-24,True
UniGCN,random,8,240,restart,9431.274376991196,970.509803176843,939.9355272588157,1315.9264750610475,1225.770711630637,7.167022288653069,0.7375106600327497,0.7668118664773967,0.012820730474571183,0.014423847810224396,0.013435155212127587,0.015939031916921604,0.014846058423566656,0.8043606751900728,0.9049387619903929,0.9049644578254252,False,1e-24,False
UniGCN,random,8,241,base,8.008889875941807e-05,1.2045740878746126e-08,3.945150026055595e-35,9.696965777566014e-05,0.00012080178592723351,0.8259171022826975,0.00012422175302107406,3.2658043883821437e-31,1.0887162688265367e-10,1.7902542831375544e-13,5.6390785748639216e-40,1.1745355835230153e-09,1.4631042776027087e-09,0.09269334059347409,0.0001524223112736775,3.8541877439546097e-31,False,1e-24,True
UniGCN,random,8,241,restart,9431.274376991196,970.509803176843,939.9355272588157,1315.9264750610475,1225.770711630637,7.167022288653069,0.7375106600327497,0.7668118664773967,0.012820730474571183,0.014423847810224396,0.013435155212127587,0.015939031916921604,0.014846058423566656,0.8043606751900728,0.9049387619903929,0.9049644578254252,False,1e-24,False
UniGCN,random,8,242,base,7.56986353259855e-05,1.1385424948227178e-08,3.709276260621691e-35,9.16540353950379e-05,0.00011417974877021348,0.8259171022826975,0.00012422175302107406,3.2486288510641253e-31,1.0290356976306415e-10,1.6921172374601649e-13,5.301927721728771e-40,1.1101506225174163e-09,1.382900737427266e-09,0.09269334059347409,0.0001524223112736775,3.8339177774916966e-31,False,1e-24,True
UniGCN,random,8,242,restart,9431.274376991196,970.509803176843,939.9355272588157,1315.9264750610475,1225.770711630637,7.167022288653069,0.7375106600327497,0.7668118664773967,0.012820730474571183,0.014423847810224396,0.013435155212127587,0.015939031916921604,0.014846058423566656,0.8043606751900728,0.9049387619903929,0.9049644578254252,False,1e-24,False
UniGCN,random,8,243,base,7.154903462251299e-05,1.0761305805642336e-08,3.500489084112585e-35,8.662980149552945e-05,0.00010792071432687326,0.8259171022826977,0.00012422175302107411,3.243574790943476e-31,9.72626658862665e-11,1.5993598073072296e-13,5.003493622649407e-40,1.0492950762539905e-09,1.3070937450270876e-09,0.09269334059347409,0.00015242231127367755,3.8279531530813945e-31,False,1e-24,True
UniGCN,random,8,243,restart,9431.274376991196,970.509803176843,939.9355272588157,1315.9264750610475,1225.770711630637,7.167022288653069,0.7375106600327497,0.766811866477397,0.012820730474571183,0.014423847810224396,0.013435155212127587,0.015939031916921604,0.014846058423566656,0.8043606751900728,0.9049387619903929,0.9049644578254256,False,1e-24,False
UniGCN,random,8,244,base,6.762690414917218e-05,1.0171399237986588e-08,3.3270633784174316e-35,8.18809829246333e-05,0.00010200478374025777,0.8259171022826977,0.00012422175302107417,3.261673870991557e-31,9.193098156930075e-11,1.5116870962612811e-13,4.755604144465488e-40,9.91775471470849e-10,1.2354422931810724e-09,0.09269334059347409,0.0001524223112736776,3.8493130522677393e-31,False,1e-24,True
UniGCN,random,8,244,restart,9431.274376991196,970.509803176843,939.9355272588157,1315.9264750610475,1225.770711630637,7.167022288653069,0.7375106600327497,0.766811866477397,0.012820730474571183,0.014423847810224396,0.013435155212127587,0.015939031916921604,0.014846058423566656,0.8043606751900728,0.9049387619903929,0.9049644578254256,False,1e-24,False
UniGCN,random,8,245,base,6.391977458438408e-05,9.61382980160917e-09,3.1306650024235243e-35,7.739248213618588e-05,9.641314895657449e-05,0.8259171022826975,0.00012422175302107406,3.247134894259713e-31,8.689156620668407e-11,1.428820373353228e-13,4.474878223552258e-40,9.374089406030267e-10,1.1677185860520476e-09,0.09269334059347409,0.0001524223112736775,3.8321546620932213e-31,False,1e-24,True
UniGCN,random,8,245,restart,9431.274376991196,970.509803176843,939.9355272588157,1315.9264750610473,1225.770711630637,7.16702228865307,0.7375106600327498,0.766811866477397,0.012820730474571183,0.014423847810224396,0.013435155212127587,0.0159390319169216,0.014846058423566656,0.8043606751900729,0.904938761990393,0.9049644578254256,False,1e-24,False
UniGCN,random,8,246,base,6.04158601420835e-05,9.086824859762776e-09,2.9423704320732427e-35,7.315002919191782e-05,9.112803293022433e-05,0.8259171022826974,0.0001242217530210741,3.228831279970875e-31,8.212839838068083e-11,1.3504961869148616e-13,4.2057356382480714e-40,8.860226404059814e-10,1.103707314973345e-09,0.09269334059347407,0.00015242231127367753,3.8105533787729246e-31,False,1e-24,True
UniGCN,random,8,246,restart,9431.274376991196,970.509803176843,939.9355272588157,1315.9264750610473,1225.770711630637,7.16702228865307,0.7375106600327498,0.766811866477397,0.012820730474571183,0.014423847810224396,0.013435155212127587,0.0159390319169216,0.014846058423566656,0.8043606751900729,0.904938761990393,0.9049644578254256,False,1e-24,False
UniGCN,random,8,247,base,5.710402110209453e-05,8.588708946998634e-09,2.79864860531906e-35,6.914013639415932e-05,8.613263310663573e-05,0.8259171022826974,0.00012422175302107406,3.2492314519796675e-31,7.762633492566693e-11,1.2764655270076393e-13,4.000303989606785e-40,8.374532024486352e-10,1.0432049739348536e-09,0.09269334059347407,0.0001524223112736775,3.8346289459472968e-31,False,1e-24,True
UniGCN,random,8,247,restart,9431.274376991196,970.509803176843,939.9355272588157,1315.9264750610473,1225.770711630637,7.16702228865307,0.7375106600327498,0.766811866477397,0.012820730474571183,0.014423847810224396,0.013435155212127587,0.0159390319169216,0.014846058423566656,0.8043606751900729,0.904938761990393,0.9049644578254256,False,1e-24,False
UniGCN,random,8,248,base,5.3973728394492454e-05,8.117898442490739e-09,2.6506736696600205e-35,6.535005540546144e-05,8.141106800322172e-05,0.8259171022826975,0.00012422175302107406,3.255913151213204e-31,7.337106278465164e-11,1.2064930337649368e-13,3.788793075248468e-40,7.915462137289419e-10,9.860192125923357e-10,0.09269334059347409,0.0001524223112736775,3.8425144529257e-31,False,1e-24,True
UniGCN,random,8,248,restart,9431.274376991196,970.509803176843,939.9355272588157,1315.9264750610473,1225.770711630637,7.16702228865307,0.7375106600327498,0.766811866477397,0.012820730474571183,0.014423847810224396,0.013435155212127587,0.0159390319169216,0.014846058423566656,0.8043606751900729,0.904938761990393,0.9049644578254256,False,1e-24,False
UniGCN,random,8,249,base,5.101503012535817e-05,7.672896535354444e-09,2.4752751215877674e-35,6.176773671880763e-05,7.694832671862882e-05,0.8259171022826975,0.00012422175302107398,3.216801751438885e-31,6.934905350489912e-11,1.1403562491308927e-13,3.5380836756149684e-40,7.481557257607513e-10,9.319682247430735e-10,0.09269334059347409,0.0001524223112736774,3.7963565513087677e-31,False,1e-24,True
UniGCN,random,8,249,restart,9431.274376991196,970.509803176843,939.9355272588157,1315.9264750610473,1225.7707116306367,7.16702228865307,0.7375106600327498,0.7668118664773971,0.012820730474571183,0.014423847810224396,0.013435155212127587,0.0159390319169216,0.014846058423566654,0.8043606751900729,0.904938761990393,0.9049644578254257,False,1e-24,False
UniGCN,random,8,250,base,4.821851993750292e-05,7.252288465953105e-09,2.3485436374208913e-35,5.838179134956154e-05,7.27302212097565e-05,0.8259171022826975,0.00012422175302107395,3.2291165877903895e-31,6.55475202279802e-11,1.0778449096169759e-13,3.356937510727381e-40,7.071437905712396e-10,8.808801703236784e-10,0.09269334059347409,0.00015242231127367736,3.810890089050227e-31,False,1e-24,True
UniGCN,random,8,250,restart,9431.274376991196,970.509803176843,939.9355272588157,1315.9264750610473,1225.7707116306367,7.16702228865307,0.7375106600327498,0.7668118664773971,0.012820730474571183,0.014423847810224396,0.013435155212127587,0.0159390319169216,0.014846058423566654,0.8043606751900729,0.904938761990393,0.9049644578254257,False,1e-24,False
UniGCN,random,8,251,base,4.5575307105575145e-05,6.85473702806379e-09,2.231941658554344e-35,5.518145462736221e-05,6.874334118482538e-05,0.8259171022826975,0.00012422175302107403,3.246775062261638e-31,6.195437703751722e-11,1.018760277827775e-13,3.190270155501226e-40,6.683800221337477e-10,8.325926290924647e-10,0.09269334059347409,0.00015242231127367745,3.831730000995393e-31,False,1e-24,True
UniGCN,random,8,251,restart,9431.274376991196,970.509803176843,939.9355272588157,1315.9264750610473,1225.7707116306367,7.1670222886530714,0.7375106600327499,0.7668118664773971,0.012820730474571183,0.014423847810224396,0.013435155212127587,0.0159390319169216,0.014846058423566654,0.8043606751900731,0.9049387619903931,0.9049644578254257,False,1e-24,False
UniGCN,random,8,252,base,4.307698827047521e-05,6.478978317602491e-09,2.1207717826171485e-35,5.2156551972852455e-05,6.497501146908899e-05,0.8259171022826975,0.00012422175302107406,3.263980620651491e-31,5.855820053537846e-11,9.629145106307965e-14,3.0313672845261272e-40,6.317411818417206e-10,7.869520842595233e-10,0.09269334059347409,0.0001524223112736775,3.8520353972738633e-31,False,1e-24,True
UniGCN,random,8,252,restart,9431.274376991196,970.509803176843,939.9355272588157,1315.9264750610473,1225.7707116306367,7.1670222886530714,0.7375106600327499,0.7668118664773971,0.012820730474571183,0.014423847810224396,0.013435155212127587,0.0159390319169216,0.014846058423566654,0.8043606751900731,0.9049387619903931,0.9049644578254257,False,1e-24,False
UniGCN,random,8,253,base,4.071562072321534e-05,6.123817714393072e-09,1.9950155896190084e-35,4.9297466550437246e-05,6.141325170764567e-05,0.8259171022826975,0.000124221753021074,3.2485099455670703e-31,5.534819352416516e-11,9.101300619615367e-14,2.8516151714483693e-40,5.971107867058775e-10,7.438134344228397e-10,0.09269334059347409,0.00015242231127367742,3.8337774493963983e-31,False,1e-24,True
UniGCN,random,8,253,restart,9431.274376991196,970.509803176843,939.9355272588157,1315.9264750610473,1225.7707116306367,7.1670222886530714,0.7375106600327499,0.7668118664773971,0.012820730474571183,0.014423847810224396,0.013435155212127587,0.0159390319169216,0.014846058423566654,0.8043606751900731,0.9049387619903931,0.9049644578254257,False,1e-24,False
UniGCN,random,8,254,base,3.848369715328835e-05,5.788126084205126e-09,1.8946436525841804e-35,4.6595108694233136e-05,5.804673827723643e-05,0.8259171022826973,0.00012422175302107398,3.2639967529875535e-31,5.231415068052927e-11,8.602391183652175e-14,2.7081465489847044e-40,5.643787390289866e-10,7.030395322587964e-10,0.09269334059347406,0.0001524223112736774,3.8520544360908098e-31,False,1e-24,True
UniGCN,random,8,254,restart,9431.274376991196,970.509803176843,939.9355272588157,1315.9264750610473,1225.7707116306367,7.1670222886530714,0.7375106600327499,0.7668118664773971,0.012820730474571183,0.014423847810224396,0.013435155212127587,0.0159390319169216,0.014846058423566654,0.8043606751900731,0.9049387619903931,0.9049644578254257,False,1e-24,False
UniGCN,random,8,255,base,3.637412178126457e-05,5.4708361889861014e-09,1.7908716836129581e-35,4.4040887010006866e-05,5.486476828593831e-05,0.8259171022826977,0.00012422175302107406,3.264156105206688e-31,4.9446426110189866e-11,8.130830654806355e-14,2.5598180233184367e-40,5.334409763808971e-10,6.645007485004497e-10,0.09269334059347409,0.0001524223112736775,3.852242497988254e-31,False,1e-24,True
UniGCN,random,8,255,restart,9431.274376991196,970.509803176843,939.9355272588157,1315.9264750610473,1225.7707116306367,7.1670222886530714,0.7375106600327499,0.7668118664773971,0.012820730474571183,0.014423847810224396,0.013435155212127587,0.0159390319169216,0.014846058423566654,0.8043606751900731,0.9049387619903931,0.9049644578254257,False,1e-24,False
UniGCN,random,8,256,base,3.438018779973721e-05,5.170939293875144e-09,1.687718575951027e-35,4.1626681061230095e-05,5.185722554630013e-05,0.8259171022826977,0.000124221753021074,3.2545485381669074e-31,4.673590268149853e-11,7.685119837699742e-14,2.412374079360593e-40,5.041991407610234e-10,6.280745598173769e-10,0.09269334059347409,0.00015242231127367742,3.8409039844919545e-31,False,1e-24,True
UniGCN,random,8,256,restart,9431.274376991196,970.509803176843,939.9355272588157,1315.9264750610473,1225.7707116306367,7.16702228865307,0.7375106600327498,0.7668118664773971,0.012820730474571183,0.014423847810224396,0.013435155212127587,0.0159390319169216,0.014846058423566654,0.8043606751900729,0.904938761990393,0.9049644578254257,False,1e-24,False
UniGCN,random,9,0,base,736530.4731815937,67381.79702273174,70068.06390207217,82560.00000000001,82583.32878628054,8.921153987180155,0.8161554871939405,0.8484528891224894,1.0,1.0,1.0,1.0,1.0,1.0,1.0,1.0,False,1e-24,False
UniGCN,random,9,0,restart,736530.4731815937,67381.79702273174,70068.06390207217,82560.00000000001,82583.32878628054,8.921153987180155,0.8161554871939405,0.8484528891224894,1.0,1.0,1.0,1.0,1.0,1.0,1.0,1.0,False,1e-24,False
UniGCN,random,9,1,base,14263.434397987376,2544.570029738,1870.8900860800923,4017.2934155191724,2878.3906282444564,3.5505084948205234,0.6334040774587419,0.6499778270960939,0.019365708436167698,0.037763463460013844,0.026701038702808558,0.048659077222858185,0.03485437885040352,0.39798758097020437,0.7760826060686989,0.7660741514691901,False,1e-24,False
UniGCN,random,9,1,restart,33597.48376908383,4669.5716575777915,3873.3113473817425,6755.256020094858,5347.4623236919,4.9735322642312,0.6912501382164078,0.7243270009067778,0.04561587740416584,0.06930019476925611,0.05527926892335888,0.08182238396432724,0.06475232231835472,0.5574987576022393,0.8469588810742728,0.8537032641328047,False,1e-24,False
UniGCN,random,9,2,base,1330.5354267549837,291.7351763051177,188.7354152081829,615.7371501217799,434.9987562253393,2.160882166183787,0.4737982371981592,0.4338757582801309,0.0018064906683459606,0.004329584386220788,0.0026936011172216975,0.007458056566397526,0.005267391889119455,0.2422200277328483,0.5805244768091254,0.5113728338280114,False,1e-24,False
UniGCN,random,9,2,restart,12716.972002566039,1605.1206804580718,1386.043946267136,2385.121341335866,1962.6741569338558,5.331792467817792,0.6729723358892385,0.7062017611891586,0.01726605003542146,0.023821280395899393,0.019781393534781908,0.028889551130521628,0.023765985045397106,0.597657262219626,0.8245638808396839,0.8323405698100059,False,1e-24,False
UniGCN,random,9,3,base,299.0535836748893,55.07841253432753,35.699522669622155,183.90964424434534,157.21538903865363,1.62608972957156,0.29948626544646817,0.22707397086200592,0.000406030157018577,0.000817407890082635,0.0005094977751849425,0.002227587745207671,0.001903718236467741,0.18227347402682184,0.36694756102926523,0.26763297499859623,False,1e-24,False
UniGCN,random,9,3,restart,10222.746796622656,1138.537728674976,1051.3498722611691,1636.2257555784229,1443.643295406634,6.247760592797176,0.6958316875243729,0.7282615280425163,0.013879597883388876,0.016896814554988523,0.015004694203204277,0.01981862591543632,0.01748104994826104,0.7003309887684162,0.852572455178537,0.8583405600701286,False,1e-24,False
UniGCN,random,9,4,base,120.08613157390654,13.808639032966145,9.59378073921555,93.788923674199,97.47949761165677,1.2803871381556522,0.14723102144699046,0.09841844669158725,0.00016304299135807646,0.0002049312966275996,0.00013692087671530234,0.0011360092499297357,0.0011803774326405077,0.14352259135932297,0.18039579927740462,0.11599753852376686,False,1e-24,False
UniGCN,random,9,4,restart,9691.525632815765,1025.8723623004316,975.7784132911187,1436.1596275831923,1310.9069358932882,6.748223140853027,0.7143163911568778,0.7443536887126136,0.013158349838467975,0.015224770006569372,0.013926150644819819,0.017395344326346804,0.015873747827310485,0.7564293980969654,0.8752209626290696,0.8773070352585632,False,1e-24,False
UniGCN,random,9,5,base,71.76432380936737,4.241924250659105,3.2549132487113397,67.41920211749078,77.76396226017033,1.064449319413546,0.06291863619606095,0.041856319484102,9.743564784138086e-05,6.295356369359014e-05,4.6453591942549445e-05,0.0008166085527796847,0.0009416423799217106,0.1193174471534935,0.0770914821787013,0.04933252042714099,False,1e-24,False
UniGCN,random,9,5,restart,9534.905731643128,991.2236493871496,953.2523660541791,1368.1081581163799,1265.7483762243307,6.969409308084857,0.7245214082721886,0.7531136392982681,0.012945704324296531,0.014710555271370294,0.013604662566193554,0.016571077496564675,0.015326923663975723,0.7812228460690189,0.8877247284867213,0.8876316516255538,False,1e-24,False
UniGCN,random,9,6,base,53.87864841906948,1.538749005271786,1.2962116410925297,56.84010734709833,68.46012638025367,0.9478984283061872,0.027071535876512353,0.018933818992574968,7.315196095869552e-05,2.2836271415448862e-05,1.8499321501220984e-05,0.0006884702924793886,0.0008289824034270081,0.10625289392698892,0.03316958141099825,0.022315698650230576,False,1e-24,False
UniGCN,random,9,6,restart,9477.96057572057,978.8553942734909,945.2644876885477,1340.9199403895566,1247.0643998836874,7.0682523916879685,0.7299879469233035,0.7579917186126969,0.01286838891373847,0.014527000429259357,0.013490660866691833,0.01624176284386575,0.015100679740229368,0.7923024758730949,0.8944226417359598,0.8933810330902971,False,1e-24,False
UniGCN,random,9,7,base,45.40733543300035,0.6397031843891494,0.5746654780714623,51.10633982922144,62.652000528201036,0.888487330236032,0.01251710035441399,0.009172340439676668,6.165031466634923e-05,9.49370917153398e-06,8.201532139872175e-06,0.0006190205890167325,0.0007586519149686944,0.09959331847794611,0.015336661397020774,0.010810665574093502,False,1e-24,False
UniGCN,random,9,7,restart,9453.839629265487,973.9626217490302,942.0663704866303,1328.5944993505357,1238.0311071769943,7.115669705005448,0.7330774154379969,0.7609391759426514,0.012835639492861303,0.014454387754313777,0.013445017858681976,0.016092472133606293,0.014991295766012604,0.7976176305476604,0.8982080338127997,0.8968549529363393,False,1e-24,False
UniGCN,random,9,8,base,40.49577627479255,0.294885884531017,0.2728833546659064,47.1795414523407,58.29198942014274,0.8583334010505405,0.006250291449502567,0.0046813182631164725,5.498180693035385e-05,4.376343427462095e-06,3.89454680876142e-06,0.0005714576241804832,0.0007058566211468423,0.09621327042263587,0.007658211636843814,0.005517475776360566,False,1e-24,False
UniGCN,random,9,8,restart,9442.279258969818,971.8729629889274,940.6625331511126,1322.3453348529881,1233.0409583564458,7.140554747765314,0.7349615394506425,0.7628802001881166,0.012819943780712786,0.014423375539554978,0.01342498252079281,0.016016779734168943,0.01493087014629143,0.800407072675397,0.9005165694315743,0.8991426748244371,False,1e-24,False
UniGCN,random,9,9,base,37.14234949660644,0.1463160617257574,0.13521843218882407,44.066543300935336,54.65266659472642,0.8428695948070444,0.003320343525167125,0.00247414153076058,5.0428802132466405e-05,2.1714479012246675e-06,1.9298154488442367e-06,0.0005337517357186934,0.0006617881284025668,0.09447988410672677,0.00406827323624686,0.002916062355942303,False,1e-24,False
UniGCN,random,9,9,restart,9436.120867246113,970.9246011952771,939.999462782929,1318.826206817534,1229.9518446923546,7.154938852797338,0.7362035999710834,0.7642571266829142,0.012811582427112436,0.01440930108865646,0.013415519288454747,0.015974154636840283,0.014893464126099562,0.8020194319119592,0.9020384124381212,0.9007655421780054,False,1e-24,False
UniGCN,random,9,10,base,34.554787692812134,0.07664331204719571,0.06879347547855648,41.390581200923734,51.435419095538776,0.834846641197707,0.0018517090077847282,0.0013374728288064683,4.6915625287770754e-05,1.1374483233407908e-06,9.81809281539489e-07,0.000501339404080956,0.00062283053797274,0.09358056619103261,0.002268818916051363,0.0015763666385646311,False,1e-24,False
UniGCN,random,9,10,restart,9432.523247757832,970.4716674414798,939.6668747030957,1316.641217114546,1227.8532341778541,7.164080180042864,0.7370813360744501,0.7652925028391343,0.012806697877702361,0.014402579187878947,0.013410772645529118,0.01594768916078665,0.014868052090216006,0.8030441118198123,0.903113864502267,0.9019858528982516,False,1e-24,False
UniGCN,random,9,11,base,32.38567558688522,0.04206822163371997,0.035592401484478564,38.98865465271863,48.50281569705649,0.8306435776087239,0.001078986233519258,0.000733821345688155,4.397058474307069e-05,6.243262051845834e-07,5.079689590713232e-07,0.00047224630151064225,0.000587319697690779,0.09310943167244645,0.0013220351396876192,0.0008648934491190291,False,1e-24,False
UniGCN,random,9,11,restart,9430.246435705683,970.2453634953702,939.4914776060668,1315.1630265143497,1226.3216251516444,7.1704011180265566,0.7377377130703453,0.7661052845658587,0.012803606611101656,0.014399220655513993,0.013408269406717296,0.015929784720377295,0.014849505864861329,0.8037526454907673,0.9039180948311617,0.9029438103018324,False,1e-24,False
UniGCN,random,9,12,base,30.47121014052071,0.024261293228511883,0.018623922104979384,36.78208680120492,45.78537587770937,0.828425268669708,0.0006595953448654557,0.00040676573573891853,4.137128231625516e-05,3.6005708218685765e-07,2.657975840606694e-07,0.0004455194622238967,0.0005544142692067849,0.09286077449847506,0.0008081736326165483,0.0004794205323051173,False,1e-24,False
UniGCN,random,9,12,restart,9428.703791068236,970.1275309708576,939.3950115595508,1314.0904893185063,1225.1435196554912,7.175079545669649,0.7382501729191955,0.766763237521517,0.0128015121361361,0.014397471926187691,0.013406892659007371,0.015916793717520666,0.014835240207210231,0.8042770650501445,0.9045459897076785,0.9037192840660137,False,1e-24,False
UniGCN,random,9,13,base,28.72968737931561,0.01484523022219925,0.009824336629454186,34.72922166883569,43.24479949803211,0.8272482364641137,0.0004274564619892025,0.00022717960872731645,3.9006787126148175e-05,2.2031514263698107e-07,1.402113328432305e-07,0.0004206543322291144,0.0005236504768407484,0.09272883728415439,0.0005237439050478715,0.0002677574814581355,False,1e-24,False
UniGCN,random,9,13,restart,9427.597557844347,970.0637954332035,939.340067200201,1313.2696554510937,1224.2028989851583,7.178721840341365,0.7386630699998906,0.7673075010514162,0.012800010184398638,0.014396526039605999,0.013406108502056402,0.015906851446839794,0.014823850248920136,0.804685341230216,0.9050518946328721,0.904360761674113,False,1e-24,False
UniGCN,random,9,14,base,27.11815685235404,0.00975290196416809,0.005214726767385818,32.80601000181712,40.85799333610473,0.8266216114319288,0.000297290099089401,0.00012763051588188874,3.6818784612144596e-05,1.4474090028910743e-07,7.442373139743054e-08,0.00039735961727007166,0.0004947486851957996,0.09265859692813258,0.0003642566934292471,0.00015042734548749117,False,1e-24,False
UniGCN,random,9,14,restart,9426.766913322806,970.0280995751568,939.3078573949598,1312.6166915907638,1223.4320729639458,7.181660094462521,0.7390033250297747,0.767764617384394,0.012798882404148145,0.01439599628439578,0.013405648808960183,0.01589894248535324,0.01481451633089405,0.8050146993071395,0.905468794396732,0.9048995262170101,False,1e-24,False
UniGCN,random,9,15,base,25.612660424382014,0.006931882736840104,0.0027819341020999767,30.997271983606485,38.60963558691019,0.8262875661422002,0.00022362879999588886,7.205284535353489e-05,3.477474640491506e-05,1.0287470864722682e-07,3.9703310569392006e-08,0.00037545145328980717,0.00046752336281852996,0.09262115274880235,0.0002740026912822172,8.492262360972733e-05,False,1e-24,False
UniGCN,random,9,15,restart,9426.120020627195,970.0074763477859,939.2885280709124,1312.0829209375897,1222.7888246734092,7.184088650351052,0.7392882422816973,0.7681526925319947,0.012798004106889353,0.014395690219133615,0.013405372943994449,0.015892477240038633,0.014806727249247786,0.8052869237180197,0.9058178911759526,0.9053569177263985,False,1e-24,False
UniGCN,random,9,16,base,24.198817686769058,0.005320866182728896,0.00149044096621097,29.292500629456182,36.48854849388274,0.8261096583347008,0.0001816460209401958,4.084681434946201e-05,3.285514797811057e-05,7.89659287497759e-08,2.1271330806200455e-08,0.0003548025754536843,0.00044183915846153846,0.09260121050727675,0.00022256300887557695,4.814270170228042e-05,False,1e-24,False
UniGCN,random,9,16,restart,9425.601719710572,969.9952352596238,939.2767088845702,1311.638218639623,1222.2451695361683,7.186129212891049,0.7395295604192311,0.7684846970931518,0.012797300400884653,0.014395508551551226,0.013405204262491293,0.015887090826545817,0.014800144139251726,0.8055156567432459,0.9061135678470285,0.9057482235554121,False,1e-24,False
UniGCN,random,9,17,base,22.867205949808028,0.004362252826747962,0.0008014952284188527,27.683757218786642,34.485871076483335,0.8260152611904129,0.0001575744503274168,2.324126383936434e-05,3.1047195985019415e-05,6.473933643052477e-08,1.1438809405937495e-08,0.0003353168267779389,0.00041758877467545756,0.0925906292366896,0.00019306915508119702,2.7392521302392605e-05,False,1e-24,False
UniGCN,random,9,17,restart,9425.177305633564,969.9878017131131,939.2693736831615,1311.2627738705187,1221.7815313911042,7.187863099180957,0.7397356357871371,0.7687703157648175,0.012796724166645254,0.014395398231749157,0.013405099575691056,0.01588254328816035,0.014794529953533152,0.8057100134702343,0.9063660630775812,0.9060848582411176,False,1e-24,False
UniGCN,random,9,18,base,21.611045600165752,0.003759797294191306,0.0004324437130476912,26.164584769026042,32.59411634828354,0.825965548123247,0.00014369795383270138,1.3267539098984177e-05,2.934168562885447e-05,5.5798412335647724e-08,6.171766265043072e-09,0.0003169159976868464,0.0003946815516801783,0.09258505674379941,0.00017606688442021697,1.563733151136547e-05,False,1e-24,False
UniGCN,random,9,18,restart,9424.823981001939,969.9832014606274,939.2647677575646,1310.9428220285872,1221.383572548691,7.1893478667648685,0.7399126683188594,0.7690170302500285,0.012796244451759732,0.014395329960306586,0.013405033840670844,0.01587866790247804,0.014789711077274932,0.8058764457037823,0.9065829733777631,0.9063756398370955,False,1e-24,False
UniGCN,random,9,19,base,20.425021914062214,0.0033547358993089487,0.00023402424925972397,24.72943469190726,30.806674444508783,0.8259397017573686,0.0001356576056470385,7.5965437191627226e-06,2.7731401018388502e-05,4.978697582341421e-08,3.3399559831822755e-09,0.0002995328814426751,0.00037303745074546634,0.09258215954396232,0.00016621539372779174,8.953406625816823e-06,False,1e-24,False
UniGCN,random,9,19,restart,9424.526154961424,969.9803101743677,939.2618489093583,1310.6683344065166,1221.0403851391145,7.190626268718808,0.7400654190776527,0.7692307808495189,0.012795840088259024,0.014395287051295735,0.013404992183344469,0.01587534319775335,0.014785555427283336,0.8060197457696455,0.9067701322723488,0.9066275696757827,False,1e-24,False
UniGCN,random,9,20,base,19.30467687265073,0.0030613336186938616,0.00012699245160583777,23.37335806998315,29.117544585625716,0.8259265448657308,0.00013097534421574315,4.361372272733787e-06,2.621028942531086e-05,4.543265026994009e-08,1.8124155932626268e-09,0.0002831075347623928,0.0003525838085430019,0.09258068474690616,0.00016047842141704536,5.1403823696617104e-06,False,1e-24,False
UniGCN,random,9,20,restart,9424.272757665716,969.9784697654934,939.2599857702525,1310.431710490842,1220.7434117112666,7.191731306727697,0.7401976478439867,0.7694163873910045,0.012795496046423778,0.01439525973814952,0.013404965592926496,0.015872477113503414,0.014781959381541266,0.8061436129297099,0.9069321464576465,0.9068463284823884,False,1e-24,False
UniGCN,random,9,21,base,18.24609050054891,0.002832939855000204,6.90843166972021e-05,22.09183549780566,27.521186073171663,0.8259200781375208,0.00012823469807574813,2.510223088260982e-06,2.477302863210968e-05,4.204310333315229e-08,9.859601200591905e-10,0.00026758521678543675,0.00033325353285763555,0.09257995987115361,0.00015712042630092142,2.958588650522688e-06,False,1e-24,False
UniGCN,random,9,21,restart,9424.055653391271,969.9772858168764,939.2587896803299,1310.2270040510978,1220.4857729790738,7.192689224274102,0.7403123907672475,0.7695778275134668,0.012795201280243218,0.0143952421674009,0.01340494852252586,0.015869997626587907,0.014778839638900962,0.8062509888978617,0.9070727359961123,0.9070366043651534,False,1e-24,False
UniGCN,random,9,22,base,17.245710726109003,0.0026439537285472678,3.7668255145081264e-05,20.88068033304172,26.012431935968625,0.8259170894359835,0.0001266220106996925,1.4480866394116568e-06,2.3414795930455716e-05,3.923839739173639e-08,5.375952045389293e-10,0.00025291521721223007,0.000314984056930992,0.09257962485826833,0.0001551444702467628,1.7067378259614832e-06,False,1e-24,False
UniGCN,random,9,22,restart,9423.868673864828,969.9765172018135,939.2580183007551,1310.0494447363058,1220.2618319509768,7.193521368013494,0.7404121432966646,0.7697184273960715,0.012794947414947414,0.014395230760535888,0.01340493751352216,0.015867846956592848,0.01477612794113595,0.8063442664873516,0.9071949584536981,0.9072023176114719,False,1e-24,False
UniGCN,random,9,23,base,16.300260085803416,0.00248017590691188,2.0581858000884467e-05,19.735981249888987,24.58643595641641,0.8259158680491301,0.000125667727158275,8.371224701851569e-07,2.213114145215352e-05,3.6807802945284684e-08,2.937409263890876e-10,0.0002390501604879964,0.00029771669800383394,0.09257948794920308,0.00015397522791930083,9.866457889617761e-07,False,1e-24,False
UniGCN,random,9,23,restart,9423.707012670719,969.9760140920334,939.2575189801167,1309.895129745591,1220.066900442047,7.194245400775709,0.7404989850450265,0.7698409969484549,0.01279472792478374,0.014395223293982571,0.013404930387299304,0.015865977831220818,0.014773767519101689,0.8064254255799147,0.9073013618899607,0.9073467800253014,False,1e-24,False
UniGCN,random,9,24,base,15.406682521670344,0.0023336171233117476,1.1267620433037497e-05,18.654066076315367,23.23863774852531,0.8259155113228558,0.0001250996492542013,4.848657892501691e-07,2.0917915935124905e-05,3.463275285645001e-08,1.608096443022207e-10,0.00022594556778482756,0.0002813962344466056,0.09257944796264138,0.0001532791866465443,5.7147049113315e-07,False,1e-24,False
UniGCN,random,9,24,restart,9423.566835657672,969.9756821603764,939.2571947815907,1309.7608171538845,1219.8970343573085,7.194876127181083,0.7405746678757251,0.7699479286597575,0.012794537604059545,0.01439521836785012,0.013404925760390724,0.01586435098296856,0.014771710613825102,0.8064961256716607,0.9073940927873032,0.9074728114321993,False,1e-24,False
UniGCN,random,9,25,base,14.562111297187927,0.0021996903600194646,6.17945013180576e-06,17.631477327683292,21.964737799236453,0.8259155501577775,0.0001247592767831041,2.81335028366265e-07,1.9771227162243423e-05,3.2645172097107815e-08,8.819210618466954e-11,0.0002135595606550786,0.00026597060353524313,0.09257945231576899,0.00015286214298704817,3.315859159336886e-07,False,1e-24,False
UniGCN,random,9,25,restart,9423.445023719603,969.9754613937203,939.2569837512493,1309.6437822325347,1219.7488861447778,7.195426078116879,0.7406406799719343,0.770041271953877,0.012794372217911241,0.014395215091495585,0.013404922748600051,0.015862933408824303,0.014769916689861174,0.8065577713888612,0.9074749745521691,0.9075828273155985,False,1e-24,False
UniGCN,random,9,26,base,13.763848176590711,0.0020756849454004545,3.394486604040637e-06,16.664954302984352,20.760678173070414,0.825915746683199,0.0001245538936178626,1.6350557413118491e-07,1.868741169273684e-05,3.080483212254204e-08,4.844556014541525e-11,0.00020185264417374454,0.0002513906678041217,0.09257947434491698,0.00015261049588246567,1.927102567831317e-07,False,1e-24,False
UniGCN,random,9,26,restart,9423.338998508823,969.9753132856044,939.2568460889335,1309.541714161789,1219.6195952153607,7.1959059391556,0.7406982937587947,0.7701227905600182,0.012794228265672142,0.014395212893452162,0.013404920783905892,0.015861697119207714,0.0147683511083895,0.8066115605106957,0.9075455662320198,0.9076789064346472,False,1e-24,False
UniGCN,random,9,27,base,13.009348721329134,0.001959933426730817,1.8674388442025866e-06,15.751418977143675,19.622626575290546,0.8259159851062648,0.00012442900728974366,9.516762891233565e-08,1.7663014898939074e-05,2.9086986594756727e-08,2.665178314064076e-11,0.00019078753606036424,0.00023761002206719507,0.09257950107050274,0.00015245747806897484,1.1216607325217853e-07,False,1e-24,False
UniGCN,random,9,27,restart,9423.246601197136,969.9752129571472,939.2567561196885,1309.452639487333,1219.5067043291558,7.196324874251621,0.7407486026656943,0.7701940077782259,0.01279410281626434,0.014395211404497255,0.013404919499879476,0.015860618210844633,0.014766984114737584,0.8066585202534177,0.9076072075585673,0.907762844174881,False,1e-24,False
UniGCN,random,9,28,base,12.296211001620945,0.0018513545292078166,1.0287561234138668e-06,14.887964187505965,18.54696252543238,0.825916213040059,0.0001243524303182755,5.546763368951617e-08,1.669477563977082e-05,2.747558852702086e-08,1.4682239898217634e-11,0.00018032902358897725,0.00022458482599351895,0.09257952662031327,0.0001523636516196405,6.537503071842144e-08,False,1e-24,False
UniGCN,random,9,28,restart,9423.166005866542,969.9751442400811,939.2566972240495,1309.3748638295847,1219.408094250525,7.196690776777404,0.7407925499678171,0.7702562428875276,0.012793993390607796,0.014395210384680791,0.013404918659330505,0.015859676160726557,0.014765790047120305,0.8066995354097876,0.9076610542860748,0.9078361954594362,False,1e-24,False
UniGCN,random,9,29,base,11.62216629563727,0.0017492011613006791,5.674427185617949e-07,14.071843291245447,17.530264955669825,0.8259164101740529,0.00012430504839326304,3.236931786237872e-08,1.5779613632865657e-05,2.5959550480830502e-08,8.098450092111272e-12,0.00017044383831450394,0.0002122736539360969,0.09257954871767805,0.00015230559659733662,3.815099020507387e-08,False,1e-24,False
UniGCN,random,9,29,restart,9423.095655977198,969.975096572961,939.2566586136013,1309.3069264139433,1219.3219316107627,7.197010468573695,0.7408309518606327,0.7703106409090941,0.01279389787536178,0.014395209677262433,0.013404918108288475,0.015858853275362683,0.014764746705309934,0.8067353706612304,0.9077081064635315,0.9079003098283821,False,1e-24,False
UniGCN,random,9,30,base,10.985071016169108,0.0016529206865736553,3.1334932836454623e-07,13.300460836133306,16.569300849680236,0.8259165717270496,0.00012427544480888758,1.8911439366531476e-08,1.4914618493267294e-05,2.4530670887510323e-08,4.47207059699104e-12,0.00016110054307332005,0.00020063735736010766,0.09257956682665777,0.0001522693246064722,2.22893216688679e-08,False,1e-24,False
UniGCN,random,9,30,restart,9423.03421654756,969.9750630239782,939.2566332682861,1309.2475638560243,1219.2466265700832,7.1972898607461495,0.7408645162318933,0.7703581972669062,0.012793814457999056,0.014395209179368576,0.013404917746564264,0.015858134252132075,0.014763834837965928,0.8067666886020322,0.9077492314351665,0.9079563605041732,False,1e-24,False
UniGCN,random,9,31,base,10.382899455228197,0.0015620769254154807,1.7321672579012307e-07,12.571363985007334,15.661014699881195,0.82591669985937,0.00012425675744321942,1.1060376936587455e-08,1.4097039882650263e-05,2.3182476491217688e-08,2.4721209084956666e-12,0.0001522694281129764,0.00018963893718078047,0.09257958118940957,0.0001522464277859994,1.3035935263331622e-08,False,1e-24,False
UniGCN,random,9,31,restart,9422.980537275469,969.9750390222696,939.2566166106981,1309.195680802462,1219.1807979289554,7.197534085584303,0.7408938581494023,0.7703997784465031,0.012793741576734742,0.01439520882316394,0.01340491750882988,0.015857505823673228,0.014763037720168725,0.8067940645265488,0.9077851828169429,0.9080053687403757,False,1e-24,False
UniGCN,random,9,32,base,9.813737121873425,0.001476306249176889,9.584417515594794e-08,11.882234541930222,14.80251864891819,0.825916799339598,0.00012424483323968024,6.474855896428985e-09,1.3324278463973099e-05,2.190957075067093e-08,1.3678724631224394e-12,0.0001439224145098137,0.0001792434243868517,0.09257959234045889,0.00015223181757541296,7.631367609727383e-09,False,1e-24,False
UniGCN,random,9,32,restart,9422.933623459248,969.975021539084,939.2566056507752,1309.150325773889,1219.1232440299807,7.197747606172721,0.740919512788338,0.7704361394553781,0.012793677881045388,0.014395208563699418,0.013404917352411644,0.015856956465284507,0.014762340801071123,0.8068179987158615,0.9078166163358473,0.9080482244007679,False,1e-24,False
UniGCN,random,9,33,base,9.275774546346863,0.0013952925921875902,5.307868305107538e-08,11.230881486944025,13.991083229503287,0.8259168754589755,0.00012423713969465596,3.793750789727794e-09,1.2593877489248016e-05,2.0707262997406824e-08,7.575303225911691e-13,0.0001360329637468995,0.00016941776790944284,0.09257960087291753,0.00015222239100762657,4.4713747084431205e-09,False,1e-24,False
UniGCN,random,9,33,restart,9422.892612615353,969.9750085567737,939.2565984322245,1309.1106710438355,1219.072918251659,7.197934308412515,0.7409419463240279,0.7704679386851322,0.012793622199922354,0.014395208371031504,0.013404917249389664,0.015856476151209244,0.014761731407152747,0.806838926752757,0.9078441031763352,0.9080857034761082,False,1e-24,False
UniGCN,random,9,34,base,8.767301475572394,0.0013187530165079146,2.941844343421585e-08,10.615233958875061,13.224128643504878,0.8259169331112416,0.00012423211976457166,2.2246035430595215e-09,1.1903514918670297e-05,1.9571354205098206e-08,4.1985523498025237e-13,0.00012857599271893242,0.00016013072902071955,0.09257960733534,0.00015221624030452763,2.621952935254087e-09,False,1e-24,False
UniGCN,random,9,34,restart,9422.856755358187,969.9749987230667,939.2565936732761,1309.0759957117248,1219.0289082076913,7.198097578922545,0.7409615651807181,0.770495750633381,0.012793573515912022,0.014395208225091393,0.013404917181470728,0.015856056149609065,0.014761198490344784,0.8068572282539154,0.9078681413124479,0.9081184830783765,False,1e-24,False
UniGCN,random,9,35,base,8.28670141286527,0.0012464291988931804,1.6316753368986796e-08,10.033334643869914,12.499216536401367,0.8259169764588897,0.00012422880758340037,1.3054220895739863e-09,1.125099600708871e-05,1.8498010649266128e-08,2.328700474982619e-13,0.00012152779365152509,0.00015135278173090359,0.09257961219431321,0.00015221218203227037,1.5385911301735518e-09,False,1e-24,False
UniGCN,random,9,35,restart,9422.82539954422,969.9749911251905,939.2565905330157,1309.0456713484182,1218.9904179815912,7.198240371428737,0.7409787239325587,0.7705200768421463,0.012793530943587985,0.014395208112332806,0.013404917136653443,0.01585568884869692,0.014760732412909231,0.8068732343116963,0.9078891651885472,0.9081471543329354,False,1e-24,False
UniGCN,random,9,36,base,7.832446469724089,0.0011780822655191694,9.055954891922086e-09,9.483333537768301,11.814042232123233,0.8259170088799056,0.00012422659825549125,7.665416048114583e-10,1.0634246314195579e-05,1.7483687250456303e-08,1.2924511378791313e-13,0.00011486595854855014,0.0001430560187601191,0.09257961582848609,0.00015220947503839015,9.034580642470937e-10,False,1e-24,False
UniGCN,random,9,36,restart,9422.797976971593,969.9749851418431,939.2565884590936,1309.019149745213,1218.9567528789958,7.198365263644648,0.7409937320860728,0.7705413553357888,0.012793493711492878,0.014395208023535125,0.013404917107054763,0.015855367608348023,0.014760324762804904,0.8068872338700596,0.9079075540295826,0.9081722335022273,False,1e-24,False
UniGCN,random,9,37,base,7.403092505843308,0.0011134895363646782,5.029160640338555e-09,8.963482056575971,11.166427398768171,0.8259170330365195,0.000124225109096724,4.503822449867313e-10,1.0051305106038774e-05,1.652507925826072e-08,7.177536184483933e-14,0.00010856930785581359,0.0001352140627276729,0.09257961853627635,0.0001522076504365948,5.308276402388566e-10,False,1e-24,False
UniGCN,random,9,37,restart,9422.773992120266,969.9749803458917,939.2565870882994,1308.9959524048213,1218.9273062900822,7.19847450621159,0.7410068599248932,0.770559968786829,0.012793461146850682,0.014395207952359353,0.013404917087491012,0.015855086632810333,0.014759968194604683,0.8068994792104156,0.9079236390023928,0.9081941716101397,False,1e-24,False
UniGCN,random,9,38,base,6.997274538172839,0.0010524423717092482,2.7944351723660392e-09,8.472127473110373,10.554313119225753,0.8259170509864777,0.00012422409542934613,2.647671279787684e-10,9.500319121823546e-06,1.5619090291613907e-08,3.9881723808889164e-14,0.00010261782307546477,0.00012780198224437674,0.09257962054834319,0.0001522064084338223,3.1205872638680414e-10,False,1e-24,False
UniGCN,random,9,38,restart,9422.753012549909,969.9749764402276,939.2565861815489,1308.9756614903436,1218.9015483354726,7.198570064948011,0.7410183435617554,0.7705762515965249,0.012793432662529771,0.01439520789439616,0.013404917074550016,0.015854840861074894,0.014759656292008988,0.8069101906874911,0.9079377094056951,0.9082133627872866,False,1e-24,False
UniGCN,random,9,39,base,6.613702402641232,0.0009947446645904004,1.5534897704524177e-09,8.007707660398271,9.97575334322882,0.8259170642990598,0.00012422339910207536,1.5572656189488389e-10,8.97953668376e-06,1.4762809965647191e-08,2.217115307515262e-14,9.699258309590928e-05,0.00012079621262355894,0.09257962204059207,0.00015220555525415042,1.8354178987585715e-10,False,1e-24,False
UniGCN,random,9,39,restart,9422.734660664686,969.9749732153524,939.2565855813119,1308.957912005196,1218.8790160298756,7.198653657419721,0.7410283893157765,0.770590496045007,0.012793407745861839,0.014395207846536421,0.013404917065983532,0.015854625872155956,0.014759383448737493,0.8069195608285996,0.9079500180333754,0.9082301515196542,False,1e-24,False
UniGCN,random,9,40,base,6.251156653938187,0.0009402117197709176,8.64010492499732e-10,7.568746124177794,9.428908699215409,0.8259170741596595,0.00012422291676126928,9.163419861851323e-11,8.487302130127815e-06,1.3953497254662565e-08,1.2331017076585442e-14,9.167570402347134e-05,0.00011417448094901474,0.09257962314589749,0.00015220496426283364,1.0800151639920244e-10,False,1e-24,False
UniGCN,random,9,40,restart,9422.718606618857,969.9749705212305,939.2565851836966,1308.94238501966,1218.8593047443817,7.198726784660831,0.7410371775123332,0.7706029576405268,0.012793385949009688,0.014395207806553487,0.013404917060308831,0.015854437803048203,0.01475914476514622,0.8069277578893403,0.9079607858303143,0.908244838953311,False,1e-24,False
UniGCN,random,9,41,base,5.908484689989015,0.0008886693704312136,4.807375596740082e-10,7.153847308209178,8.912040645887915,0.8259170814575416,0.00012422258012292887,5.394247835885087e-11,8.022050553409026e-06,1.318856738313783e-08,6.861008181214938e-15,8.66502823184251e-05,0.00010791573525634462,0.09257962396393987,0.00015220455179444287,6.357745851350776e-11,False,1e-24,False
UniGCN,random,9,41,restart,9422.70456218416,969.9749682485455,939.2565849201269,1308.9288017923743,1218.8420607847977,7.198790758734344,0.7410448657866766,0.7706138597771649,0.012793366880640885,0.014395207772825016,0.013404917056547207,0.015854273277523912,0.014758935958358732,0.8069349289429512,0.9079702059401635,0.9082576883840547,False,1e-24,False
UniGCN,random,9,42,base,5.584597088694813,0.0008399532464040799,2.675834553630803e-10,6.761692157199877,8.42350594463356,0.8259170868564775,0.00012422234359038282,3.176628082438194e-11,7.582302826617623e-06,1.2465580965742359e-08,3.818907508805404e-15,8.190034105135508e-05,0.00010200007759959592,0.09257962456912344,0.00015220426198134994,3.744024121037074e-11,False,1e-24,False
UniGCN,random,9,42,restart,9422.692275434465,969.9749663161552,939.2565847453003,1308.9169186605598,1218.8269749324245,7.198846726709659,0.7410515919595183,0.770623397793912,0.012793350198711022,0.014395207744146793,0.01340491705405211,0.015854129344241272,0.014758753284051521,0.806941202568022,0.9079784472286768,0.9082689300415108,False,1e-24,False
UniGCN,random,9,43,base,5.278464145286865,0.000793908143402383,1.4899024203067045e-10,6.391033923094808,7.961751435098872,0.8259170908501156,0.00012422217640458701,1.8713249621666973e-11,7.166660902006487e-06,1.1782234646169385e-08,2.12636447667372e-15,7.741077910725299e-05,9.6408700788791e-05,0.09257962501678281,0.00015220405713582918,2.2055732099658605e-11,False,1e-24,False
UniGCN,random,9,43,restart,9422.681526129294,969.974964662657,939.2565846292661,1308.9065225929385,1218.8137768170975,7.1988956915448785,0.7410574765424353,0.7706317425145224,0.012793335604195842,0.01439520771960755,0.013404917052396088,0.01585400342287958,0.014758593468317269,0.8069466911892575,0.9079856573534745,0.9082787652612588,False,1e-24,False
UniGCN,random,9,44,base,4.989112599319832,0.000750387463116102,8.298322141183259e-11,6.040694201323924,7.525309097234674,0.825917093804613,0.00012422205761576899,1.1027217665029393e-11,6.773803367250159e-06,1.1136352787726236e-08,1.1843230252203168e-15,7.316732317495061e-05,9.112382859632128e-05,0.09257962534796164,0.00015220391158903094,1.2996853221201556e-11,False,1e-24,False
UniGCN,random,9,44,restart,9422.672121698077,969.9749632406746,939.2565845522076,1308.8974273156007,1218.8022300115117,7.198938530288736,0.7410626249223994,0.7706390433362895,0.012793322835638995,0.014395207698504189,0.013404917051296324,0.015853893257214154,0.014758453648262114,0.8069514931177882,0.9079919654406526,0.9082873701253128,False,1e-24,False
UniGCN,random,9,45,base,4.715622540940963,0.0007092527058587668,4.623218289000986e-11,5.70955918436642,7.11279138407176,0.8259170959910537,0.00012422197282774492,6.499864876332696e-12,6.4024812450337176e-06,1.0525879943799884e-08,6.598181869934985e-16,6.91564823687793e-05,8.612865924161437e-05,0.09257962559304661,0.00015220380770193418,7.66084358915339e-12,False,1e-24,False
UniGCN,random,9,45,restart,9422.663893742572,969.9749620129592,939.2565845010039,1308.8894699343416,1218.792127751734,7.198976009956933,0.7410671292676962,0.7706454309264532,0.01279331166440331,0.014395207680283906,0.013404917050565552,0.015853796874204715,0.014758331320185414,0.8069556943307985,0.907997484420023,0.9082948986401491,False,1e-24,False
UniGCN,random,9,46,base,4.457124486640096,0.0006703730043291913,2.576374627288141e-11,5.396576120700942,6.722886810366542,0.8259170976098779,0.00012422191206711247,3.832244540121409e-12,6.051514022748627e-06,9.94887393850651e-09,3.6769599212687083e-16,6.536550533794745e-05,8.140731197412577e-05,0.09257962577450567,0.0001522037332545606,4.516744051735035e-12,False,1e-24,False
UniGCN,random,9,46,restart,9422.656694987778,969.974960949708,939.2565844669616,1308.8825079879934,1218.7832892021106,7.199008801387553,0.7410710701915849,0.7706510195769553,0.012793301890531005,0.014395207664504405,0.013404917050079707,0.015853712548304182,0.01475822429435159,0.8069593700246231,0.9080023130635235,0.9083014855120588,False,1e-24,False
UniGCN,random,9,47,base,4.212796615217507,0.0006336246911162474,1.4360646961416666e-11,5.100749967874051,6.354355783079375,0.8259170988091709,0.00012422186837366916,2.2599689805938714e-12,5.719785899719087e-06,9.40349944811489e-09,2.049528153294952e-16,6.178233972715662e-05,7.694477658467813e-05,0.09257962590893816,0.00015220367971887532,2.6636351995114774e-12,False,1e-24,False
UniGCN,random,9,47,restart,9422.650396621862,969.974960026693,939.2565844443172,1308.8764168764455,1218.7755561939932,7.199037491338143,0.7410745182050721,0.7706559092614549,0.012793293339132053,0.01439520765080612,0.01340491704975653,0.01585363877030578,0.014758130655499403,0.8069625859707475,0.9080065377652394,0.9083072485715785,False,1e-24,False
UniGCN,random,9,48,base,3.981862155208734,0.000598890895002408,8.006268930559827e-12,4.821140229041537,6.00602666042284,0.8259170996982896,0.00012422183685818037,1.333039192669212e-12,5.406242240064104e-06,8.888022009866669e-09,1.1426416665015132e-16,5.8395593859514724e-05,7.27268656845498e-05,0.09257962600860226,0.0001522036411043107,1.5711410848608283e-12,False,1e-24,False
UniGCN,random,9,48,restart,9422.644885974092,969.9749592239438,939.2565844292473,1308.871087614798,1218.7687903772255,7.199062593051323,0.7410775349859423,0.7706601874327078,0.01279328585723148,0.014395207638892677,0.013404917049541453,0.015853574220140478,0.01475804872834937,0.8069653997001391,0.908010234096291,0.9083122908919097,False,1e-24,False
UniGCN,random,9,49,base,3.7635869154805883,0.0005660611625965113,4.464462273589659e-12,4.55685796292307,5.676792026946922,0.8259171003579788,0.00012422181406624363,7.864410484649595e-13,5.109886219945533e-06,8.400802406702607e-09,6.371607869498487e-17,5.519450051990152e-05,6.874016960055017e-05,0.09257962608254888,0.00015220361317833692,9.26911863401555e-13,False,1e-24,False
UniGCN,random,9,49,restart,9422.640064486943,969.974958524801,939.2565844192134,1308.8664248716213,1218.762870731471,7.1990845554856,0.7410801744875837,0.7706639305934017,0.012793279311016047,0.014395207628516836,0.01340491704939825,0.015853517743115567,0.014757977047468476,0.8069678615379583,0.9080134681634299,0.9083167026403307,False,1e-24,False
UniGCN,random,9,50,base,3.5572769511624744,0.0005350311027394236,2.489908347031614e-12,4.307062957663272,5.36560517281661,0.8259171008478635,0.0001242217975447696,4.640498633119824e-13,4.82977565856317e-06,7.940291389956948e-09,3.553556653872348e-17,5.216888272363459e-05,6.497201374265735e-05,0.09257962613746158,0.00015220359293528977,5.469365114566644e-13,False,1e-24,False
UniGCN,random,9,50,restart,9422.635845944498,969.9749579152311,939.2565844125292,1308.8623452549314,1218.7576913914281,7.199103771381871,0.7410824839080431,0.7706672056692427,0.012793273583428938,0.01439520761947033,0.013404917049302854,0.01585346832915372,0.014757914330935745,0.8069700155077585,0.9080162977963805,0.9083205626965378,False,1e-24,False
UniGCN,random,9,51,base,3.362276357503251,0.0005057020517052253,1.3888837194082293e-12,4.070961059613982,5.071476766087626,0.825917101211985,0.0001242217855439711,2.738617928204922e-13,4.565020022836546e-06,7.505024710674057e-09,1.982192231469885e-17,4.930912136160345e-05,6.141041830866647e-05,0.0925796261782771,0.00015220357823123064,3.227778422721068e-13,False,1e-24,False
UniGCN,random,9,51,restart,9422.632154924242,969.9749573833158,939.2565844080747,1308.8587758142478,1218.7531597459852,7.199120584313899,0.7410845045370837,0.770670071209363,0.012793268572067711,0.014395207611576278,0.013404917049239282,0.015853425094649317,0.014757859457324938,0.8069719001217952,0.9080187735857029,0.9083239400674643,False,1e-24,False
UniGCN,random,9,52,base,3.1779651846476096,0.00047798075759810846,7.74837213746247e-13,3.847801648545297,4.79347170739995,0.825917101482888,0.0001242217768108744,1.6164426558523073e-13,4.314777596261212e-06,7.0936184358048235e-09,1.105835056080852e-17,4.660612461900795e-05,5.804406019773186e-05,0.09257962620864346,0.0001522035675309452,1.9051648907980142e-13,False,1e-24,False
UniGCN,random,9,52,restart,9422.628925443867,969.9749569188659,939.2565844051046,1308.8556527312626,1218.7491947765488,7.199135294851757,0.7410862724967148,0.7706725784358875,0.01279326418734706,0.01439520760468347,0.013404917049196892,0.015853387266609283,0.01475781144558341,0.8069735490719063,0.9080209397901319,0.9083268951243174,False,1e-24,False
UniGCN,random,9,53,base,3.0037574667080826,0.00045177908259975237,4.3232606821909433e-13,3.636875251258591,4.530706157089265,0.8259171016846373,0.0001242217704452216,9.54213434350906e-14,4.078252802946142e-06,6.704764529318525e-09,6.170087257203475e-18,4.405129907047711e-05,5.486223701171446e-05,0.09257962623125816,0.0001522035597313863,1.1246510520316564e-13,False,1e-24,False
UniGCN,random,9,53,restart,9422.626099778243,969.9749565131267,939.2565844031241,1308.852920175189,1218.7457256042549,7.199148165950557,0.7410878193886723,0.7706747721617158,0.012793260350892594,0.014395207598661973,0.013404917049168626,0.015853354168788622,0.014757769437440301,0.8069749918335511,0.9080228351299069,0.9083294806842894,False,1e-24,False
UniGCN,random,9,54,base,2.8390993588705222,0.0004270137219002281,2.412479206424294e-13,3.4375112860147348,4.282344725264538,0.8259171018350374,0.00012422176579826878,5.6335474166556384e-14,3.85469367833004e-06,6.33722668091164e-09,3.4430510450467124e-18,4.163652235967459e-05,5.185483302988337e-05,0.092579626248117,0.0001522035540376761,6.639788123630674e-14,False,1e-24,False
UniGCN,random,9,54,restart,9422.623627425037,969.9749561585442,939.2565844018025,1308.85052930195,1218.742690219667,7.199159427662386,0.7410891728606027,0.7706766915931288,0.012793256994136429,0.014395207593399684,0.013404917049149765,0.01585332520956819,0.0147577326820245,0.8069762541939862,0.9080244934804929,0.9083317429565235,False,1e-24,False
UniGCN,random,9,55,base,2.683467376613293,0.00040360593827563484,1.3463632440893146e-13,3.2490759306066606,4.047597815918339,0.8259171019472732,0.00012422176240130972,3.3263266394560136e-14,3.6433894785391673e-06,5.989836366926744e-09,1.9215077013844786e-18,3.9354117376534154e-05,4.901228704879672e-05,0.09257962626069785,0.00015220354987552915,3.92046120898505e-14,False,1e-24,False
UniGCN,random,9,55,restart,9422.621464200176,969.97495584858,939.2565844009199,1308.8484373790368,1218.740034371931,7.199169281256839,0.7410903571012014,0.7706783710317345,0.012793254057089098,0.014395207588799567,0.013404917049137169,0.01585329987135461,0.014757700522413411,0.8069773587141488,0.9080259444792514,0.9083337223694377,False,1e-24,False
UniGCN,random,9,56,base,2.536366731444124,0.0003814813113747935,7.514553284731153e-14,3.070970107298455,3.825719116626121,0.8259171020311157,0.00012422175991494238,1.9642198121847986e-14,3.443668420788851e-06,5.66148912956563e-09,1.0724648101071507e-18,3.7196827850029726e-05,4.6325561985116816e-05,0.09257962627009601,0.00015220354682909086,2.3150605500516227e-14,False,1e-24,False
UniGCN,random,9,56,restart,9422.619571446829,969.9749555775603,939.2565844003311,1308.846607020191,1218.7377105972937,7.1991779028246885,0.7410913932732508,0.7706798404884091,0.012793251487265558,0.014395207584777416,0.013404917049128766,0.01585327770131045,0.014757672383869333,0.8069783251326035,0.908027214056024,0.9083354542943252,False,1e-24,False
UniGCN,random,9,57,base,2.3973297578649335,0.00036056950085601853,4.194521994566878e-14,2.9026275782247106,3.6160032258536496,0.8259171020938123,0.00012422175809290287,1.1599884548157874e-14,3.254895547646764e-06,5.351141061648709e-09,5.986353498263037e-19,3.515779527888457e-05,4.378611614471965e-05,0.09257962627712388,0.0001522035445966247,1.3671807470836748e-14,False,1e-24,False
UniGCN,random,9,57,restart,9422.61791534352,969.9749553405526,939.2565843999378,1308.8450055160727,1218.7356773694398,7.1991854464297065,0.7410922998923735,0.7706811262202982,0.012793249238745818,0.014395207581260032,0.013404917049123152,0.015853258303247002,0.014757647763550878,0.8069791707188391,0.9080283248972019,0.9083369696782735,False,1e-24,False
UniGCN,random,9,58,base,2.26591442656452,0.0003408040225798177,2.3415134585201596e-14,2.743513145195029,3.4177834103292386,0.8259171021407453,0.00012422175675618673,6.85097087031211e-15,3.076470708369255e-06,5.057805485134879e-09,3.3417698850544552e-19,3.323053712687777e-05,4.1385876066756836e-05,0.09257962628238474,0.00015220354295880425,8.074662669129115e-15,False,1e-24,False
UniGCN,random,9,58,restart,9422.616466298994,969.9749551332623,939.2565843996749,1308.8436042488408,1218.7338983563343,7.1991920468654715,0.7410930931583237,0.7706822512005441,0.01279324727135332,0.014395207578183676,0.013404917049119402,0.015853241330533438,0.014757626221514103,0.8069799105822889,0.9080292968516428,0.9083382955977917,False,1e-24,False
UniGCN,random,9,59,base,2.1417029391128817,0.00032212203711853496,1.3072014673687087e-14,2.593120948180481,3.230429485350972,0.825917102175914,0.0001242217557744689,4.046525309704097e-15,2.90782665089383e-06,4.780549812434725e-09,1.8656166512545095e-19,3.1408926213426364e-05,3.911721085633495e-05,0.0925796262863269,0.0001522035417559479,4.769298757281865e-15,False,1e-24,False
UniGCN,random,9,59,restart,9422.615198422882,969.9749549519449,939.2565843994993,1308.8423781800961,1218.7323417701803,7.199197822066802,0.7410937872447746,0.7706832355291819,0.012793245549936274,0.014395207575492782,0.013404917049116893,0.015853226479894574,0.01475760737284117,0.8069805579426348,0.9080301472857351,0.908339455743099,False,1e-24,False
UniGCN,random,9,60,base,2.0243003996898365,0.00030446414989214894,7.298223944888554e-15,2.450972857072549,3.05334581128993,0.8259171022022939,0.0001242217550527271,2.390238248777106e-15,2.74842721842242e-06,4.518492580265197e-09,1.0415906389376799e-19,2.9687171233921376e-05,3.6972907924210224e-05,0.09257962628928391,0.00015220354087162888,2.817172620213722e-15,False,1e-24,False
UniGCN,random,9,60,restart,9422.614089062667,969.9749547933346,939.2565843993816,1308.8413054029752,1218.7309797988023,7.199202875219136,0.7410943945528154,0.7706840967925845,0.012793244043738968,0.014395207573138877,0.013404917049115214,0.015853213485985646,0.01475759088075496,0.8069811243662546,0.9080308913939967,0.9083404708417728,False,1e-24,False
UniGCN,random,9,61,base,1.9133335596254044,0.00028777422228239954,4.074909850281736e-15,2.3166169516016155,2.8859693999198686,0.8259171022221014,0.00012422175452158547,1.4119726461392416e-15,2.597765644862418e-06,4.2708006464315106e-09,5.815644993383678e-20,2.805979834788778e-05,3.494615005636962e-05,0.0925796262915042,0.00015220354022084403,1.664173302066979e-15,False,1e-24,False
UniGCN,random,9,61,restart,9422.613118398622,969.9749546545798,939.256584399303,1308.8403667503385,1218.7297881082445,7.199207296603793,0.7410949259327075,0.770684850377909,0.01279324272585182,0.014395207571079646,0.013404917049114094,0.01585320211664654,0.014757576450596048,0.8069816199730632,0.9080315424707834,0.9083413590293601,False,1e-24,False
UniGCN,random,9,62,base,1.8084496307607525,0.00027199919311634186,2.275320595394152e-15,2.18962608458232,2.727768124552923,0.8259171022369883,0.0001242217541303299,8.341327017182128e-16,2.455362943706572e-06,4.036686540499669e-09,3.247300508508645e-20,2.6521633776433135e-05,3.3030493740597236e-05,0.09257962629317293,0.0001522035397414555,9.831220005401983e-16,False,1e-24,False
UniGCN,random,9,62,restart,9422.61226908945,969.9749545331891,939.2565843992508,1308.8395454520187,1218.7287454076356,7.199211165212213,0.7410953908778789,0.770685509748186,0.012793241572730254,0.01439520756927811,0.013404917049113348,0.015853192168750224,0.014757563824553671,0.8069820536174578,0.9080321121479819,0.9083421361736016,False,1e-24,False
UniGCN,random,9,63,base,1.709315163857309,0.00025708890994608424,1.2705413235057153e-15,2.0695965239180385,2.5782390282910064,0.8259171022481879,0.00012422175384184478,4.927942326386616e-16,2.3207663852298917e-06,3.815405959852235e-09,1.8132958908090232e-20,2.506778735365841e-05,3.121984868112177e-05,0.09257962629442833,0.0001522035393879872,5.808150799608132e-16,False,1e-24,False
UniGCN,random,9,63,restart,9422.611525962297,969.9749544269866,939.2565843992154,1308.8388268349765,1218.7278330685315,7.199214550158158,0.7410957976946422,0.7706860866829806,0.012793240563773829,0.01439520756770198,0.013404917049112843,0.015853183464570934,0.014757552777056343,0.8069824330466157,0.9080326106029571,0.9083428161580792,False,1e-24,False
UniGCN,random,9,64,base,1.6156149884883313,0.00024299596958443582,7.095036366344318e-16,1.9561466690471099,2.4369067250144076,0.8259171022566214,0.000124221753628937,2.9114927926929046e-16,2.193548057162323e-06,3.606255403109231e-09,1.0125920385441807e-20,2.3693636979737275e-05,2.9508458436217064e-05,0.09257962629537365,0.00015220353912712048,3.4315314733669065e-16,False,1e-24,False
UniGCN,random,9,64,restart,9422.610875741531,969.974954334069,939.2565843991918,1308.8381980609856,1218.7270347918957,7.199217511913175,0.741096153650669,0.7706865914889425,0.012793239680957993,0.014395207566323006,0.013404917049112505,0.015853175848606897,0.014757543110739332,0.8069827650389814,0.9080330467404732,0.9083434111303733,False,1e-24,False
UniGCN,random,9,65,base,1.5270512110427017,0.00022967556738684648,3.9622174086755697e-16,1.8489158377501151,2.303321888024017,0.8259171022629781,0.00012422175347166214,1.7202187107572242e-16,2.073303504261395e-06,3.4085699333510466e-09,5.654812175505812e-21,2.2394813926236857e-05,2.7890882117198753e-05,0.0925796262960862,0.0001522035389344184,2.0274769911342475e-16,False,1e-24,False
UniGCN,random,9,65,restart,9422.610306811475,969.974954252773,939.2565843991761,1308.8376478971452,1218.726336316753,7.199220103387452,0.74109646510489,0.7706870331840097,0.012793238908511941,0.01439520756511651,0.01340491704911228,0.01585316918480069,0.014757534652916756,0.806983055525423,0.9080334283518523,0.9083439317191684,False,1e-24,False
UniGCN,random,9,66,base,1.4433422676554257,0.00021708535479866332,2.2127797960687712e-16,1.7475631194612007,2.177059821532216,0.8259171022677734,0.00012422175335537747,1.0164074382262108e-16,1.959650442459786e-06,3.221721064005283e-09,3.1580432979586457e-21,2.1167188946962215e-05,2.6361977090633914e-05,0.09257962629662371,0.00015220353879193984,1.1979538890808988e-16,False,1e-24,False
UniGCN,random,9,66,restart,9422.609809008816,969.9749541816443,939.2565843991655,1308.8371665151067,1218.725725165302,7.199222370875467,0.7410967376211415,0.7706874196585695,0.012793238232636771,0.014395207564060902,0.01340491704911213,0.015853163354107393,0.014757527252495146,0.8069833096952331,0.9080337622542223,0.9083443872241996,False,1e-24,False
UniGCN,random,9,67,base,1.3642220290539324,0.00020518530471357876,1.2358132186434026e-16,1.6517662914378695,2.0577191104608934,0.8259171022713941,0.00012422175326932242,6.005743020808131e-17,1.8522275434998594e-06,3.045114760657956e-09,1.7637325049691504e-21,2.000685915016799e-05,2.4916882628770222e-05,0.09257962629702958,0.0001522035386865003,7.078463751852572e-17,False,1e-24,False
UniGCN,random,9,67,restart,9422.609373440971,969.9749541194101,939.2565843991586,1308.8367453154203,1218.72519041991,7.199224354883304,0.7410969760675942,0.7706877578164599,0.01279323764125887,0.014395207563137296,0.013404917049112031,0.01585315825236701,0.01475752077727309,0.8069835320888652,0.9080340544123422,0.9083447857824399,False,1e-24,False
UniGCN,random,9,68,base,1.2894389544742977,0.00019393758421435957,6.902094111586789e-17,1.5612207943434984,1.944920344253991,0.82591710227413,0.00012422175320558123,3.548779841795634e-17,1.7506932861912732e-06,2.8781895524236808e-09,9.850556340807739e-22,1.8910135590400897e-05,2.355100445620567e-05,0.09257962629733625,0.00015220353860840097,4.1826480730897765e-17,False,1e-24,False
UniGCN,random,9,68,restart,9422.60899232721,969.974954064958,939.2565843991539,1308.836376773856,1218.7247225280103,7.199226090852511,0.7410971847037474,0.7706880536983337,0.01279323712381421,0.014395207562329182,0.013404917049111965,0.01585315378844302,0.014757515111578735,0.8069837266790728,0.9080343100451922,0.9083451345134981,False,1e-24,False
UniGCN,random,9,69,base,1.2187552919575366,0.00018330643429069452,3.8549708643743353e-17,1.4756387639857422,1.8383049106473042,0.8259171022761993,0.00012422175315832625,2.0970247329736626e-17,1.6547248706396007e-06,2.720414746861897e-09,5.501751653595112e-22,1.7873531540524974e-05,2.2260000143669423e-05,0.0925796262975682,0.00015220353855050148,2.471586531035926e-17,False,1e-24,False
UniGCN,random,9,69,restart,9422.60865885961,969.9749540173143,939.2565843991507,1308.8360543069475,1218.724313131402,7.199227609793385,0.7410973672565383,0.7706883125895928,0.012793236671059555,0.014395207561622112,0.01340491704911192,0.01585314988259384,0.01475751015420278,0.8069838969418972,0.908034533719227,0.9083454396468325,False,1e-24,False
UniGCN,random,9,70,base,1.1519463224835238,0.00017325805615134646,2.153140643563195e-17,1.394748116132496,1.7375338555606552,0.8259171022777657,0.00012422175312326255,1.2391934906318328e-17,1.5640171919940482e-06,2.5712887427578784e-09,3.0729272705072113e-22,1.68937514066436e-05,2.103976530247724e-05,0.09257962629774379,0.00015220353850753946,1.4605330555400267e-17,False,1e-24,False
UniGCN,random,9,70,restart,9422.608367081417,969.9749539756277,939.2565843991483,1308.8357721543543,1218.7239549169017,7.199228938839078,0.7410975269869352,0.7706885391148247,0.012793236274907319,0.01439520756100345,0.013404917049111885,0.015853146465047895,0.014757505816590025,0.8069840459187778,0.9080347294299701,0.908345706633055,False,1e-24,False
UniGCN,random,9,71,base,1.0887996455394993,0.00016376050376889906,1.202634800830592e-17,1.3182916814958496,1.6422868054877882,0.8259171022789519,0.000124221753097222,7.322927985610821e-18,1.4782818704516149e-06,2.430337435400443e-09,1.7163808072553658e-22,1.596768025067647e-05,1.988642053577064e-05,0.09257962629787675,0.0001522035384756331,8.630918792892018e-18,False,1e-24,False
UniGCN,random,9,71,restart,9422.608111780622,969.9749539391531,939.2565843991471,1308.835525275938,1218.723641485673,7.199230101730378,0.7410976667482007,0.7706887373204279,0.012793235928281072,0.014395207560462137,0.013404917049111868,0.015853143474756998,0.014757502021257078,0.8069841762708939,0.9080349006734006,0.9083459402413151,False,1e-24,False
UniGCN,random,9,72,base,1.0291145038518223,0.0001547835823152806,6.717447639740967e-18,1.2460263881339515,1.5522609489580288,0.825917102279851,0.0001242217530778657,4.327524727237469e-18,1.3972463344338656e-06,2.297112709283536e-09,9.587031902478909e-23,1.5092373887281387e-05,1.8796299105055012e-05,0.09257962629797754,0.0001522035384519167,5.100489116977611e-18,False,1e-24,False
UniGCN,random,9,72,restart,9422.607888396844,969.9749539072387,939.2565843991459,1308.8353092617067,1218.7233672388986,7.199231119239891,0.74109778903687,0.770688910746904,0.0127932356249891,0.014395207559988502,0.01340491704911185,0.015853140858305553,0.014757498700407963,0.8069842903267116,0.9080350505084152,0.908346144644504,False,1e-24,False
UniGCN,random,9,73,base,0.9727011451341518,0.00014629875216503637,3.752175444943831e-18,1.1777224886714621,1.4671700738315383,0.825917102280533,0.00012422175306346547,2.5574236496965646e-18,1.3206529540215366e-06,2.1711910134376708e-09,5.3550437046297e-23,1.4265049523636893e-05,1.7765935272825637e-05,0.09257962629805398,0.00015220353843427268,3.014219979074589e-18,False,1e-24,False
UniGCN,random,9,73,restart,9422.607692939853,969.9749538793143,939.2565843991453,1308.8351202530282,1218.7231272777517,7.199232009543146,0.7410978960373523,0.770689062492112,0.012793235359613808,0.014395207559574082,0.013404917049111842,0.01585313856895625,0.014757495794722875,0.8069843901235828,0.9080351816114759,0.9083463234938071,False,1e-24,False
UniGCN,random,9,74,base,0.9193802188229112,0.00013827903816106371,2.095895148360727e-18,1.1131628298817524,1.3867436573675251,0.8259171022810508,0.0001242217530527431,1.5113789323827838e-18,1.2482582218919752e-06,2.0521720148605456e-09,2.9912274317868567e-23,1.3483076912327425e-05,1.679205328422052e-05,0.09257962629811202,0.00015220353842113502,1.781335123917044e-18,False,1e-24,False
UniGCN,random,9,74,restart,9422.607521918284,969.9749538548812,939.256584399145,1308.8349548736894,1218.7229173158717,7.1992327885433225,0.7410979896609575,0.7706891952666105,0.012793235127414902,0.014395207559211474,0.013404917049111838,0.015853136565815034,0.014757493252298356,0.8069844774441444,0.9080352963244278,0.9083464799839319,False,1e-24,False
UniGCN,random,9,75,base,0.8689822058821302,0.0001306989438542826,1.1707464507503403e-18,1.0521421623086948,1.310726006172524,0.8259171022814442,0.00012422175304475252,8.932045639111558e-19,1.1798319791554369e-06,1.9396773257648555e-09,1.6708702732054752e-23,1.274396998920415e-05,1.5871556952670006e-05,0.09257962629815612,0.0001522035384113445,1.0527450320016598e-18,False,1e-24,False
UniGCN,random,9,75,restart,9422.607372277263,969.9749538335026,939.2565843991446,1308.8348101695792,1218.72273360279,7.199233470155354,0.7410980715800398,0.7706893114420809,0.012793234924244733,0.014395207558894198,0.013404917049111831,0.015853134813100522,0.01475749102772005,0.8069845538481648,0.9080353966963344,0.9083466169101795,False,1e-24,False
UniGCN,random,9,76,base,0.8213468798648871,0.000123534370444546,6.539768973448654e-19,0.9944664877331758,1.238875443294462,0.825917102281743,0.00012422175303879258,5.278794578458885e-19,1.115156683629004e-06,1.833349300596284e-09,9.333451802790928e-24,1.2045378969636333e-05,1.500151981643388e-05,0.09257962629818961,0.00015220353840404206,6.221670815357193e-19,False,1e-24,False
UniGCN,random,9,76,restart,9422.607241343845,969.9749538147969,939.2565843991447,1308.8346835559153,1218.7225728569267,7.199234066554517,0.7410981432578748,0.7706894130936964,0.012793234746474196,0.01439520755861659,0.013404917049111833,0.015853133279504786,0.014757489081251365,0.8069846207004089,0.9080354845200839,0.908346736718382,False,1e-24,False
UniGCN,random,9,77,base,0.7763227975179484,0.00011676254016505615,3.653151247822377e-19,0.939952442409783,1.1709635398780893,0.8259171022819701,0.0001242217530343436,3.119782233529416e-19,1.054026718221805e-06,1.7328498989966897e-09,5.213717982743262e-24,1.138508287802547e-05,1.4179175834731184e-05,0.09257962629821508,0.00015220353839859093,3.6770247040540393e-19,False,1e-24,False
UniGCN,random,9,77,restart,9422.607126779256,969.9749537984296,939.2565843991442,1308.8345727710662,1218.7224322069676,7.199234588393932,0.7410982059747989,0.7706895020371928,0.012793234590927896,0.014395207558373688,0.013404917049111826,0.015853131937634036,0.014757487378123614,0.8069846791950179,0.9080355613644169,0.9083468415485941,False,1e-24,False
UniGCN,random,9,78,base,0.733766817310123,0.0001103619238666855,2.040694888880625e-19,0.8884267141128406,1.1067743889390524,0.8259171022821429,0.00012422175303101955,1.8438219290896523e-19,9.962477372327415e-07,1.6378596110972537e-09,2.912446520190312e-24,1.0760982486831885e-05,1.3401910593883924e-05,0.09257962629823444,0.0001522035383945181,2.173157700006916e-19,False,1e-24,False
UniGCN,random,9,78,restart,9422.607026537102,969.9749537841087,939.2565843991445,1308.8344758361511,1218.722309140571,7.199235044994864,0.7410982608510818,0.7706895798613036,0.012793234454827412,0.014395207558161155,0.01340491704911183,0.01585313076351927,0.014757485887914895,0.8069847303768417,0.9080356286019515,0.9083469332733225,False,1e-24,False
UniGCN,random,9,79,base,0.6935436443536307,0.00010431217257196545,1.1399694313052276e-19,0.8397254911384526,1.046103918947762,0.8259171022822747,0.0001242217530285342,1.0897286690713114e-19,9.416360484824577e-07,1.548076441724684e-09,1.626945812144118e-24,1.0171093642665365e-05,1.266725299551681e-05,0.09257962629824922,0.00015220353839147293,1.2843714519003654e-19,False,1e-24,False
UniGCN,random,9,79,restart,9422.606938826842,969.9749537715783,939.2565843991443,1308.8343910196866,1218.722201459486,7.199235444513251,0.7410983088669378,0.7706896479561409,0.012793234335741695,0.014395207557975192,0.013404917049111828,0.015853129736188062,0.014757484584006629,0.8069847751601049,0.9080356874337021,0.9083470135309752,False,1e-24,False
UniGCN,random,9,80,base,0.6555254002716856,9.859405278112355e-05,6.36814016370691e-20,0.7936939415108109,0.9887592450407954,0.8259171022823748,0.0001242217530266742,6.44053665808623e-20,8.90018029315216e-07,1.4632149502908347e-09,9.088505959872226e-25,9.613540958222029e-06,1.197286740038816e-05,0.09257962629826044,0.00015220353838919394,7.590918412390984e-20,False,1e-24,False
UniGCN,random,9,80,restart,9422.606862081779,969.9749537606141,939.2565843991442,1308.8343168066592,1218.7221072402854,7.199235794085375,0.7410983508800363,0.7706897075380276,0.012793234231543611,0.014395207557812475,0.013404917049111826,0.015853128837289957,0.014757483443108073,0.8069848143447356,0.9080357389105336,0.9083470837551296,False,1e-24,False
UniGCN,random,9,81,base,0.6195912166448118,9.318938532448958e-05,3.557426326523057e-20,0.7501857207370441,0.9345580557971923,0.8259171022824513,0.0001242217530252811,3.806533263991307e-20,8.412295746140157e-07,1.3830053433132906e-09,5.077100933593586e-25,9.086551850012646e-06,1.1316546202875382e-05,0.092579626298269,0.00015220353838748702,4.486440334864327e-20,False,1e-24,False
UniGCN,random,9,81,restart,9422.606794931076,969.9749537510207,939.2565843991441,1308.8342518714592,1218.7220248000062,7.19923609995536,0.7410983876408226,0.7706897596712239,0.012793234140371956,0.014395207557670101,0.013404917049111826,0.01585312805076864,0.014757482444840257,0.8069848486306571,0.9080357839519343,0.9083471452001397,False,1e-24,False
UniGCN,random,9,82,base,0.5856268507433644,8.808098756686144e-05,1.9872969331713977e-20,0.70906250654566,0.8833280336300595,0.8259171022825094,0.00012422175302423703,2.2497836109701505e-20,7.951155750740763e-07,1.307192616681723e-09,2.836237827191663e-25,8.588450902927082e-06,1.0696202812507669e-05,0.09257962629827551,0.00015220353838620777,2.651630561712135e-20,False,1e-24,False
UniGCN,random,9,82,restart,9422.606736175283,969.9749537426266,939.2565843991441,1308.8341950542026,1218.7219526660856,7.199236367586702,0.7410984198059228,0.7706898052869393,0.012793234060598213,0.014395207557545526,0.013404917049111826,0.015853127362575124,0.014757481571371947,0.8069848786302897,0.9080358233624397,0.9083471989635437,False,1e-24,False
UniGCN,random,9,83,base,0.5535243223245871,8.325261878008206e-05,1.1101785342817513e-20,0.670193559129402,0.8349063069507936,0.8259171022825539,0.0001242217530234538,1.32970433333567e-20,7.515294240760004e-07,1.2355357449430472e-09,1.5844287289475386e-25,8.11765454371853e-06,1.0109865020232697e-05,0.09257962629828051,0.00015220353838524812,1.5672105668835826e-20,False,1e-24,False
UniGCN,random,9,83,restart,9422.606684764898,969.974953735282,939.2565843991441,1308.8341453400124,1218.7218895500587,7.199236601759859,0.7410984479498733,0.7706898451999655,0.012793233990797456,0.014395207557436528,0.013404917049111826,0.015853126760416815,0.014757480807101146,0.8069849048794898,0.9080358578460043,0.9083472460056679,False,1e-24,False
UniGCN,random,9,84,base,0.523181570339501,7.868892851015462e-05,6.201915222627717e-21,0.6334553054944421,0.789138932364222,0.8259171022825876,0.00012422175302286584,7.859091686234616e-21,7.103325515908546e-07,1.1678069150279315e-09,8.85127243032657e-26,7.672666006473377e-06,9.55566872832717e-06,0.0925796262982843,0.00015220353838452772,9.262849814045498e-21,False,1e-24,False
UniGCN,random,9,84,restart,9422.606639781623,969.9749537288556,939.2565843991441,1308.8341018408873,1218.7218343245395,7.199236806657649,0.7410984725753834,0.7706898801232315,0.012793233929722895,0.014395207557341153,0.013404917049111826,0.015853126233537875,0.014757480138376355,0.8069849278471228,0.9080358880185762,0.9083472871667817,False,1e-24,False
UniGCN,random,9,85,base,0.49450212845822317,7.437540777473925e-05,3.4646668601940106e-21,0.5987309465944606,0.7458804052484493,0.8259171022826136,0.00012422175302242405,4.645070222805955e-21,6.71393983635355e-07,1.1037908019824428e-09,4.944716133495944e-26,7.25207057406081e-06,9.031852024017243e-06,0.0925796262982872,0.0001522035383839864,5.474753262505958e-21,False,1e-24,False
UniGCN,random,9,85,restart,9422.60660042197,969.9749537232324,939.2565843991441,1308.8340637798437,1218.721786003087,7.199236985939973,0.7410984941223151,0.7706899106805375,0.012793233876283621,0.0143952075572577,0.013404917049111826,0.015853125772527173,0.01475747955325278,0.8069849479434382,0.9080359144190991,0.9083473231821061,False,1e-24,False
UniGCN,random,9,86,base,0.4673948183821356,7.029834293587797e-05,1.9355285049097382e-21,0.565910086000605,0.7049931971634331,0.8259171022826336,0.00012422175302209196,2.7454569954680564e-21,6.345899258765605e-07,1.0432838844022267e-09,2.7623547692353144e-26,6.854531080433684e-06,8.536749577967517e-06,0.09257962629828945,0.0001522035383835795,3.2358390556104294e-21,False,1e-24,False
UniGCN,random,9,86,restart,9422.606565982895,969.9749537183125,939.2565843991442,1308.834030477033,1218.7217437225797,7.199237142809178,0.7410985129755405,0.7706899374176992,0.0127932338295251,0.014395207557184684,0.013404917049111826,0.015853125369150105,0.0147574790412789,0.8069849655273971,0.9080359375191404,0.9083473546949479,False,1e-24,False
UniGCN,random,9,87,base,0.44177345996787604,6.644477210129688e-05,1.0812841508339419e-21,0.534888378926788,0.6663473186176082,0.8259171022826486,0.00012422175302184197,1.6227035370640555e-21,5.99803370062267e-07,9.86093797392807e-10,1.543191135329721e-26,6.478783659481442e-06,8.068787349830195e-06,0.09257962629829113,0.00015220353838327322,1.9125440644587036e-21,False,1e-24,False
UniGCN,random,9,87,restart,9422.606535849241,969.9749537140073,939.2565843991442,1308.834001337599,1218.7217067278032,7.1992372800672575,0.741098529471816,0.7706899608122953,0.012793233788612126,0.014395207557120792,0.013404917049111826,0.015853125016201536,0.014757478593309836,0.8069849809130837,0.9080359577313128,0.9083473822681891,False,1e-24,False
UniGCN,random,9,88,base,0.4175565972415737,6.280244391567668e-05,6.040628753525583e-22,0.5055672004944995,0.6298199058024994,0.82591710228266,0.00012422175302165384,9.591041340347567e-22,5.669237220258556e-07,9.32038720998934e-10,8.621087007581694e-27,6.123633726919809e-06,7.626477584022145e-06,0.0925796262982924,0.0001522035383830427,1.1304153080634898e-21,False,1e-24,False
UniGCN,random,9,88,restart,9422.606509482772,969.9749537102405,939.2565843991441,1308.833975841053,1218.7216743579559,7.199237400165924,0.7410985439057978,0.7706899812821998,0.01279323375281392,0.01439520755706489,0.013404917049111826,0.01585312470737709,0.014757478201343955,0.8069849943753181,0.9080359754166462,0.9083474063943424,False,1e-24,False
UniGCN,random,9,89,base,0.39466723943226373,5.935977861087738e-05,3.3746305582772193e-22,0.47785333218247045,0.5952948299814573,0.8259171022826691,0.000124221753021512,5.668839016092806e-22,5.358464500829382e-07,8.809468021586293e-10,4.816217789310743e-27,5.787952182442713e-06,7.208414079820343e-06,0.09257962629829343,0.00015220353838286892,6.681383361138402e-22,False,1e-24,False
UniGCN,random,9,89,restart,9422.606486412522,969.9749537069445,939.2565843991441,1308.8339535319756,1218.7216460348477,7.199237505250372,0.7410985565353058,0.7706899991930457,0.012793233721491047,0.014395207557015975,0.013404917049111826,0.015853124437160554,0.014757477858379962,0.8069850061545619,0.9080359908910357,0.9083474275043488,False,1e-24,False
UniGCN,random,9,90,base,0.37303261620117223,5.6105831191289325e-05,1.8852631341433624e-22,0.4516586654643451,0.562662328290682,0.8259171022826756,0.00012422175302140515,3.350611973384861e-22,5.064727527019781e-07,8.326556083442182e-10,2.690616850464464e-27,5.470671820062319e-06,6.813267720738284e-06,0.09257962629829415,0.000152203538382738,3.949084287814995e-22,False,1e-24,False
UniGCN,random,9,90,restart,9422.606466226413,969.9749537040607,939.256584399144,1308.8339340118825,1218.721621252572,7.1992375971976195,0.7410985675859276,0.7706900148647557,0.012793233694084022,0.014395207556973176,0.013404917049111825,0.015853124200725318,0.014757477558291845,0.8069850164612159,0.9080360044308845,0.9083474459752742,False,1e-24,False
UniGCN,random,9,91,base,0.3525839462886901,5.303025663726596e-05,1.0532204191021996e-22,0.42689992169215757,0.5318186547787632,0.8259171022826809,0.00012422175302132448,1.9804127020334399e-22,4.787092443923355e-07,7.870116111533181e-10,1.5031390343169622e-27,5.170783935224776e-06,6.439782248970249e-06,0.09257962629829475,0.00015220353838263915,2.334145746243704e-22,False,1e-24,False
UniGCN,random,9,91,restart,9422.606448563882,969.9749537015374,939.256584399144,1308.8339169321068,1218.7215995684687,7.1992376776500215,0.741098577255049,0.7706900285772574,0.012793233670103302,0.014395207556935729,0.013404917049111825,0.01585312399384819,0.014757477295719438,0.8069850254793769,0.9080360162780405,0.9083474621370456,False,1e-24,False
UniGCN,random,9,92,base,0.3332562188435122,5.012327701601444e-05,5.88393472161531e-23,0.40349838733506377,0.5026657505753209,0.8259171022826847,0.00012422175302126358,1.1705461760386327e-22,4.524676588111065e-07,7.438696982080336e-10,8.397455836426074e-28,4.887335117915016e-06,6.086770271469465e-06,0.09257962629829516,0.00015220353838256453,1.3796242443693812e-22,False,1e-24,False
UniGCN,random,9,92,restart,9422.606433109446,969.9749536993295,939.2565843991441,1308.8339019875698,1218.721580595217,7.199237748044621,0.7410985857153795,0.7706900405754826,0.01279323364912055,0.014395207556902961,0.013404917049111826,0.015853123812833932,0.014757477065972684,0.8069850333701273,0.9080360266441173,0.9083474762783437,False,1e-24,False
UniGCN,random,9,93,base,0.31498798673874073,4.73756503953806e-05,3.28713662510319e-23,0.38137966373159005,0.47511093214013483,0.8259171022826878,0.0001242217530212176,6.918671835851681e-23,4.276645681448669e-07,7.030927118105514e-10,4.691347872402076e-28,4.619424221555111e-06,5.753109484962592e-06,0.09257962629829551,0.0001522035383825082,8.154456098331286e-23,False,1e-24,False
UniGCN,random,9,93,restart,9422.606419587053,969.9749536973977,939.2565843991442,1308.8338889113334,1218.721563993918,7.199237809638794,0.7410985931180365,0.7706900510737427,0.012793233630760967,0.014395207556874293,0.013404917049111826,0.015853123654449287,0.014757476864947862,0.8069850402744104,0.9080360357142726,0.9083474886517591,False,1e-24,False
UniGCN,random,9,94,base,0.29772117121785735,4.4778641461699015e-05,1.836406607309736e-23,0.3604734305598083,0.44906659660163917,0.82591710228269,0.00012422175302118286,4.08938589778653e-23,4.042211178741729e-07,6.645510128884306e-10,2.620889610816586e-28,4.366199498059692e-06,5.437739107899002e-06,0.09257962629829576,0.00015220353838246562,4.819814924569317e-23,False,1e-24,False
UniGCN,random,9,94,restart,9422.606407755173,969.9749536957074,939.256584399144,1308.8338774698304,1218.7215494680402,7.199237863532739,0.7410985995952462,0.7706900602595566,0.012793233614696621,0.014395207556849208,0.013404917049111825,0.01585312351586519,0.014757476689054277,0.8069850463155509,0.9080360436505173,0.9083474994783047,False,1e-24,False
UniGCN,random,9,95,base,0.281400877249491,4.232399374829557e-05,1.025937379086398e-23,0.3407132222734554,0.42444994324798885,0.8259171022826918,0.00012422175302115646,2.417098636498072e-23,3.8206277607757687e-07,6.281220688432702e-10,1.464201123810497e-28,4.126855889940108e-06,5.139656507991261e-06,0.09257962629829597,0.00015220353838243329,2.8488306981875577e-23,False,1e-24,False
UniGCN,random,9,95,restart,9422.606397402458,969.9749536942282,939.256584399144,1308.8338674586937,1218.7215367581232,7.1992379106890985,0.7410986052627038,0.770690068297001,0.012793233600640564,0.014395207556827256,0.013404917049111825,0.015853123394606268,0.014757476535150128,0.8069850516014545,0.9080360505946079,0.908347508951364,False,1e-24,False
UniGCN,random,9,96,base,0.2659752190039532,4.000390338635093e-05,5.7315730053273925e-24,0.32203621679323907,0.4011827102852551,0.8259171022826931,0.00012422175302113654,1.4286689975378153e-23,3.6111909647813887e-07,5.936900639924358e-10,8.180007675590831e-29,3.9006324708483406e-06,4.857914014624984e-06,0.09257962629829611,0.00015220353838240886,1.6838518860079706e-23,False,1e-24,False
UniGCN,random,9,96,restart,9422.606388343997,969.9749536929343,939.2565843991442,1308.8338586991047,1218.7215256371437,7.199237951950183,0.7410986102216411,0.7706900753296401,0.012793233588341736,0.014395207556808051,0.013404917049111826,0.015853123288506594,0.014757476400486393,0.8069850562265382,0.9080360566705792,0.9083475172401436,False,1e-24,False
UniGCN,random,9,97,base,0.2513951548966922,3.7810994294672596e-05,3.2020480006709474e-24,0.30438303578153153,0.3791909260258467,0.8259171022826943,0.0001242217530211215,8.444421479781632e-24,3.413234944791076e-07,5.611455313653445e-10,4.56991077296807e-29,3.6868100264235886e-06,4.591615906004035e-06,0.09257962629829625,0.00015220353838239043,9.952728770262375e-24,False,1e-24,False
UniGCN,random,9,97,restart,9422.60638041798,969.9749536918019,939.256584399144,1308.8338510346005,1218.7215159064597,7.199237988052986,0.7410986145606342,0.7706900814830897,0.012793233577580446,0.014395207556791247,0.013404917049111825,0.015853123195671028,0.01475747628265772,0.8069850602734141,0.9080360619869596,0.9083475244926967,False,1e-24,False
UniGCN,random,9,98,base,0.23761433167423204,3.5738294729498845e-05,1.7888857337509397e-24,0.28769755586548124,0.35840467371612894,0.825917102282695,0.00012422175302111014,4.9912455526955825e-24,3.226130354767379e-07,5.30385004683717e-10,2.5530685937763375e-29,3.4847087677504987e-06,4.339915561452522e-06,0.09257962629829633,0.00015220353838237653,5.882760983768666e-24,False,1e-24,False
UniGCN,random,9,98,restart,9422.606373482842,969.974953690811,939.2565843991441,1308.8338443282785,1218.7215073922623,7.199238019642382,0.7410986183571857,0.7706900868672628,0.012793233568164492,0.014395207556776542,0.013404917049111826,0.015853123114441356,0.014757476179559461,0.8069850638143682,0.90803606663871,0.9083475308385683,False,1e-24,False
UniGCN,random,9,99,base,0.22458893704691216,3.377921511978088e-05,9.993974446739694e-25,0.2719267302083783,0.3387578692555767,0.8259171022826955,0.00012422175302110152,2.95018222564144e-24,3.0492823477724476e-07,5.013106894193577e-10,1.4263237615224208e-29,3.2936861701596207e-06,4.102012769820125e-06,0.09257962629829639,0.00015220353838236596,3.4771314512142914e-24,False,1e-24,False
UniGCN,random,9,99,restart,9422.6063674147,969.9749536899443,939.2565843991442,1308.833838460351,1218.7214999424718,7.199238047282611,0.7410986216791094,0.7706900915783308,0.012793233559925673,0.014395207556763679,0.013404917049111826,0.01585312304336665,0.014757476089350087,0.8069850669126477,0.9080360707089193,0.9083475363911075,False,1e-24,False
UniGCN,random,9,100,base,0.21227756039991358,3.1927527117476764e-05,5.583341774996834e-25,0.2570204198620104,0.3201880511007804,0.8259171022826962,0.00012422175302109488,1.7437695616066123e-24,2.8821286848178507e-07,4.738301518836872e-10,7.968454477064143e-30,3.1131349304991567e-06,3.877151185433601e-06,0.09257962629829647,0.00015220353838235783,2.0552343965851803e-24,False,1e-24,False
UniGCN,random,9,100,restart,9422.606362105174,969.9749536891858,939.2565843991443,1308.8338333260056,1218.721493424021,7.199238071467383,0.741098624585741,0.770690095700442,0.012793233552716839,0.014395207556752422,0.013404917049111828,0.01585312298117739,0.014757476010418286,0.8069850696235943,0.9080360742702892,0.908347541249493,False,1e-24,False
UniGCN,random,9,101,base,0.20064106113974092,3.0177343796253404e-05,3.1192561759481255e-25,0.24293123436383954,0.30263618168636314,0.8259171022826963,0.00012422175302109,1.0306950605069308e-24,2.7241379473822843e-07,4.4785602536057115e-10,4.451751628684402e-30,2.942481036383715e-06,3.6646159235063392e-06,0.09257962629829647,0.00015220353838235186,1.2147935067708061e-24,False,1e-24,False
UniGCN,random,9,101,restart,9422.606357459419,969.9749536885221,939.2565843991441,1308.8338288335328,1218.7214877204772,7.199238092628684,0.7410986271289988,0.7706900993072254,0.012793233546409218,0.014395207556742572,0.013404917049111826,0.01585312292676275,0.01475747594135418,0.8069850719956305,0.9080360773864329,0.9083475455005051,False,1e-24,False
UniGCN,random,9,102,base,0.1896424442576063,2.8523100935643376e-05,1.7426452866709897e-25,0.2296143810722242,0.2860464597314829,0.8259171022826967,0.00012422175302108607,6.09217568470116e-25,2.574807847914385e-07,4.2330573234817257e-10,2.4870749805596574e-30,2.7811819412817848e-06,3.4637312873612744e-06,0.09257962629829651,0.00015220353838234704,7.180334657121599e-25,False,1e-24,True
UniGCN,random,9,102,restart,9422.606353394454,969.9749536879411,939.2565843991442,1308.833824902689,1218.7214827299654,7.199238111144491,0.7410986293543095,0.7706901024631049,0.012793233540890146,0.01439520755673395,0.013404917049111826,0.015853122879150784,0.014757475880924164,0.8069850740711252,0.9080360801130097,0.9083475492200745,False,1e-24,False
UniGCN,random,9,103,base,0.17924674271410074,2.6959539331155904e-05,9.735672278641409e-26,0.21702752276068954,0.2703661428352003,0.8259171022826968,0.00012422175302108328,3.6009213936878615e-25,2.4336636329493314e-07,4.0010122202678725e-10,1.3894592966416314e-30,2.6287248396401345e-06,3.273858620241472e-06,0.09257962629829652,0.00015220353838234362,4.244102931174065e-25,False,1e-24,True
UniGCN,random,9,103,restart,9422.606349837673,969.9749536874331,939.2565843991441,1308.8338214632615,1218.7214783633447,7.199238127345538,0.7410986313014222,0.7706901052244506,0.012793233536061044,0.01439520755672641,0.013404917049111826,0.015853122837491053,0.014757475828048835,0.8069850758871511,0.9080360824987227,0.9083475524746403,False,1e-24,False
UniGCN,random,9,104,base,0.16942090627123083,2.54816880741004e-05,5.439045294993125e-26,0.205130643018506,0.25554537979670233,0.825917102282697,0.00012422175302108108,2.1284068212542625e-25,2.300256573762422e-07,3.781687221179923e-10,7.762516890140977e-31,2.484625036561361e-06,3.094394274878827e-06,0.09257962629829655,0.00015220353838234094,2.5085739568352026e-25,False,1e-24,True
UniGCN,random,9,104,restart,9422.606346725548,969.9749536869884,939.2565843991441,1308.8338184538159,1218.7214745426193,7.199238141521202,0.7410986330051155,0.7706901076405853,0.012793233531835658,0.014395207556719811,0.013404917049111826,0.015853122801039433,0.014757475781783741,0.8069850774761456,0.9080360845861843,0.9083475553223349,False,1e-24,False
UniGCN,random,9,105,base,0.16013369641839062,2.4084848747966862e-05,3.0386504185515555e-26,0.1938859190296554,0.24153705212729273,0.8259171022826971,0.00012422175302107945,1.2580473230873716e-25,2.174162539761056e-07,3.5743850434623555e-10,4.336712404096685e-31,2.348424406851446e-06,2.9247676943656813e-06,0.09257962629829657,0.00015220353838233893,1.4827544807920972e-25,False,1e-24,True
UniGCN,random,9,105,restart,9422.606344002486,969.9749536865994,939.2565843991441,1308.8338158205977,1218.7214711995439,7.199238153924689,0.7410986344958207,0.7706901097546657,0.01279323352813851,0.014395207556714038,0.013404917049111826,0.015853122769144832,0.014757475741302505,0.8069850788664912,0.908036086412681,0.9083475578140234,False,1e-24,False
UniGCN,random,9,106,base,0.15135558705821694,2.2764580491118875e-05,1.6976216476886444e-26,0.18325760132572064,0.22829662425027883,0.8259171022826971,0.00012422175302107815,7.43603482208113e-26,2.0549806500796307e-07,3.378446627571995e-10,2.422817976048628e-31,2.2196899385382825e-06,2.7644395982280315e-06,0.09257962629829657,0.00015220353838233733,8.764228300020091e-26,False,1e-24,True
UniGCN,random,9,106,restart,9422.606341619849,969.9749536862591,939.2565843991445,1308.8338135165725,1218.7214682744047,7.199238164777547,0.7410986358001649,0.7706901116044534,0.012793233524903563,0.014395207556708988,0.01340491704911183,0.01585312274123755,0.014757475705882048,0.8069850800830219,0.9080360880108375,0.9083475599942126,False,1e-24,False
UniGCN,random,9,107,base,0.14305867063658534,2.1516685878310848e-05,9.484221665797017e-27,0.17321190013040655,0.21578200191250782,0.8259171022826973,0.00012422175302107715,4.395279301209998e-26,1.9423319990904682e-07,3.1932490418817467e-10,1.3535726745714367e-31,2.098012356230699e-06,2.6129002679334403e-06,0.0925796262982966,0.00015220353838233611,5.180345729927098e-26,False,1e-24,True
UniGCN,random,9,107,restart,9422.606339535076,969.9749536859613,939.2565843991441,1308.833811500586,1218.721465714953,7.1992381742736296,0.7410986369414456,0.7706901132229889,0.01279323352207303,0.014395207556704568,0.013404917049111826,0.015853122716819112,0.014757475674889694,0.8069850811474674,0.9080360894091993,0.9083475619018441,False,1e-24,False
UniGCN,random,9,108,base,0.13521656941831361,2.0337197576143318e-05,5.298634817646002e-27,0.16371687793435624,0.203953398357412,0.8259171022826975,0.00012422175302107642,2.597963485933472e-26,1.8358584517788931e-07,3.01820350224296e-10,7.562125342940011e-32,1.9830048199413303e-06,2.4696679263829154e-06,0.09257962629829661,0.00015220353838233522,3.0620008715161663e-26,False,1e-24,True
UniGCN,random,9,108,restart,9422.606337710933,969.9749536857005,939.2565843991441,1308.8338097366293,1218.7214634754728,7.199238182582555,0.7410986379400485,0.7706901146391824,0.012793233519596362,0.014395207556700696,0.013404917049111826,0.015853122695453355,0.01475747564777187,0.8069850820788408,0.9080360906327443,0.9083475635709921,False,1e-24,False
UniGCN,random,9,109,base,0.12780435162649875,1.922236573003127e-05,2.960211853172463e-27,0.15474234795873434,0.1927732078340961,0.8259171022826974,0.00012422175302107582,1.5355929832946866e-26,1.7352215051526893e-07,2.8527535001101953e-10,4.2247661606715503e-32,1.8743016952366075e-06,2.3342872062347922e-06,0.0925796262982966,0.0001522035383823345,1.8098741874553228e-26,False,1e-24,True
UniGCN,random,9,109,restart,9422.606336114835,969.9749536854728,939.2565843991442,1308.8338081931947,1218.7214615159623,7.199238189852735,0.7410986388138108,0.7706901158783297,0.012793233517429312,0.014395207556697317,0.013404917049111826,0.015853122676758653,0.014757475624044194,0.8069850828937779,0.9080360917033273,0.9083475650314707,False,1e-24,False
UniGCN,random,9,110,base,0.12079845217887532,1.816864604258577e-05,1.6538369570011957e-27,0.14625977818477,0.182205886040325,0.8259171022826974,0.00012422175302107541,9.076748248600355e-27,1.6401012120661043e-07,2.6963730332772876e-10,2.3603291783723536e-32,1.7715573908039e-06,2.206327702191082e-06,0.0925796262982966,0.00015220353838233397,1.0697999105157108e-26,False,1e-24,True
UniGCN,random,9,110,restart,9422.606334718275,969.974953685273,939.2565843991442,1308.8338068427126,1218.7214598014207,7.199238196214032,0.7410986395783391,0.7706901169625645,0.012793233515533178,0.014395207556694352,0.013404917049111826,0.01585312266040107,0.014757475603282841,0.8069850836068356,0.9080360926400709,0.9083475663093671,False,1e-24,False
UniGCN,random,9,111,base,0.11417659776919904,1.7172688505507416e-05,9.240009760910828e-28,0.1382422006441493,0.1722178371193133,0.8259171022826974,0.00012422175302107504,5.3653035687060146e-27,1.5501951640370007e-07,2.5485649335998094e-10,1.3187191491154598e-32,1.6744452597401801e-06,2.08538260264369e-06,0.0925796262982966,0.0001522035383823335,6.323631680074858e-27,False,1e-24,True
UniGCN,random,9,111,restart,9422.606333496307,969.9749536850984,939.2565843991439,1308.8338056610621,1218.7214583012235,7.199238201780068,0.7410986402472896,0.7706901179112529,0.012793233513874092,0.01439520755669176,0.013404917049111823,0.015853122646088444,0.014757475585116982,0.8069850842307499,0.9080360934597069,0.9083475674275062,False,1e-24,False
UniGCN,random,9,112,base,0.10791773605547242,1.6231326749167956e-05,5.162326914993194e-28,0.13066412568187014,0.1627773068510549,0.8259171022826978,0.00012422175302107485,3.17140454947866e-27,1.4652175298233044e-07,2.40885928638742e-10,7.367588923547415e-33,1.5826565610691632e-06,1.9710673963302005e-06,0.09257962629829664,0.0001522035383823333,3.7378675824401735e-27,False,1e-24,True
UniGCN,random,9,112,restart,9422.606332427105,969.9749536849458,939.2565843991442,1308.8338046271365,1218.721456988574,7.199238206650262,0.7410986408326109,0.7706901187413411,0.012793233512422418,0.014395207556689497,0.013404917049111826,0.015853122633565118,0.014757475569222132,0.8069850847766652,0.9080360941768758,0.9083475684058613,False,1e-24,False
UniGCN,random,9,113,base,0.10200196872988593,1.534156797601976e-05,2.8842256016924073e-28,0.1235014609189826,0.15385428169862356,0.8259171022826975,0.00012422175302107466,1.8746476015156693e-27,1.384898146702167e-07,2.2768119364409604e-10,4.116319819716198e-33,1.495899478185351e-06,1.8630186498873991e-06,0.09257962629829661,0.00015220353838233305,2.209489325275938e-27,False,1e-24,True
UniGCN,random,9,113,restart,9422.60633149157,969.974953684812,939.2565843991443,1308.8338037224673,1218.7214558400262,7.1992382109116075,0.7410986413447579,0.7706901194676551,0.012793233511152226,0.01439520755668751,0.013404917049111828,0.0158531226226074,0.014757475555314389,0.8069850852543328,0.9080360948043874,0.9083475692619065,False,1e-24,False
UniGCN,random,9,114,base,0.09641048825769016,1.4500583445829554e-05,1.6115896397626097e-28,0.11673143465757957,0.14542039338849028,0.8259171022826975,0.00012422175302107457,1.1082280842531151e-27,1.3089816615628322e-07,2.152003075984702e-10,2.3000344950518163e-33,1.4138981911044034e-06,1.7608928524161014e-06,0.09257962629829661,0.00015220353838233294,1.3061751553457465e-27,False,1e-24,True
UniGCN,random,9,114,restart,9422.606330672988,969.9749536846953,939.256584399144,1308.8338029308954,1218.7214548350644,7.199238214640219,0.741098641792879,0.7706901201031685,0.012793233510040823,0.01439520755668578,0.013404917049111825,0.015853122613019563,0.014757475543145325,0.8069850856722844,0.9080360953534508,0.9083475700109327,False,1e-24,False
UniGCN,random,9,115,base,0.09112551808387638,1.3705699482486527e-05,9.004925177146723e-29,0.11033252348452477,0.1374488287214984,0.8259171022826977,0.0001242217530210744,6.551474654900613e-28,1.2372267190825262e-07,2.0340359100044197e-10,1.285168260069537e-33,1.3363919995703095e-06,1.66436532338392e-06,0.09257962629829662,0.00015220353838233275,7.721671690783518e-28,False,1e-24,True
UniGCN,random,9,115,restart,9422.606329956743,969.9749536845928,939.2565843991442,1308.8338022382832,1218.7214539557388,7.199238217902693,0.7410986421849773,0.770690120659233,0.012793233509068365,0.014395207556684258,0.013404917049111826,0.015853122604630364,0.014757475532497587,0.8069850860379852,0.9080360958338719,0.9083475706663191,False,1e-24,False
UniGCN,random,9,116,base,0.08613025611757054,1.2954388973793821e-05,5.0316748798354007e-29,0.10428438384375481,0.12991424432776347,0.8259171022826975,0.0001242217530210743,3.8730740465540324e-28,1.1694051944044259e-07,1.9225353947481637e-10,7.181124466158677e-34,1.263134494231526e-06,1.573129180393924e-06,0.09257962629829661,0.00015220353838233262,4.56486635405267e-28,False,1e-24,True
UniGCN,random,9,116,restart,9422.606329330041,969.9749536845034,939.256584399144,1308.8338016322573,1218.7214531863422,7.199238220757312,0.7410986425280579,0.7706901211457807,0.012793233508217481,0.01439520755668293,0.013404917049111825,0.015853122597289937,0.014757475523180977,0.8069850863579685,0.9080360962542336,0.908347571239772,False,1e-24,False
UniGCN,random,9,117,base,0.08140882131446453,1.2244263337218983e-05,2.812477023501139e-29,0.09856778735960796,0.12279268609448668,0.8259171022826978,0.00012422175302107422,2.2904271524258297e-28,1.1053014678782062e-07,1.8171470453790794e-10,4.013921417083659e-34,1.1938927732510653e-06,1.4868943635375238e-06,0.09257962629829664,0.00015220353838233254,2.6995336827654617e-28,False,1e-24,True
UniGCN,random,9,117,restart,9422.606328781685,969.9749536844251,939.256584399144,1308.8338011019946,1218.7214525131324,7.199238223255057,0.7410986428282479,0.7706901215715024,0.01279323350747297,0.01439520755668177,0.013404917049111825,0.01585312259086718,0.014757475515029093,0.8069850866379485,0.9080360966220434,0.9083475717415342,False,1e-24,False
UniGCN,random,9,118,base,0.07694620318745836,1.1573064926061032e-05,1.5728176495932e-29,0.09316455970555865,0.11606151301052425,0.8259171022826975,0.00012422175302107428,1.3551586643977143e-28,1.044711739557408e-07,1.7175358089895962e-10,2.244699741941472e-34,1.128446701859964e-06,1.4053867132297699e-06,0.09257962629829661,0.0001522035383823326,1.5972114442314932e-28,False,1e-24,True
UniGCN,random,9,118,restart,9422.606328301885,969.9749536843564,939.2565843991442,1308.8338006380227,1218.7214519240836,7.1992382254405465,0.7410986430909093,0.7706901219440029,0.012793233506821535,0.014395207556680749,0.013404917049111826,0.015853122585247365,0.014757475507896311,0.8069850868829268,0.9080360969438711,0.9083475721805692,False,1e-24,False
UniGCN,random,9,119,base,0.07272821408499683,1.093865985189147e-05,8.802719339780187e-30,0.08805752282400756,0.10969932518559745,0.8259171022826977,0.00012422175302107417,8.024406098111445e-29,9.874433812742664e-08,1.6233849993940102e-10,1.2563097721785142e-34,1.0665882125000913e-06,1.3283470985952996e-06,0.09257962629829662,0.00015220353838233246,9.45769199561648e-29,False,1e-24,True
UniGCN,random,9,119,restart,9422.606327882064,969.9749536842966,939.2565843991443,1308.8338002320543,1218.7214514086756,7.199238227352816,0.7410986433207344,0.7706901222699345,0.012793233506251537,0.014395207556679862,0.013404917049111828,0.01585312258033011,0.014757475501655246,0.8069850870972791,0.9080360972254659,0.9083475725647173,False,1e-24,False
UniGCN,random,9,120,base,0.06874144408538226,1.0339031200450318e-05,4.931423642548264e-30,0.08323044031343137,0.10368589581530137,0.8259171022826978,0.0001242217530210741,4.756118085079526e-29,9.333143242320926e-08,1.5343952903129565e-10,7.038047532525618e-35,1.0081206433312906e-06,1.2555305936338881e-06,0.09257962629829664,0.00015220353838233235,5.605636030067069e-29,False,1e-24,True
UniGCN,random,9,120,restart,9422.606327514728,969.9749536842439,939.256584399144,1308.8337998768386,1218.721450957701,7.199238229026021,0.7410986435218273,0.7706901225551197,0.0127932335057528,0.01439520755667908,0.013404917049111825,0.015853122576027598,0.014757475496194404,0.8069850872848339,0.9080360974718563,0.9083475729008411,False,1e-24,False
UniGCN,random,9,121,base,0.06497321836366306,9.772272619428907e-06,2.7684914752434433e-30,0.07866796580926572,0.09800210687561281,0.8259171022826975,0.00012422175302107411,2.824930568847152e-29,8.821524801682405e-08,1.4502837637488594e-10,3.9511459587533556e-35,9.528581129998268e-07,1.1867056985464332e-06,0.09257962629829661,0.0001522035383823324,3.329507866687602e-29,False,1e-24,True
UniGCN,random,9,121,restart,9422.606327193314,969.9749536841981,939.2565843991439,1308.83379956603,1218.721450563106,7.19923823049005,0.7410986436977809,0.7706901228046522,0.012793233505316411,0.0143952075566784,0.013404917049111823,0.015853122572262957,0.01475747549141626,0.8069850874489415,0.9080360976874446,0.9083475731949441,False,1e-24,False
UniGCN,random,9,122,base,0.0614115568955576,9.236582257753555e-06,1.5585675462928078e-30,0.0743555941944128,0.0926298883424574,0.8259171022826977,0.00012422175302107406,1.6825752186278196e-29,8.337951942473994e-08,1.370783010526942e-10,2.2243622265217396e-35,9.006249296803875e-07,1.121653603745819e-06,0.09257962629829662,0.00015220353838233232,1.9831097756859776e-29,False,1e-24,True
UniGCN,random,9,122,restart,9422.606326912084,969.9749536841579,939.256584399144,1308.8337992940776,1218.7214502178408,7.199238231771052,0.7410986438517373,0.7706901230229894,0.01279323350493458,0.014395207556677803,0.013404917049111825,0.01585312256896896,0.014757475487235449,0.806985087592533,0.9080360978760807,0.9083475734522798,False,1e-24,False
UniGCN,random,9,123,base,0.05804513637030315,8.730257037101938e-06,8.823007326226866e-31,0.07027961548426112,0.08755216074310006,0.8259171022826975,0.00012422175302107406,1.0077429558952609e-29,7.880887279458423e-08,1.2956402801422351e-10,1.259205240572651e-35,8.512550325128526e-07,1.0601674942127663e-06,0.09257962629829661,0.00015220353838233232,1.1877417931094759e-29,False,1e-24,True
UniGCN,random,9,123,restart,9422.60632666601,969.9749536841226,939.2565843991441,1308.8337990561233,1218.7214499157394,7.199238232891909,0.7410986439864469,0.7706901232140313,0.012793233504600479,0.01439520755667728,0.013404917049111826,0.01585312256608676,0.01475747548357731,0.8069850877181733,0.9080360980411345,0.9083475736774448,False,1e-24,False
UniGCN,random,9,124,base,0.05486325419134285,8.251687237439805e-06,5.035644704807174e-31,0.06642707123960738,0.08275278085671797,0.8259171022826977,0.00012422175302107414,6.0851667492916334e-30,7.448877702826039e-08,1.2246166772097274e-10,7.186790135724375e-36,8.04591463658035e-07,1.0020518919850756e-06,0.09257962629829662,0.00015220353838233243,7.172073814947114e-30,False,1e-24,True
UniGCN,random,9,124,restart,9422.606326450701,969.9749536840922,939.2565843991441,1308.833798847917,1218.7214496514055,7.199238233872643,0.7410986441043158,0.7706901233811898,0.012793233504308152,0.014395207556676828,0.013404917049111826,0.015853122563564883,0.014757475480376495,0.8069850878281069,0.9080360981855542,0.9083475738744604,False,1e-24,False
UniGCN,random,9,125,base,0.05185579445040036,7.79935137936441e-06,2.913527537717484e-31,0.0627857133689078,0.07821649039152558,0.8259171022826977,0.000124221753021074,3.724953041402574e-30,7.040549758436834e-08,1.157486401963017e-10,4.1581390657367944e-36,7.604858692939412e-07,9.471220346898825e-07,0.09257962629829662,0.00015220353838233227,4.390288593695637e-30,False,1e-24,True
UniGCN,random,9,125,restart,9422.606326262305,969.974953684065,939.256584399144,1308.8337986657396,1218.721449420117,7.199238234730768,0.7410986442074491,0.7706901235274509,0.012793233504052363,0.014395207556676424,0.013404917049111825,0.015853122561358277,0.014757475477575829,0.8069850879242968,0.908036098311919,0.9083475740468461,False,1e-24,False
UniGCN,random,9,126,base,0.04901319576676675,7.371811386984521e-06,1.7251212236374901e-31,0.05934396518888205,0.07392886747528511,0.8259171022826978,0.00012422175302107403,2.333487962891098e-30,6.654605281305504e-08,1.0940360323868457e-10,2.4620649231132414e-36,7.187980279661099e-07,8.95203288143149e-07,0.09257962629829664,0.0001522035383823323,2.7502858353213964e-30,False,1e-24,True
UniGCN,random,9,126,restart,9422.606326097466,969.9749536840413,939.256584399144,1308.8337985063374,1218.7214492177434,7.199238235481616,0.7410986442976891,0.7706901236554271,0.012793233503828558,0.014395207556676073,0.013404917049111825,0.015853122559427533,0.014757475475125289,0.8069850880084617,0.9080360984224862,0.9083475741976809,False,1e-24,False
UniGCN,random,9,127,base,0.04632642088955314,6.9677080159585315e-06,1.0587742134651395e-31,0.056090884619672626,0.06987628080498008,0.8259171022826974,0.000124221753021074,1.515212603286809e-30,6.289817268447388e-08,1.0340638457012246e-10,1.5110653192086098e-36,6.793954047925462e-07,8.461305911489067e-07,0.0925796262982966,0.00015220353838233227,1.785853549103845e-30,False,1e-24,True
UniGCN,random,9,127,restart,9422.606325953233,969.9749536840209,939.2565843991441,1308.8337983668628,1218.7214490406698,7.199238236138596,0.7410986443766479,0.7706901237674043,0.01279323350363273,0.01439520755667577,0.013404917049111826,0.015853122557738162,0.014757475472981106,0.8069850880821046,0.908036098519231,0.908347574329659,False,1e-24,False
UniGCN,random,9,128,base,0.04378692796626839,6.585756532155662e-06,6.743910497913609e-32,0.053016129397549225,0.06604584630988354,0.8259171022826975,0.00012422175302107403,1.0210953261574612e-30,5.9450259779642e-08,9.773791770400407e-11,9.624799262812465e-37,6.42152730105974e-07,7.997479307331536e-07,0.09257962629829661,0.0001522035383823323,1.2034791079720723e-30,False,1e-24,True
UniGCN,random,9,128,restart,9422.606325827031,969.974953684003,939.2565843991442,1308.8337982448247,1218.721448885733,7.199238236713444,0.7410986444457356,0.7706901238653827,0.012793233503461385,0.014395207556675504,0.013404917049111826,0.015853122556259987,0.01475747547110498,0.8069850881465411,0.9080360986038811,0.9083475744451378,False,1e-24,False
UniGCN,random,9,129,base,0.04138664338637774,6.22474262720154e-06,4.5956831490273424e-32,0.050109924194561346,0.06242538619024316,0.8259171022826975,0.000124221753021074,7.36188180722161e-31,5.619135241967612e-08,9.238018132852078e-11,6.55888416647321e-37,6.069516011938146e-07,7.559078461440489e-07,0.09257962629829661,0.00015220353838233227,8.676830383400097e-31,False,1e-24,True
UniGCN,random,9,129,restart,9422.606325716606,969.9749536839871,939.2565843991442,1308.8337981380432,1218.7214487501653,7.199238237216426,0.7410986445061861,0.7706901239511124,0.012793233503311458,0.014395207556675269,0.013404917049111826,0.015853122554966605,0.014757475469463394,0.806985088202922,0.9080360986779485,0.9083475745461802,False,1e-24,False
UniGCN,random,9,130,base,0.039117936113506654,5.883518557922925e-06,3.367303945031966e-32,0.04736302954060546,0.05900339020135834,0.8259171022826974,0.00012422175302107406,5.706966893835273e-31,5.311108981618744e-08,8.73161420129249e-11,4.805761366174102e-37,5.736801058697365e-07,7.144709600415199e-07,0.0925796262982966,0.00015220353838233232,6.726321481134553e-31,False,1e-24,True
UniGCN,random,9,130,restart,9422.606325619985,969.9749536839734,939.2565843991442,1308.8337980446113,1218.721448631546,7.199238237656527,0.7410986445590795,0.7706901240261244,0.012793233503180275,0.014395207556675066,0.013404917049111826,0.01585312255383492,0.014757475468027036,0.8069850882522542,0.9080360987427565,0.9083475746345905,False,1e-24,False
UniGCN,random,9,131,base,0.03697359342468571,5.560999497417884e-06,2.5969493015438906e-32,0.04476671244910275,0.0557689790599626,0.8259171022826978,0.0001242217530210741,4.656619764818826e-31,5.0199679132040154e-08,8.25297000544797e-11,3.706323761383521e-37,5.422324666800235e-07,6.753055353858226e-07,0.09257962629829664,0.00015220353838233235,5.488365735468147e-31,False,1e-24,True
UniGCN,random,9,131,restart,9422.606325535444,969.9749536839611,939.2565843991441,1308.8337979628595,1218.7214485277564,7.199238238041609,0.7410986446053602,0.7706901240917584,0.012793233503065491,0.014395207556674883,0.013404917049111826,0.01585312255284471,0.014757475466770248,0.8069850882954193,0.9080360987994623,0.9083475747119478,False,1e-24,False
UniGCN,random,9,132,base,0.03494679797950659,5.256160086150791e-06,2.1585897845707956e-32,0.04231271865290044,0.0527118698565722,0.8259171022826977,0.00012422175302107403,4.095073444452397e-31,4.7447864347753e-08,7.800563829393845e-11,3.0807041958340142e-37,5.125087046136196e-07,6.382870566163124e-07,0.09257962629829662,0.0001522035383823323,4.826518357062485e-31,False,1e-24,True
UniGCN,random,9,132,restart,9422.606325461471,969.9749536839505,939.2565843991442,1308.8337978913282,1218.7214484369415,7.199238238378549,0.7410986446458553,0.7706901241491877,0.012793233502965058,0.014395207556674726,0.013404917049111826,0.015853122551978294,0.014757475465670572,0.8069850883331879,0.9080360988490791,0.9083475747796349,False,1e-24,False
UniGCN,random,9,133,base,0.033031106146286814,4.968031172107237e-06,1.8445780901909852e-32,0.03999324636212801,0.049822343363839006,0.8259171022826977,0.00012422175302107411,3.702310982686089e-31,4.484689683456301e-08,7.372957373682442e-11,2.6325518181421225e-37,4.844143212467055e-07,6.032978337888933e-07,0.09257962629829662,0.0001522035383823324,4.363602305032158e-31,False,1e-24,True
UniGCN,random,9,133,restart,9422.606325396748,969.9749536839413,939.256584399144,1308.833797828739,1218.72144835748,7.199238238673368,0.7410986446812878,0.7706901241994369,0.012793233502877182,0.014395207556674589,0.013404917049111825,0.01585312255122019,0.014757475464708377,0.8069850883662352,0.9080360988924931,0.9083475748388594,False,1e-24,False
UniGCN,random,9,134,base,0.031220427516337242,4.695696729645064e-06,1.670156999271939e-32,0.03780092146057899,0.047091213136973925,0.8259171022826977,0.00012422175302107411,3.5466425432998796e-31,4.2388507540596704e-08,6.9687911826705e-11,2.383620876989219e-37,4.578599983112765e-07,5.702266284136167e-07,0.09257962629829662,0.0001522035383823324,4.180129019264684e-31,False,1e-24,True
UniGCN,random,9,134,restart,9422.606325340115,969.9749536839331,939.256584399144,1308.8337977739748,1218.7214482879522,7.199238238931331,0.7410986447122907,0.7706901242434047,0.01279323350280029,0.014395207556674467,0.013404917049111825,0.01585312255055686,0.014757475463866463,0.806985088395151,0.9080360989304795,0.9083475748906805,False,1e-24,False
UniGCN,random,9,135,base,0.02950900554120378,4.438290947245968e-06,1.5167013717141074e-32,0.035728774061762114,0.044509796308003925,0.8259171022826978,0.000124221753021074,3.4075675413535156e-31,4.006488070172251e-08,6.586780322508582e-11,2.164611503799883e-37,4.3276131373258367e-07,5.389682998028808e-07,0.09257962629829664,0.00015220353838233227,4.0162130214180605e-31,False,1e-24,True
UniGCN,random,9,135,restart,9422.606325290562,969.9749536839263,939.2565843991441,1308.833797726057,1218.7214482271168,7.199238239157042,0.7410986447394179,0.7706901242818757,0.01279323350273301,0.014395207556674366,0.013404917049111826,0.01585312254997646,0.01475747546312981,0.8069850884204517,0.9080360989637174,0.908347574936023,False,1e-24,False
UniGCN,random,9,136,base,0.027891399231324644,4.194995474908894e-06,1.4088042012723732e-32,0.03377021635008822,0.04206988598101142,0.8259171022826977,0.000124221753021074,3.348723602218101e-31,3.786862899350525e-08,6.225710296051739e-11,2.0106224188545186e-37,4.0903847323265764e-07,5.09423470805895e-07,0.09257962629829662,0.00015220353838233227,3.946858623678577e-31,False,1e-24,True
UniGCN,random,9,136,restart,9422.606325247207,969.9749536839201,939.256584399144,1308.8337976841294,1218.7214481738868,7.199238239354537,0.7410986447631538,0.7706901243155371,0.012793233502674146,0.014395207556674275,0.013404917049111825,0.01585312254946862,0.014757475462485247,0.8069850884425895,0.9080360989927999,0.9083475749756968,False,1e-24,False
UniGCN,random,9,137,base,0.026362465857919324,3.965036822434079e-06,1.3125310851427747e-32,0.03191902163674521,0.03976372514059417,0.8259171022826974,0.00012422175302107395,3.3008252634832552e-31,3.5792770045265435e-08,5.884433181704022e-11,1.8732229949684086e-37,3.8661605664662314e-07,4.814982118667038e-07,0.0925796262982966,0.00015220353838233218,3.890404883760991e-31,False,1e-24,True
UniGCN,random,9,137,restart,9422.606325209268,969.9749536839146,939.2565843991441,1308.8337976474438,1218.7214481273115,7.19923823952734,0.741098644783922,0.7706901243449902,0.012793233502622637,0.014395207556674193,0.013404917049111826,0.015853122549024268,0.01475747546192127,0.8069850884619596,0.9080360990182462,0.9083475750104107,False,1e-24,False
UniGCN,random,9,138,base,0.024917344603114615,3.747683900326392e-06,1.223741552243785e-32,0.030169304563674997,0.03758398199059506,0.8259171022826975,0.00012422175302107387,3.2560188873813625e-31,3.383070424157613e-08,5.5618639839214785e-11,1.7465040192263603e-37,3.654227781452882e-07,4.551037424013215e-07,0.09257962629829661,0.0001522035383823321,3.837595379926036e-31,False,1e-24,True
UniGCN,random,9,138,restart,9422.606325176072,969.9749536839099,939.2565843991441,1308.8337976153443,1218.7214480865584,7.199238239678542,0.7410986448020941,0.7706901243707615,0.012793233502577566,0.014395207556674124,0.013404917049111826,0.015853122548635468,0.014757475461427791,0.8069850884789083,0.9080360990405117,0.9083475750407852,False,1e-24,False
UniGCN,random,9,139,base,0.02355144110632783,3.542245695499886e-06,1.162171121078448e-32,0.0285155023927166,0.035523726644698016,0.8259171022826979,0.000124221753021074,3.27153491721822e-31,3.1976193740623626e-08,5.256977183770987e-11,1.6586317023154943e-37,3.4539125960170294e-07,4.301561485445901e-07,0.09257962629829665,0.00015220353838233227,3.855882818198425e-31,False,1e-24,True
UniGCN,random,9,139,restart,9422.606325147026,969.9749536839057,939.2565843991442,1308.8337975872575,1218.7214480509003,7.199238239810842,0.7410986448179944,0.7706901243933109,0.01279323350253813,0.014395207556674061,0.013404917049111826,0.015853122548295268,0.014757475460996008,0.8069850884937381,0.9080360990599937,0.9083475750673623,False,1e-24,False
UniGCN,random,9,140,base,0.022260412857776808,3.3480690743941024e-06,1.093895132611738e-32,0.026952357320429284,0.03357640909478438,0.8259171022826977,0.000124221753021074,3.257927700141285e-31,3.022334264272653e-08,4.9688034785783565e-11,1.5611893231994775e-37,3.264578163811686e-07,4.0657611636941407e-07,0.09257962629829662,0.00015220353838233227,3.8398451368475975e-31,False,1e-24,True
UniGCN,random,9,140,restart,9422.606325121611,969.9749536839018,939.2565843991441,1308.833797562682,1218.7214480196997,7.1992382399266,0.7410986448319067,0.7706901244130412,0.012793233502503623,0.014395207556674004,0.013404917049111826,0.0158531225479976,0.014757475460618199,0.8069850885067138,0.9080360990770399,0.9083475750906168,False,1e-24,False
UniGCN,random,9,141,base,0.021040155392679408,3.1645367065178343e-06,1.0265030478998995e-32,0.025474899762370724,0.03173583838700611,0.8259171022826975,0.00012422175302107406,3.234523176549166e-31,2.8566578245964708e-08,4.6964267003004604e-11,1.4650084371312876e-37,3.0856225487367634e-07,3.8428867973021623e-07,0.09257962629829661,0.00015220353838233232,3.812260195017386e-31,False,1e-24,True
UniGCN,random,9,141,restart,9422.606325099374,969.9749536838989,939.2565843991441,1308.8337975411791,1218.7214479923998,7.199238240027887,0.7410986448440801,0.770690124430305,0.012793233502473432,0.01439520755667396,0.013404917049111826,0.015853122547737148,0.014757475460287627,0.8069850885180674,0.9080360990919554,0.9083475751109642,False,1e-24,False
UniGCN,random,9,142,base,0.019886789242250767,2.99106510181873e-06,9.773490592052517e-33,0.02407843255368727,0.029996162939372188,0.8259171022826977,0.0001242217530210741,3.258246933718341e-31,2.7000633329325427e-08,4.4389809028240554e-11,1.3948566647584333e-37,2.91647681125088e-07,3.632229819289557e-07,0.09257962629829662,0.00015220353838233235,3.840221390592677e-31,False,1e-24,True
UniGCN,random,9,142,restart,9422.60632507992,969.9749536838962,939.2565843991441,1308.8337975223642,1218.721447968513,7.1992382401165145,0.7410986448547315,0.7706901244454104,0.012793233502447019,0.014395207556673919,0.013404917049111826,0.015853122547509254,0.014757475459998382,0.8069850885280019,0.9080360991050062,0.9083475751287676,False,1e-24,False
UniGCN,random,9,143,base,0.018796647600012657,2.8271027556391765e-06,9.110287404504619e-33,0.022758516015786386,0.028351851938273245,0.8259171022826977,0.00012422175302107411,3.2132953516896355e-31,2.5520529407040964e-08,4.1956476089312853e-11,1.3002053856143717e-37,2.756603199586529e-07,3.4331205044598905e-07,0.09257962629829662,0.0001522035383823324,3.78724074475482e-31,False,1e-24,True
UniGCN,random,9,143,restart,9422.606325062896,969.9749536838937,939.2565843991441,1308.8337975059017,1218.7214479476127,7.199238240194061,0.7410986448640512,0.7706901244586274,0.012793233502423906,0.014395207556673882,0.013404917049111826,0.01585312254730985,0.014757475459745298,0.8069850885366944,0.9080360991164251,0.9083475751443454,False,1e-24,False
UniGCN,random,9,144,base,0.017766264664203474,2.6721283953608174e-06,8.593474993295286e-33,0.02151095384161494,0.02679767775479993,0.8259171022826977,0.00012422175302107417,3.206798391982322e-31,2.412156090087959e-08,3.965653208179288e-11,1.226446759725745e-37,2.6054934401180885e-07,3.2449258401959443e-07,0.09257962629829662,0.00015220353838233246,3.7795833252438403e-31,False,1e-24,True
UniGCN,random,9,144,restart,9422.606325048,969.9749536838915,939.2565843991441,1308.833797491497,1218.7214479293245,7.199238240261912,0.7410986448722058,0.7706901244701923,0.01279323350240368,0.01439520755667385,0.013404917049111826,0.01585312254713538,0.014757475459523849,0.8069850885443,0.9080360991264166,0.9083475751579759,False,1e-24,False
UniGCN,random,9,145,base,0.0167923646192267,2.5256493231634353e-06,8.222212139549747e-33,0.020331779754669557,0.025328699324952658,0.8259171022826977,0.00012422175302107406,3.24620385518557e-31,2.2799280180070014e-08,3.748266497421238e-11,1.173460729704362e-37,2.462667121447378e-07,3.067047513972394e-07,0.09257962629829662,0.00015220353838233232,3.8260272276790167e-31,False,1e-24,True
UniGCN,random,9,145,restart,9422.606325034967,969.9749536838897,939.2565843991442,1308.833797478893,1218.7214479133231,7.199238240321281,0.7410986448793412,0.7706901244803114,0.012793233502385986,0.014395207556673823,0.013404917049111826,0.015853122546982713,0.014757475459330087,0.8069850885509549,0.9080360991351593,0.9083475751699025,False,1e-24,False
UniGCN,random,9,146,base,0.015871851221107482,2.3871998496294496e-06,7.816227932968593e-33,0.019217244899325036,0.02394024644090459,0.8259171022826974,0.00012422175302107403,3.2648903394802545e-31,2.1549483421297944e-08,3.542796356149585e-11,1.1155193247372486e-37,2.327670167069408e-07,2.8989200111877484e-07,0.0925796262982966,0.0001522035383823323,3.8480514137407916e-31,False,1e-24,True
UniGCN,random,9,146,restart,9422.60632502356,969.9749536838881,939.256584399144,1308.8337974678648,1218.7214478993224,7.199238240373227,0.7410986448855844,0.770690124489165,0.012793233502370499,0.0143952075566738,0.013404917049111825,0.015853122546849136,0.014757475459160552,0.8069850885567776,0.9080360991428088,0.9083475751803375,False,1e-24,False
UniGCN,random,9,147,base,0.015001797953847193,2.2563398132140853e-06,7.340059366321852e-33,0.01816380592239187,0.022627904903376482,0.8259171022826977,0.00012422175302107406,3.243808650277024e-31,2.0368197243820565e-08,3.34858954927084e-11,1.0475613221710238e-37,2.2000733917625806e-07,2.740008817268168e-07,0.09257962629829662,0.00015220353838233232,3.8232042012750124e-31,False,1e-24,True
UniGCN,random,9,147,restart,9422.606325013585,969.9749536838868,939.2565843991442,1308.8337974582155,1218.7214478870712,7.1992382404186825,0.7410986448910473,0.7706901244969123,0.012793233502356954,0.01439520755667378,0.013404917049111826,0.015853122546732257,0.014757475459012204,0.8069850885618729,0.9080360991495022,0.9083475751894686,False,1e-24,False
UniGCN,random,9,148,base,0.014179438725380793,2.1326531808743315e-06,6.923687992305478e-33,0.017168113708011593,0.021387502487919357,0.8259171022826975,0.00012422175302107403,3.2372587665232507e-31,1.9251666077209017e-08,3.165028650326534e-11,9.881374775792427e-38,2.079471137113807e-07,2.5898087183272316e-07,0.09257962629829661,0.0001522035383823323,3.8154844046454704e-31,False,1e-24,True
UniGCN,random,9,148,restart,9422.606325004852,969.9749536838852,939.2565843991443,1308.8337974497724,1218.7214478763524,7.19923824045845,0.7410986448958267,0.7706901245036909,0.012793233502345097,0.014395207556673758,0.013404917049111828,0.015853122546629992,0.01475747545888241,0.8069850885663306,0.9080360991553582,0.908347575197458,False,1e-24,False
UniGCN,random,9,149,base,0.013402159073557435,2.015746725407741e-06,6.572741203707436e-33,0.016227002730075563,0.02021509568048878,0.8259171022826977,0.00012422175302107406,3.25140247050689e-31,1.8196340221558076e-08,2.9915300785577356e-11,9.380509232984609e-38,1.9654799818405474e-07,2.4478421949790773e-07,0.09257962629829662,0.00015220353838233232,3.832154397953251e-31,False,1e-24,True
UniGCN,random,9,149,restart,9422.60632499721,969.9749536838843,939.2565843991442,1308.8337974423848,1218.721447866973,7.199238240493248,0.741098644900009,0.770690124509622,0.012793233502334722,0.014395207556673744,0.013404917049111826,0.01585312254654051,0.014757475458768834,0.8069850885702311,0.9080360991604827,0.9083475752044485,False,1e-24,False
UniGCN,random,9,150,base,0.01266748785418614,1.905248775296043e-06,6.208908059480984e-33,0.015337480988316271,0.01910695714014015,0.8259171022826977,0.0001242217530210741,3.2495535599633636e-31,1.7198864562203842e-08,2.8275422435725387e-11,8.861252493230892e-38,1.8577375228096256e-07,2.3136579041985e-07,0.09257962629829662,0.00015220353838233235,3.829975242731753e-31,False,1e-24,True
UniGCN,random,9,150,restart,9422.606324990527,969.9749536838834,939.2565843991441,1308.833797435921,1218.7214478587664,7.199238240523696,0.7410986449036684,0.7706901245148116,0.01279323350232565,0.01439520755667373,0.013404917049111826,0.01585312254646222,0.01475747545866946,0.8069850885736441,0.9080360991649664,0.908347575210565,False,1e-24,False
UniGCN,random,9,151,base,0.011973089384721051,1.8008080330790589e-06,5.925108088438843e-33,0.014496720496075722,0.018059563848986226,0.8259171022826977,0.00012422175302107395,3.2808699800197277e-31,1.6256067903071067e-08,2.672543791718026e-11,8.456217795199584e-38,1.7559012228773886e-07,2.1868292444014968e-07,0.09257962629829662,0.00015220353838233218,3.866885270922892e-31,False,1e-24,True
UniGCN,random,9,151,restart,9422.606324984677,969.9749536838827,939.2565843991441,1308.8337974302647,1218.721447851586,7.199238240550339,0.7410986449068706,0.7706901245193523,0.012793233502317706,0.01439520755667372,0.013404917049111826,0.015853122546393705,0.014757475458582513,0.8069850885766306,0.9080360991688899,0.9083475752159167,False,1e-24,False
UniGCN,random,9,152,base,0.011316756018609191,1.702092458502265e-06,5.598493918679602e-33,0.013702048289509395,0.017069585911742815,0.8259171022826974,0.00012422175302107395,3.2798065211577196e-31,1.5364952884738298e-08,2.526041948581531e-11,7.990079369831187e-38,1.65964732188825e-07,2.0669529991843297e-07,0.0925796262982966,0.00015220353838233218,3.8656318614812574e-31,False,1e-24,True
UniGCN,random,9,152,restart,9422.60632497956,969.974953683882,939.2565843991442,1308.833797425316,1218.7214478453031,7.199238240573649,0.741098644909672,0.7706901245233255,0.01279323350231076,0.014395207556673709,0.013404917049111826,0.015853122546333767,0.014757475458506435,0.8069850885792436,0.9080360991723224,0.9083475752205996,False,1e-24,False
UniGCN,random,9,153,base,0.0106964011266931,1.6087882128872625e-06,5.268195434993232e-33,0.01295093792964212,0.016133875969254096,0.8259171022826977,0.00012422175302107398,3.2653005669764008e-31,1.4522686455168395e-08,2.3875709523516064e-11,7.518682751611511e-38,1.5686698073694424e-07,1.953648055409265e-07,0.09257962629829662,0.00015220353838233224,3.8485349143586875e-31,False,1e-24,True
UniGCN,random,9,153,restart,9422.606324975082,969.974953683881,939.2565843991442,1308.8337974209858,1218.7214478398053,7.199238240594047,0.7410986449121233,0.7706901245268022,0.012793233502304678,0.014395207556673695,0.013404917049111826,0.015853122546281316,0.014757475458439862,0.8069850885815301,0.9080360991753258,0.9083475752246973,False,1e-24,False
UniGCN,random,9,154,base,0.010110052463354469,1.5205986613691041e-06,4.969361451779767e-33,0.012241001470258897,0.015249459192340638,0.8259171022826975,0.00012422175302107398,3.2587132363852833e-31,1.3726590862808479e-08,2.2566905730580605e-11,7.092191756182954e-38,1.4826794416495755e-07,1.8465541915614827e-07,0.09257962629829661,0.00015220353838233224,3.8407709822941387e-31,False,1e-24,True
UniGCN,random,9,154,restart,9422.606324971166,969.9749536838807,939.2565843991442,1308.833797417197,1218.7214478349952,7.199238240611893,0.7410986449142682,0.770690124529844,0.012793233502299361,0.01439520755667369,0.013404917049111826,0.015853122546235426,0.014757475458381616,0.8069850885835305,0.9080360991779539,0.9083475752282824,False,1e-24,False
UniGCN,random,9,155,base,0.009555845896308491,1.4372434298283513e-06,4.685307420602655e-33,0.011569981866094939,0.014413523824158512,0.8259171022826977,0.00012422175302107406,3.2506328624160663e-31,1.2974135143424636e-08,2.1329847129833695e-11,6.686794467663454e-38,1.4014028423080108e-07,1.7453309325250898e-07,0.09257962629829662,0.00015220353838233232,3.8312473256800697e-31,False,1e-24,True
UniGCN,random,9,155,restart,9422.606324967735,969.9749536838801,939.2565843991442,1308.833797413882,1218.7214478307862,7.199238240627509,0.7410986449161451,0.7706901245325056,0.012793233502294703,0.014395207556673681,0.013404917049111826,0.015853122546195274,0.01475747545833065,0.806985088585281,0.9080360991802535,0.9083475752314194,False,1e-24,False
UniGCN,random,9,156,base,0.00903201948011437,1.358457513519638e-06,4.398903985783939e-33,0.010935745797188808,0.013623412241001416,0.8259171022826977,0.00012422175302107417,3.228929660180781e-31,1.2262927073605956e-08,2.0160600837958542e-11,6.278044148518063e-38,1.32458161303159e-07,1.6496564671373062e-07,0.09257962629829662,0.00015220353838233246,3.8056675881206492e-31,False,1e-24,True
UniGCN,random,9,156,restart,9422.606324964738,969.9749536838798,939.2565843991442,1308.833797410981,1218.7214478271037,7.199238240641172,0.7410986449177872,0.7706901245348344,0.012793233502290634,0.014395207556673676,0.013404917049111826,0.015853122546160135,0.014757475458286057,0.8069850885868124,0.9080360991822656,0.9083475752341642,False,1e-24,False
UniGCN,random,9,157,base,0.008536907854560476,1.2839904345628842e-06,4.139621937845033e-33,0.01033627688658569,0.012876612503126224,0.8259171022826975,0.0001242217530210741,3.2148377042797574e-31,1.1590705565356394e-08,1.9055449561989578e-11,5.908001031155378e-38,1.2519715221155146e-07,1.5592266250794915e-07,0.09257962629829661,0.00015220353838233235,3.7890585859218378e-31,False,1e-24,True
UniGCN,random,9,157,restart,9422.606324962113,969.9749536838792,939.2565843991442,1308.8337974084432,1218.7214478238811,7.199238240653129,0.741098644919224,0.7706901245368721,0.01279323350228707,0.014395207556673667,0.013404917049111826,0.015853122546129396,0.014757475458247037,0.8069850885881527,0.908036099184026,0.9083475752365658,False,1e-24,False
UniGCN,random,9,158,base,0.008068936950115338,1.213605445618636e-06,3.990760491446057e-33,0.009769669289828404,0.012170750368740118,0.8259171022826978,0.00012422175302107406,3.278976538452468e-31,1.0955333477595188e-08,1.8010879781214762e-11,5.695548398516597e-38,1.1833417259966573e-07,1.473753909852327e-07,0.09257962629829664,0.00015220353838233232,3.864653630732217e-31,False,1e-24,True
UniGCN,random,9,158,restart,9422.606324959816,969.9749536838788,939.2565843991442,1308.8337974062222,1218.7214478210617,7.199238240663589,0.741098644920481,0.7706901245386552,0.012793233502283952,0.01439520755667366,0.013404917049111826,0.015853122546102494,0.014757475458212896,0.8069850885893252,0.9080360991855662,0.9083475752386674,False,1e-24,False
UniGCN,random,9,159,base,0.007626618983611916,1.1470787772158242e-06,3.713317326004176e-33,0.009234121635855713,0.011503581745759993,0.8259171022826978,0.000124221753021074,3.2279662178893414e-31,1.0354790821711936e-08,1.7023570576914843e-11,5.299586029940752e-38,1.1184740353507402e-07,1.392966584760757e-07,0.09257962629829664,0.00015220353838233227,3.804532059791627e-31,False,1e-24,True
UniGCN,random,9,159,restart,9422.606324957807,969.9749536838787,939.2565843991441,1308.833797404279,1218.7214478185952,7.199238240672742,0.7410986449215813,0.770690124540215,0.012793233502281225,0.014395207556673659,0.013404917049111826,0.015853122546078957,0.014757475458183029,0.8069850885903512,0.9080360991869143,0.9083475752405059,False,1e-24,False
UniGCN,random,9,160,base,0.007208547728255359,1.0841989263390523e-06,3.4913548887447544e-33,0.00872793130004468,0.010872985557346634,0.8259171022826975,0.0001242217530210741,3.211036076825949e-31,9.787168339575369e-09,1.6090383074427205e-11,4.982804853327055e-38,1.0571622214201402e-07,1.3166078090028443e-07,0.09257962629829661,0.00015220353838233235,3.7845779276524785e-31,False,1e-24,True
UniGCN,random,9,160,restart,9422.606324956048,969.9749536838783,939.2565843991443,1308.833797402579,1218.7214478164365,7.199238240680749,0.7410986449225436,0.7706901245415801,0.012793233502278836,0.014395207556673653,0.013404917049111828,0.015853122546058366,0.014757475458156888,0.8069850885912487,0.9080360991880934,0.9083475752421148,False,1e-24,False
UniGCN,random,9,161,base,0.006813394042916522,1.0247659840136527e-06,3.308754242800148e-33,0.008249488991189836,0.010276956998531598,0.8259171022826974,0.000124221753021074,3.2195855672772713e-31,9.250661433578812e-09,1.5208350463967892e-11,4.722200184415679e-38,9.992113603669858e-08,1.2444348211159654e-07,0.0925796262982966,0.00015220353838233227,3.7946544923750816e-31,False,1e-24,True
UniGCN,random,9,161,restart,9422.60632495451,969.9749536838781,939.256584399144,1308.8337974010913,1218.7214478145477,7.199238240687758,0.741098644923386,0.7706901245427744,0.012793233502276747,0.014395207556673652,0.013404917049111825,0.015853122546040346,0.014757475458134018,0.8069850885920343,0.9080360991891254,0.9083475752435224,False,1e-24,False
UniGCN,random,9,162,base,0.006439901646497899,9.685909997507854e-07,3.176873158349081e-33,0.007797273635209976,0.009713601162498123,0.8259171022826975,0.000124221753021074,3.2705410745236525e-31,8.743564429424664e-09,1.4374668568486296e-11,4.533981647886134e-38,9.444372135670997e-08,1.1762181671843471e-07,0.09257962629829661,0.00015220353838233227,3.8547114594732567e-31,False,1e-24,True
UniGCN,random,9,162,restart,9422.606324953163,969.974953683878,939.256584399144,1308.8337973997895,1218.7214478128951,7.19923824069389,0.7410986449241229,0.7706901245438195,0.012793233502274919,0.01439520755667365,0.013404917049111825,0.01585312254602458,0.014757475458114008,0.8069850885927218,0.9080360991900285,0.9083475752447542,False,1e-24,False
UniGCN,random,9,163,base,0.006086883123937715,9.154953808319688e-07,2.9814918414650405e-33,0.007369847539316696,0.009181127016252622,0.8259171022826975,0.00012422175302107403,3.247413782847293e-31,8.264265153407952e-09,1.3586686928564991e-11,4.255136613496276e-38,8.926656418745997e-08,1.1117409713542414e-07,0.09257962629829661,0.0001522035383823323,3.8274532675655377e-31,False,1e-24,True
UniGCN,random,9,163,restart,9422.606324951985,969.9749536838779,939.256584399144,1308.8337973986506,1218.7214478114488,7.1992382406992546,0.7410986449247676,0.770690124544734,0.01279323350227332,0.014395207556673648,0.013404917049111825,0.015853122546010786,0.014757475458096494,0.8069850885933231,0.9080360991908184,0.908347575245832,False,1e-24,False
UniGCN,random,9,164,base,0.005753216151154436,8.653103245232706e-07,2.796722221952047e-33,0.006965851821270566,0.008677841706534043,0.8259171022826975,0.00012422175302107398,3.222831570949531e-31,7.811239806959032e-09,1.2841900376022203e-11,3.9914364208218653e-38,8.437320519949812e-08,1.0507982463375443e-07,0.09257962629829661,0.00015220353838233224,3.7984802836639963e-31,False,1e-24,True
UniGCN,random,9,164,restart,9422.606324950955,969.9749536838777,939.256584399144,1308.8337973976538,1218.7214478101837,7.19923824070395,0.7410986449253321,0.770690124545534,0.012793233502271921,0.014395207556673647,0.013404917049111825,0.015853122545998712,0.014757475458081174,0.8069850885938494,0.90803609919151,0.9083475752467749,False,1e-24,False
UniGCN,random,9,165,base,0.005437839926929893,8.17876281414026e-07,2.681843475187983e-33,0.006584002089193465,0.008202145177858371,0.8259171022826974,0.000124221753021074,3.269685450615528e-31,7.383048122150376e-09,1.2137941069427243e-11,3.827483343818597e-38,7.974808732065727e-08,9.931962417117996e-08,0.0925796262982966,0.00015220353838233227,3.853703007596796e-31,False,1e-24,True
UniGCN,random,9,165,restart,9422.606324950053,969.9749536838776,939.256584399144,1308.8337973967818,1218.7214478090766,7.199238240708056,0.7410986449258256,0.7706901245462341,0.012793233502270697,0.014395207556673645,0.013404917049111825,0.015853122545988148,0.014757475458067769,0.8069850885943097,0.9080360991921146,0.9083475752476,False,1e-24,False
UniGCN,random,9,166,base,0.00513975180038723,7.730424481739166e-07,2.4848874218487755e-33,0.006223084358202307,0.0077525250855878134,0.8259171022826975,0.00012422175302107414,3.2052620203296845e-31,6.9783287827658006e-09,1.1472570966208056e-11,3.5463908711987234e-38,7.537650627667521e-08,9.387518279446893e-08,0.09257962629829661,0.00015220353838233243,3.777772533304377e-31,False,1e-24,True
UniGCN,random,9,166,restart,9422.606324949265,969.9749536838773,939.2565843991442,1308.833797396019,1218.721447808108,7.19923824071165,0.7410986449262573,0.7706901245468468,0.012793233502269626,0.01439520755667364,0.013404917049111826,0.01585312254597891,0.01475747545805604,0.8069850885947125,0.9080360991926436,0.9083475752483222,False,1e-24,False
UniGCN,random,9,167,base,0.004858004083341667,7.306662881157779e-07,2.3257017486814977e-33,0.005881951190882174,0.007327551987852187,0.8259171022826975,0.0001242217530210741,3.173913678861793e-31,6.595795096374664e-09,1.0843674707418122e-11,3.31920367020833e-38,7.124456384304957e-08,8.872919141846827e-08,0.09257962629829661,0.00015220353838233235,3.7408248820325266e-31,False,1e-24,True
UniGCN,random,9,167,restart,9422.606324948572,969.9749536838774,939.2565843991441,1308.8337973953517,1218.7214478072603,7.199238240714793,0.7410986449266354,0.7706901245473827,0.012793233502268686,0.014395207556673641,0.013404917049111826,0.015853122545970825,0.014757475458045776,0.8069850885950648,0.9080360991931068,0.9083475752489538,False,1e-24,False
UniGCN,random,9,168,base,0.004591701037389834,6.906130780399013e-07,2.246188002733229e-33,0.005559518049328603,0.006925874801036574,0.8259171022826975,0.0001242217530210741,3.2431830884338963e-31,6.234230903651609e-09,1.0249252892541852e-11,3.205722946580234e-38,6.733912365950341e-08,8.386528979668788e-08,0.09257962629829661,0.00015220353838233235,3.8224669041885775e-31,False,1e-24,True
UniGCN,random,9,168,restart,9422.606324947967,969.9749536838773,939.2565843991442,1308.8337973947673,1218.7214478065189,7.199238240717544,0.7410986449269661,0.7706901245478518,0.012793233502267864,0.01439520755667364,0.013404917049111826,0.015853122545963747,0.014757475458036797,0.8069850885953732,0.908036099193512,0.9083475752495067,False,1e-24,False
UniGCN,random,9,169,base,0.00433999602615897,6.527554799191338e-07,2.1053935377896287e-33,0.005254759847161345,0.0065462165043872235,0.8259171022826977,0.00012422175302107411,3.2161990615168477e-31,5.892486711936671e-09,9.687415722957372e-12,3.004783378533404e-38,6.364776946658605e-08,7.926801450845292e-08,0.09257962629829662,0.0001522035383823324,3.7906631031019235e-31,False,1e-24,True
UniGCN,random,9,169,restart,9422.606324947441,969.9749536838771,939.2565843991441,1308.8337973942562,1218.72144780587,7.1992382407199536,0.7410986449272553,0.7706901245482619,0.012793233502267149,0.014395207556673636,0.013404917049111826,0.015853122545957558,0.014757475458028938,0.8069850885956433,0.9080360991938664,0.9083475752499901,False,1e-24,False
UniGCN,random,9,170,base,0.004102088823662348,6.169731360630864e-07,2.0001743626948154e-33,0.004966707690547702,0.006187370080079706,0.8259171022826977,0.0001242217530210742,3.232672907564386e-31,5.569476040743485e-09,9.156376993848146e-12,2.854616284945848e-38,6.015876563163397e-08,7.492274979726423e-08,0.09257962629829662,0.00015220353838233248,3.810079438715532e-31,False,1e-24,True
UniGCN,random,9,170,restart,9422.606324946977,969.9749536838772,939.2565843991441,1308.8337973938087,1218.7214478053022,7.199238240722059,0.7410986449275088,0.7706901245486211,0.01279323350226652,0.014395207556673638,0.013404917049111826,0.01585312254595214,0.014757475458022064,0.8069850885958794,0.9080360991941769,0.9083475752504133,False,1e-24,False
UniGCN,random,9,171,base,0.003877223070203608,5.831522864743724e-07,1.906990631549614e-33,0.004694445797874397,0.0058481946758418705,0.8259171022826975,0.0001242217530210741,3.260819342124748e-31,5.264171967597148e-09,8.654448415462143e-12,2.7216259810101837e-38,5.6861019838594916e-08,7.081568110407077e-08,0.09257962629829661,0.00015220353838233235,3.8432532718431113e-31,False,1e-24,True
UniGCN,random,9,171,restart,9422.606324946575,969.9749536838771,939.2565843991441,1308.8337973934176,1218.7214478048054,7.199238240723903,0.74109864492773,0.7706901245489353,0.012793233502265975,0.014395207556673636,0.013404917049111826,0.0158531225459474,0.014757475458016048,0.806985088596086,0.908036099194448,0.9083475752507837,False,1e-24,False
UniGCN,random,9,172,base,0.003664683867741739,5.511854071803802e-07,1.8363487680610342e-33,0.004437108588274976,0.005527611977931765,0.8259171022826975,0.00012422175302107395,3.322137616374676e-31,4.9756038632201995e-09,8.180034245664801e-12,2.6208070635825383e-38,5.374404782309805e-08,6.693375114772631e-08,0.09257962629829661,0.00015220353838233218,3.9155239600994107e-31,False,1e-24,True
UniGCN,random,9,172,restart,9422.60632494622,969.974953683877,939.2565843991439,1308.833797393075,1218.7214478043707,7.199238240725517,0.741098644927924,0.7706901245492099,0.012793233502265492,0.014395207556673634,0.013404917049111823,0.01585312254594325,0.014757475458010785,0.8069850885962669,0.9080360991946858,0.9083475752511074,False,1e-24,False
UniGCN,random,9,173,base,0.003463795507071843,5.209708683907447e-07,1.684863566567003e-33,0.004193877929756494,0.005224602782939383,0.8259171022826977,0.00012422175302107406,3.224864428103167e-31,4.702854305687138e-09,7.731626216721282e-12,2.404609850390308e-38,5.07979400406552e-08,6.32646184130003e-08,0.09257962629829662,0.00015220353838233232,3.800876241270716e-31,False,1e-24,True
UniGCN,random,9,173,restart,9422.606324945911,969.9749536838768,939.256584399144,1308.8337973927758,1218.7214478039903,7.199238240726928,0.7410986449280934,0.7706901245494505,0.012793233502265073,0.014395207556673633,0.013404917049111825,0.015853122545939628,0.014757475458006177,0.8069850885964251,0.9080360991948933,0.908347575251391,False,1e-24,False
UniGCN,random,9,174,base,0.003273919319595895,4.924126113937283e-07,1.607110130606691e-33,0.003963980538176684,0.00493820375751326,0.8259171022826975,0.00012422175302107406,3.25444272760423e-31,4.445056163736895e-09,7.307798740179181e-12,2.293641412516841e-38,4.8013330162023785e-08,5.979661791416717e-08,0.09257962629829661,0.00015220353838233232,3.8357376930734844e-31,False,1e-24,True
UniGCN,random,9,174,restart,9422.606324945638,969.9749536838768,939.256584399144,1308.8337973925136,1218.7214478036578,7.199238240728162,0.741098644928242,0.7706901245496609,0.012793233502264703,0.014395207556673633,0.013404917049111825,0.01585312254593645,0.014757475458002153,0.8069850885965634,0.9080360991950753,0.9083475752516389,False,1e-24,False
UniGCN,random,9,175,base,0.0030944516468537965,4.6541984316430227e-07,1.5198694326501969e-33,0.0037466855188023674,0.004667504375710356,0.8259171022826975,0.000124221753021074,3.2562785383974813e-31,4.201389839970478e-09,6.907204374607128e-12,2.1691329087876348e-38,4.53813652955713e-08,5.6518724109432636e-08,0.09257962629829661,0.00015220353838233227,3.8379014087220337e-31,False,1e-24,True
UniGCN,random,9,175,restart,9422.606324945402,969.9749536838768,939.2565843991441,1308.8337973922842,1218.7214478033663,7.199238240729242,0.7410986449283717,0.7706901245498453,0.01279323350226438,0.014395207556673633,0.013404917049111826,0.01585312254593367,0.014757475457998622,0.8069850885966845,0.9080360991952343,0.9083475752518563,False,1e-24,False
UniGCN,random,9,176,base,0.002924821921359415,4.3990674771300685e-07,1.4192540490081943e-33,0.0035413020426332056,0.004411644024232394,0.8259171022826975,0.00012422175302107398,3.2170638456151e-31,3.97108066516929e-09,6.528569541779972e-12,2.0255362714056976e-38,4.289367784197196e-08,5.3420515848294245e-08,0.09257962629829661,0.00015220353838233224,3.7916823513234086e-31,False,1e-24,True
UniGCN,random,9,176,restart,9422.606324945195,969.9749536838768,939.2565843991441,1308.8337973920834,1218.7214478031117,7.199238240730188,0.7410986449284853,0.7706901245500062,0.0127932335022641,0.014395207556673633,0.013404917049111826,0.01585312254593124,0.01475747545799554,0.8069850885967905,0.9080360991953735,0.9083475752520459,False,1e-24,False
UniGCN,random,9,177,base,0.002764490852640154,4.157922132579111e-07,1.3479427266081894e-33,0.003347177150103274,0.004169809266345538,0.8259171022826977,0.00012422175302107395,3.2326244211873505e-31,3.753396435450079e-09,6.170690477691483e-12,1.923761913119346e-38,4.054235889175476e-08,5.04921432403953e-08,0.09257962629829662,0.00015220353838233218,3.810022291904369e-31,False,1e-24,True
UniGCN,random,9,177,restart,9422.606324945013,969.9749536838768,939.256584399144,1308.8337973919079,1218.7214478028886,7.199238240731015,0.7410986449285848,0.7706901245501472,0.012793233502263853,0.014395207556673633,0.013404917049111825,0.015853122545929115,0.014757475457992839,0.8069850885968832,0.9080360991954953,0.9083475752522121,False,1e-24,False
UniGCN,random,9,178,base,0.0026129487127130807,3.929995743522908e-07,1.2764664472646992e-33,0.0031636936751779634,0.0039412312557848385,0.8259171022826973,0.00012422175302107398,3.238750442240948e-31,3.5476450844266027e-09,5.832429405521932e-12,1.8217521309689697e-38,3.831993308112843e-08,4.7724296340541675e-08,0.0925796262982966,0.00015220353838233224,3.8172425172487995e-31,False,1e-24,True
UniGCN,random,9,178,restart,9422.606324944854,969.974953683877,939.256584399144,1308.8337973917542,1218.7214478026938,7.199238240731739,0.741098644928672,0.7706901245502705,0.012793233502263638,0.014395207556673634,0.013404917049111825,0.015853122545927252,0.01475747545799048,0.8069850885969643,0.9080360991956021,0.9083475752523574,False,1e-24,False
UniGCN,random,9,179,base,0.0024697137155467613,3.7145636814819093e-07,1.1946838005968991e-33,0.0029902682832464457,0.00372518329242164,0.8259171022826975,0.000124221753021074,3.2070470277994503e-31,3.353172482977288e-09,5.512710918393545e-12,1.7050332691746717e-38,3.621933482614396e-08,4.5108175550323654e-08,0.09257962629829661,0.00015220353838233227,3.7798763713520167e-31,False,1e-24,True
UniGCN,random,9,179,restart,9422.606324944714,969.9749536838766,939.2565843991439,1308.8337973916198,1218.7214478025228,7.199238240732372,0.7410986449287478,0.7706901245503784,0.012793233502263447,0.01439520755667363,0.013404917049111823,0.015853122545925625,0.014757475457988408,0.8069850885970353,0.9080360991956951,0.9083475752524847,False,1e-24,False
UniGCN,random,9,180,base,0.002334330485356737,3.5109410402098097e-07,1.1283690086440457e-33,0.0028263496165717304,0.0035209785119229018,0.8259171022826977,0.0001242217530210741,3.2047029109183993e-31,3.1693603596238457e-09,5.210518560413828e-12,1.61038987779235e-38,3.42338858596382e-08,4.263546364224346e-08,0.09257962629829662,0.00015220353838233235,3.7771135581055734e-31,False,1e-24,True
UniGCN,random,9,180,restart,9422.606324944592,969.9749536838767,939.2565843991441,1308.833797391502,1218.7214478023736,7.199238240732927,0.7410986449288146,0.7706901245504729,0.012793233502263282,0.014395207556673631,0.013404917049111826,0.0158531225459242,0.014757475457986603,0.8069850885970975,0.908036099195777,0.908347575252596,False,1e-24,False
UniGCN,random,9,181,base,0.0022063686088650415,3.318480458224863e-07,1.0803408434100025e-33,0.0026714165414022852,0.003327967702057331,0.8259171022826977,0.00012422175302107398,3.2462479811391857e-31,2.995624334909297e-09,4.92489159513711e-12,1.541844862332571e-38,3.2357273999543176e-08,4.029829931740656e-08,0.09257962629829662,0.00015220353838233224,3.826079235226143e-31,False,1e-24,True
UniGCN,random,9,181,restart,9422.606324944485,969.9749536838767,939.256584399144,1308.8337973913995,1218.721447802243,7.199238240733408,0.7410986449288726,0.7706901245505555,0.012793233502263137,0.014395207556673631,0.013404917049111825,0.015853122545922957,0.014757475457985019,0.8069850885971513,0.9080360991958479,0.9083475752526934,False,1e-24,False
UniGCN,random,9,182,base,0.0020854212669210426,3.13657006070436e-07,1.0081263647955222e-33,0.0025249764911724005,0.0031455372387058952,0.8259171022826977,0.000124221753021074,3.204941758089868e-31,2.831412063526224e-09,4.6549219511706036e-12,1.438781534201501e-38,3.0583533081061044e-08,3.808925221271123e-08,0.09257962629829662,0.00015220353838233227,3.7773950671610917e-31,False,1e-24,True
UniGCN,random,9,182,restart,9422.606324944392,969.9749536838767,939.2565843991441,1308.8337973913092,1218.7214478021288,7.199238240733835,0.7410986449289237,0.7706901245506279,0.01279323350226301,0.014395207556673631,0.013404917049111826,0.015853122545921864,0.014757475457983636,0.8069850885971993,0.9080360991959107,0.9083475752527786,False,1e-24,False
UniGCN,random,9,183,base,0.001971103941133248,2.9646315141989953e-07,9.586125644588553e-34,0.0023865639005239687,0.0029731071350148144,0.8259171022826974,0.00012422175302107403,3.2242785776842808e-31,2.6762014782886877e-09,4.399751335214249e-12,1.368116244511368e-38,2.8907023988904656e-08,3.6001299278078176e-08,0.0925796262982966,0.0001522035383823323,3.8001857486972363e-31,False,1e-24,True
UniGCN,random,9,183,restart,9422.60632494431,969.9749536838767,939.2565843991442,1308.8337973912303,1218.7214478020287,7.199238240734205,0.7410986449289684,0.7706901245506913,0.012793233502262899,0.014395207556673631,0.013404917049111826,0.015853122545920906,0.014757475457982425,0.8069850885972408,0.9080360991959654,0.9083475752528534,False,1e-24,False
UniGCN,random,9,184,base,0.0018630531914001652,2.8021181879827415e-07,9.23743994372898e-34,0.0022557387251710805,0.002810129197488884,0.8259171022826975,0.00012422175302107392,3.2871940379052697e-31,2.5294991303650026e-09,4.15856850335622e-12,1.3183523889912699e-38,2.732241672930087e-08,3.402780244861875e-08,0.09257962629829661,0.00015220353838233216,3.8743389056109446e-31,False,1e-24,True
UniGCN,random,9,184,restart,9422.606324944241,969.974953683877,939.2565843991442,1308.8337973911614,1218.7214478019412,7.199238240734531,0.7410986449290075,0.7706901245507466,0.012793233502262805,0.014395207556673634,0.013404917049111826,0.015853122545920074,0.014757475457981365,0.8069850885972774,0.9080360991960132,0.9083475752529185,False,1e-24,False
UniGCN,random,9,185,base,0.0017609255004537073,2.6485134161926895e-07,8.640650277043885e-34,0.0021320850429017656,0.002656085283162919,0.8259171022826977,0.00012422175302107392,3.2531524239140493e-31,2.3908386204945875e-09,3.930606681948827e-12,1.2331795394147245e-38,2.5824673484759755e-08,3.216248754075618e-08,0.09257962629829662,0.00015220353838233216,3.8342169207280502e-31,False,1e-24,True
UniGCN,random,9,185,restart,9422.606324944178,969.9749536838767,939.2565843991441,1308.8337973911011,1218.7214478018645,7.199238240734815,0.7410986449290415,0.770690124550795,0.012793233502262719,0.014395207556673631,0.013404917049111826,0.01585312254591934,0.014757475457980437,0.8069850885973092,0.908036099196055,0.9083475752529756,False,1e-24,False
UniGCN,random,9,186,base,0.001664396181741709,2.503328855233809e-07,8.21808853611236e-34,0.0020152097312691485,0.002510485652310494,0.8259171022826977,0.00012422175302107392,3.273505478332029e-31,2.2597791162014113e-09,3.715141129865225e-12,1.1728722157355514e-38,2.4409032597736775e-08,3.039942430520623e-08,0.09257962629829662,0.00015220353838233216,3.8582053527069077e-31,False,1e-24,True
UniGCN,random,9,186,restart,9422.606324944123,969.9749536838767,939.2565843991439,1308.8337973910484,1218.7214478017975,7.199238240735064,0.7410986449290714,0.7706901245508372,0.012793233502262646,0.014395207556673631,0.013404917049111823,0.015853122545918703,0.014757475457979626,0.8069850885973371,0.9080360991960916,0.9083475752530253,False,1e-24,False
UniGCN,random,9,187,base,0.0015731583471774507,2.3661029312264926e-07,7.862318975871847e-34,0.0019047412177681058,0.0023728674114528647,0.8259171022826977,0.00012422175302107395,3.313425325799341e-31,2.1359039502898938e-09,3.5114868343868458e-12,1.1220973633380684e-38,2.307099343226872e-08,2.873300757340101e-08,0.09257962629829662,0.00015220353838233218,3.905255516574697e-31,False,1e-24,True
UniGCN,random,9,187,restart,9422.606324944076,969.9749536838767,939.256584399144,1308.8337973910022,1218.7214478017388,7.199238240735281,0.7410986449290975,0.7706901245508743,0.012793233502262582,0.014395207556673631,0.013404917049111825,0.015853122545918145,0.014757475457978914,0.8069850885973614,0.9080360991961236,0.908347575253069,False,1e-24,False
UniGCN,random,9,188,base,0.0014869219314744542,2.236399372560945e-07,7.3581777858766966e-34,0.001800328298523967,0.0022427930417180677,0.8259171022826977,0.00012422175302107395,3.280809976225021e-31,2.0188192961676e-09,3.318996333396213e-12,1.0501471535107006e-38,2.180630206545502e-08,2.7157939437416573e-08,0.09257962629829662,0.00015220353838233218,3.8668145495010238e-31,False,1e-24,True
UniGCN,random,9,188,restart,9422.606324944034,969.9749536838767,939.2565843991442,1308.8337973909618,1218.7214478016874,7.199238240735471,0.7410986449291204,0.770690124550907,0.012793233502262524,0.014395207556673631,0.013404917049111826,0.015853122545917656,0.014757475457978293,0.8069850885973827,0.9080360991961516,0.9083475752531076,False,1e-24,False
UniGCN,random,9,189,base,0.0014054127699646818,2.113805822893099e-07,6.912602932362787e-34,0.0017016390217375987,0.0021198490078715043,0.8259171022826977,0.00012422175302107395,3.260894010231222e-31,1.9081529157832595e-09,3.137057656951463e-12,9.8655543587217e-39,2.0610937763294554e-08,2.5669212406749967e-08,0.09257962629829662,0.00015220353838233218,3.8433412768548584e-31,False,1e-24,True
UniGCN,random,9,189,restart,9422.606324943998,969.9749536838766,939.2565843991441,1308.8337973909265,1218.7214478016426,7.199238240735638,0.7410986449291403,0.7706901245509353,0.012793233502262474,0.01439520755667363,0.013404917049111826,0.01585312254591723,0.01475747545797775,0.8069850885974014,0.9080360991961761,0.908347575253141,False,1e-24,False
UniGCN,random,9,190,base,0.0013283717269683259,1.9979325301724515e-07,6.5269788091977184e-34,0.0016083596323371043,0.002003644443595833,0.8259171022826975,0.000124221753021074,3.2575534197495145e-31,1.8035529761995496e-09,2.965092381698331e-12,9.315197888612835e-39,1.948110019788159e-08,2.4262093488397813e-08,0.09257962629829661,0.00015220353838233227,3.839404004055702e-31,False,1e-24,True
UniGCN,random,9,190,restart,9422.606324943965,969.9749536838767,939.2565843991442,1308.8337973908954,1218.7214478016033,7.199238240735784,0.741098644929158,0.7706901245509603,0.01279323350226243,0.014395207556673631,0.013404917049111826,0.01585312254591685,0.014757475457977275,0.8069850885974177,0.9080360991961977,0.9083475752531704,False,1e-24,False
UniGCN,random,9,191,base,0.0012555538719440811,1.8884111075339625e-07,6.1352242625408475e-34,0.0015201935744809487,0.0018938099088403565,0.8259171022826974,0.00012422175302107411,3.239619897383287e-31,1.70468693103825e-09,2.8025537919341826e-12,8.756092177907896e-39,1.8413197365321565e-08,2.2932109139623013e-08,0.0925796262982966,0.0001522035383823324,3.8182672708367547e-31,False,1e-24,True
UniGCN,random,9,191,restart,9422.606324943936,969.9749536838765,939.256584399144,1308.8337973908685,1218.7214478015687,7.199238240735909,0.741098644929173,0.7706901245509818,0.01279323350226239,0.014395207556673627,0.013404917049111825,0.015853122545916525,0.014757475457976855,0.8069850885974318,0.9080360991962161,0.9083475752531959,False,1e-24,False
UniGCN,random,9,192,base,0.0011867277008006981,1.7848933621146027e-07,5.77194516671903e-34,0.001436860548741248,0.001789996215289272,0.8259171022826975,0.00012422175302107406,3.2245571903548724e-31,1.6112404632416438e-09,2.648925141477684e-12,8.237626167016629e-39,1.7403834165955038e-08,2.167503104557153e-08,0.09257962629829661,0.00015220353838233232,3.8005141259992217e-31,False,1e-24,True
UniGCN,random,9,192,restart,9422.606324943914,969.9749536838765,939.2565843991441,1308.8337973908447,1218.721447801539,7.199238240736023,0.7410986449291865,0.7706901245510008,0.012793233502262361,0.014395207556673627,0.013404917049111826,0.015853122545916237,0.014757475457976494,0.8069850885974446,0.9080360991962326,0.9083475752532182,False,1e-24,False
UniGCN,random,9,193,base,0.0011216743998941961,1.6870501880711246e-07,5.432078503812604e-34,0.0013580956209697979,0.00169187331621466,0.8259171022826974,0.00012422175302107406,3.2106886796738144e-31,1.522916485788965e-09,2.503718010818242e-12,7.75257399919674e-39,1.644980161058379e-08,2.0486862676522776e-08,0.0925796262982966,0.00015220353838233232,3.784168479872185e-31,False,1e-24,True
UniGCN,random,9,193,restart,9422.60632494389,969.9749536838767,939.2565843991441,1308.833797390824,1218.7214478015126,7.199238240736119,0.7410986449291984,0.7706901245510176,0.012793233502262328,0.014395207556673631,0.013404917049111826,0.015853122545915987,0.014757475457976175,0.8069850885974553,0.9080360991962472,0.908347575253238,False,1e-24,False
UniGCN,random,9,194,base,0.0010601871503708182,1.594570520279672e-07,5.162173150153452e-34,0.0012836483800137291,0.0015991292571848306,0.8259171022826977,0.000124221753021074,3.2281150050629065e-31,1.4394341971909504e-09,2.366470754322168e-12,7.36736947287163e-39,1.5548066618383344e-08,1.9363826582036395e-08,0.09257962629829662,0.00015220353838233227,3.804707422708617e-31,False,1e-24,True
UniGCN,random,9,194,restart,9422.606324943872,969.9749536838765,939.2565843991441,1308.8337973908058,1218.7214478014896,7.199238240736206,0.7410986449292086,0.770690124551032,0.012793233502262304,0.014395207556673627,0.013404917049111826,0.015853122545915765,0.014757475457975898,0.8069850885974651,0.9080360991962597,0.9083475752532549,False,1e-24,False
UniGCN,random,9,195,base,0.0010020704706440824,1.5071603453908573e-07,4.913228790911323e-34,0.001213282141602984,0.0015114691842920795,0.8259171022826978,0.0001242217530210741,3.2506311355679485e-31,1.3605281887597054e-09,2.236747032558965e-12,7.0120801365057e-39,1.469576237406715e-08,1.830235238160051e-08,0.09257962629829664,0.00015220353838233235,3.8312452903895545e-31,False,1e-24,True
UniGCN,random,9,195,restart,9422.606324943858,969.9749536838766,939.2565843991442,1308.83379739079,1218.7214478014696,7.199238240736281,0.7410986449292176,0.7706901245510448,0.012793233502262285,0.01439520755667363,0.013404917049111826,0.015853122545915574,0.014757475457975655,0.8069850885974734,0.9080360991962707,0.90834757525327,False,1e-24,False
UniGCN,random,9,196,base,0.0009471395949155166,1.424541767096185e-07,4.6304154615498086e-34,0.001146773195878594,0.0014286144067468041,0.8259171022826977,0.00012422175302107406,3.2411933126826328e-31,1.2859476008156918e-09,2.1141344250816067e-12,6.608453557417147e-39,1.3890179213645759e-08,1.7299065413601224e-08,0.09257962629829662,0.00015220353838233232,3.8201217230043617e-31,False,1e-24,True
UniGCN,random,9,196,restart,9422.606324943843,969.9749536838766,939.2565843991441,1308.833797390776,1218.7214478014519,7.199238240736347,0.7410986449292256,0.7706901245510559,0.012793233502262264,0.01439520755667363,0.013404917049111826,0.015853122545915404,0.014757475457975441,0.8069850885974809,0.9080360991962806,0.9083475752532831,False,1e-24,False
UniGCN,random,9,197,base,0.0008952198857632575,1.3464521226341367e-07,4.442889575117465e-34,0.0010839100961694804,0.0013503015108577482,0.8259171022826978,0.00012422175302107392,3.2902944560102145e-31,1.21545532514924e-09,1.998243119250591e-12,6.340819665471122e-39,1.312875600980475e-08,1.635077600652581e-08,0.09257962629829664,0.00015220353838233216,3.8779931074466544e-31,False,1e-24,True
UniGCN,random,9,197,restart,9422.60632494383,969.9749536838765,939.2565843991441,1308.8337973907642,1218.7214478014364,7.199238240736403,0.7410986449292322,0.7706901245510657,0.012793233502262247,0.014395207556673627,0.013404917049111826,0.01585312254591526,0.014757475457975254,0.8069850885974871,0.9080360991962886,0.9083475752532946,False,1e-24,False
UniGCN,random,9,198,base,0.0008461462789310004,1.2726431477270736e-07,4.117033324661032e-34,0.0010244929867566524,0.001276281522581528,0.8259171022826974,0.00012422175302107403,3.225803438988547e-31,1.1488272512010247e-09,1.8887046709332167e-12,5.875762930191762e-39,1.2409072029513714e-08,1.5454469338290405e-08,0.0925796262982966,0.0001522035383823323,3.801982974357984e-31,False,1e-24,True
UniGCN,random,9,198,restart,9422.60632494382,969.9749536838766,939.2565843991441,1308.8337973907533,1218.7214478014228,7.199238240736453,0.7410986449292384,0.7706901245510742,0.012793233502262233,0.01439520755667363,0.013404917049111826,0.01585312254591513,0.014757475457975087,0.8069850885974927,0.9080360991962961,0.9083475752533047,False,1e-24,False
UniGCN,random,9,199,base,0.0007997627585521669,1.202880187294087e-07,3.922755645181852e-34,0.0009683329674876033,0.0012063191159789974,0.8259171022826975,0.00012422175302107395,3.251839080738026e-31,1.0858515535649576e-09,1.7851708331380454e-12,5.59849298913744e-39,1.1728839237979689e-08,1.4607295851452788e-08,0.09257962629829661,0.00015220353838233218,3.8326689936800543e-31,False,1e-24,True
UniGCN,random,9,199,restart,9422.606324943808,969.9749536838766,939.256584399144,1308.833797390744,1218.721447801411,7.199238240736498,0.7410986449292437,0.7706901245510817,0.012793233502262217,0.01439520755667363,0.013404917049111825,0.015853122545915015,0.014757475457974945,0.8069850885974977,0.9080360991963027,0.9083475752533134,False,1e-24,False
UniGCN,random,9,200,base,0.000755921861140903,1.1369414494305363e-07,3.7161520715800933e-34,0.0009152514932208823,0.0011401918650619594,0.8259171022826974,0.000124221753021074,3.259233981096816e-31,1.026328018548295e-09,1.6873124488606035e-12,5.303631732673283e-39,1.1085895024477739e-08,1.380656219383806e-08,0.0925796262982966,0.00015220353838233227,3.841384740250778e-31,False,1e-24,True
UniGCN,random,9,200,restart,9422.606324943801,969.9749536838766,939.2565843991441,1308.8337973907358,1218.7214478014007,7.199238240736536,0.7410986449292483,0.7706901245510883,0.012793233502262209,0.01439520755667363,0.013404917049111826,0.015853122545914918,0.01475747545797482,0.8069850885975021,0.9080360991963082,0.9083475752533213,False,1e-24,False
UniGCN,random,9,201,base,0.0007144842067729944,1.0746173002824411e-07,3.4699092475953865e-34,0.0008650798061915401,0.0010776895366516796,0.8259171022826975,0.00012422175302107406,3.2197670382661393e-31,9.700674076479607e-10,1.5948184046203326e-12,4.9521979834421665e-39,1.0478195326932412e-08,1.3049722655775469e-08,0.09257962629829661,0.00015220353838233232,3.794868376953936e-31,False,1e-24,True
UniGCN,random,9,201,restart,9422.606324943794,969.9749536838766,939.2565843991441,1308.8337973907287,1218.7214478013916,7.199238240736569,0.7410986449292523,0.770690124551094,0.012793233502262198,0.01439520755667363,0.013404917049111826,0.01585312254591483,0.014757475457974711,0.8069850885975057,0.9080360991963132,0.908347575253328,False,1e-24,False
UniGCN,random,9,202,base,0.0006753180559662114,1.0157095975740278e-07,3.287788912302939e-34,0.0008176583994928116,0.0010186134220010411,0.8259171022826978,0.0001242217530210741,3.2277101806141114e-31,9.168908559194261e-10,1.5073946413619257e-12,4.692278806073457e-39,9.903808133391613e-09,1.2334371076723441e-08,0.09257962629829664,0.00015220353838233235,3.8042302902078203e-31,False,1e-24,True
UniGCN,random,9,202,restart,9422.606324943787,969.9749536838766,939.2565843991442,1308.8337973907226,1218.7214478013836,7.199238240736598,0.7410986449292558,0.7706901245510991,0.012793233502262188,0.01439520755667363,0.013404917049111826,0.01585312254591476,0.014757475457974614,0.8069850885975091,0.9080360991963176,0.908347575253334,False,1e-24,False
UniGCN,random,9,203,base,0.0006382988908513138,9.600310606695438e-08,3.114863016712608e-34,0.0007728365099683271,0.0009627757050554215,0.8259171022826977,0.0001242217530210741,3.2352945762515927e-31,8.666293033254299e-10,1.4247632195764537e-12,4.4454817833499325e-39,9.360907339732642e-09,1.1658233195552249e-08,0.09257962629829662,0.00015220353838233235,3.813169378912351e-31,False,1e-24,True
UniGCN,random,9,203,restart,9422.606324943783,969.9749536838768,939.2565843991441,1308.833797390717,1218.721447801377,7.199238240736625,0.741098644929259,0.7706901245511033,0.012793233502262183,0.014395207556673633,0.013404917049111826,0.01585312254591469,0.014757475457974534,0.806985088597512,0.9080360991963214,0.908347575253339,False,1e-24,False
UniGCN,random,9,204,base,0.0006033090193021617,9.074046751666296e-08,2.962000693486138e-34,0.0007304716389026402,0.00090999886534385,0.8259171022826975,0.00012422175302107406,3.2549498755330022e-31,8.191229572566702e-10,1.3466614356700964e-12,4.2273191644425337e-39,8.847766944072675e-09,1.1019159420164071e-08,0.09257962629829661,0.00015220353838233232,3.8363354256468233e-31,False,1e-24,True
UniGCN,random,9,204,restart,9422.606324943776,969.9749536838766,939.2565843991441,1308.833797390712,1218.7214478013707,7.199238240736646,0.7410986449292617,0.7706901245511073,0.012793233502262174,0.01439520755667363,0.013404917049111826,0.01585312254591463,0.014757475457974458,0.8069850885975144,0.9080360991963248,0.9083475752533436,False,1e-24,False
UniGCN,random,9,205,base,0.0005702372007663765,8.576631301283251e-08,2.7907214354361797e-34,0.0006904290989862489,0.0008601151136021091,0.8259171022826977,0.00012422175302107406,3.244590626653228e-31,7.742207845157045e-10,1.2728409867712287e-12,3.9828721960071853e-39,8.362755559426463e-09,1.0415117993463578e-08,0.09257962629829662,0.00015220353838233232,3.824125851005044e-31,False,1e-24,True
UniGCN,random,9,205,restart,9422.606324943772,969.9749536838766,939.2565843991441,1308.833797390708,1218.7214478013655,7.199238240736667,0.7410986449292641,0.7706901245511105,0.012793233502262169,0.01439520755667363,0.013404917049111826,0.01585312254591458,0.014757475457974394,0.8069850885975168,0.9080360991963278,0.9083475752533475,False,1e-24,False
UniGCN,random,9,206,base,0.0005389782926069835,8.10648286164536e-08,2.6319939049081924e-34,0.0006525815861148015,0.0008129658583334945,0.8259171022826975,0.000124221753021074,3.2375208355041363e-31,7.317800311489582e-10,1.203067181320584e-12,3.756338848732417e-39,7.904331227165714e-09,9.844188533952041e-09,0.09257962629829661,0.00015220353838233227,3.815793283293001e-31,False,1e-24,True
UniGCN,random,9,206,restart,9422.606324943767,969.9749536838766,939.2565843991441,1308.8337973907046,1218.721447801361,7.199238240736682,0.741098644929266,0.7706901245511134,0.012793233502262162,0.01439520755667363,0.013404917049111826,0.01585312254591454,0.01475747545797434,0.8069850885975185,0.9080360991963301,0.9083475752533509,False,1e-24,False
UniGCN,random,9,207,base,0.0005094329158306785,7.662106726718867e-08,2.5025099536617627e-34,0.0006168087746611503,0.0007684012016113175,0.8259171022826974,0.00012422175302107395,3.2567751695521343e-31,6.916657686002849e-10,1.137118192934807e-12,3.5715414616840216e-39,7.471036514791063e-09,9.304555930409176e-09,0.0925796262982966,0.00015220353838233218,3.8384867460589913e-31,False,1e-24,True
UniGCN,random,9,207,restart,9422.606324943767,969.9749536838766,939.256584399144,1308.8337973907012,1218.7214478013568,7.199238240736699,0.7410986449292678,0.7706901245511159,0.012793233502262162,0.01439520755667363,0.013404917049111825,0.0158531225459145,0.01475747545797429,0.8069850885975204,0.9080360991963322,0.9083475752533537,False,1e-24,False
UniGCN,random,9,208,base,0.00048150713913999385,7.242090126335585e-08,2.32786395203098e-34,0.0005829969349335281,0.0007262794625201916,0.8259171022826975,0.00012422175302107398,3.205190387668799e-31,6.537504647431973e-10,1.0747843551712362e-12,3.322289531625172e-39,7.061493882431298e-09,8.794504571252489e-09,0.09257962629829661,0.00015220353838233224,3.77768810591683e-31,False,1e-24,True
UniGCN,random,9,208,restart,9422.606324943761,969.9749536838765,939.2565843991442,1308.8337973906985,1218.7214478013534,7.199238240736712,0.7410986449292694,0.7706901245511183,0.012793233502262153,0.014395207556673627,0.013404917049111826,0.015853122545914464,0.014757475457974248,0.8069850885975217,0.9080360991963341,0.9083475752533566,False,1e-24,False
UniGCN,random,9,209,base,0.0004551121803048975,6.845097734683612e-08,2.2426957208636044e-34,0.0005510385716036672,0.0006864667267210182,0.8259171022826975,0.00012422175302107395,3.2670130008719883e-31,6.179135784279876e-10,1.0158674949518441e-12,3.200738818754887e-39,6.674401303338991e-09,8.312412890228034e-09,0.09257962629829661,0.00015220353838233218,3.8505532160434855e-31,False,1e-24,True
UniGCN,random,9,209,restart,9422.606324943757,969.9749536838766,939.2565843991441,1308.8337973906962,1218.7214478013502,7.1992382407367215,0.7410986449292707,0.7706901245511202,0.012793233502262148,0.01439520755667363,0.013404917049111826,0.015853122545914436,0.01475747545797421,0.8069850885975228,0.9080360991963358,0.9083475752533589,False,1e-24,False
UniGCN,random,9,210,base,0.00043016412390441675,6.469867425010768e-08,2.1085090746827026e-34,0.0005208320819553374,0.0006488364207076392,0.8259171022826975,0.00012422175302107395,3.249677433925647e-31,5.840411762547108e-10,9.601803025271218e-13,3.009229822062125e-39,6.308528124459027e-09,7.856748211092085e-09,0.09257962629829661,0.00015220353838233218,3.8301212425437307e-31,False,1e-24,True
UniGCN,random,9,210,restart,9422.606324943757,969.9749536838766,939.2565843991441,1308.833797390694,1218.7214478013475,7.199238240736734,0.741098644929272,0.770690124551122,0.012793233502262148,0.01439520755667363,0.013404917049111826,0.01585312254591441,0.014757475457974177,0.8069850885975243,0.9080360991963374,0.908347575253361,False,1e-24,False
UniGCN,random,9,211,base,0.0004065836545409267,6.115206257044075e-08,2.0030422228958193e-34,0.0004922814328668058,0.0006132689094016226,0.8259171022826978,0.00012422175302107395,3.266172786828902e-31,5.520255703536686e-10,9.075457359768938e-13,2.8587092483321518e-39,5.962711153909953e-09,7.42606187489386e-09,0.09257962629829664,0.00015220353838233218,3.8495629264777854e-31,False,1e-24,True
UniGCN,random,9,211,restart,9422.606324943752,969.9749536838765,939.2565843991441,1308.8337973906919,1218.721447801345,7.199238240736741,0.741098644929273,0.7706901245511235,0.012793233502262141,0.014395207556673627,0.013404917049111826,0.015853122545914384,0.014757475457974147,0.806985088597525,0.9080360991963387,0.9083475752533627,False,1e-24,False
UniGCN,random,9,212,base,0.0003842958046789319,5.77998668436839e-08,1.879001973477398e-34,0.0004652958555002701,0.000579651115805848,0.8259171022826977,0.00012422175302107403,3.2416084817936634e-31,5.217649760218171e-10,8.577964583548387e-13,2.681681023902002e-39,5.635850962939317e-09,7.01898463436781e-09,0.09257962629829662,0.0001522035383823323,3.8206110478877503e-31,False,1e-24,True
UniGCN,random,9,212,restart,9422.606324943752,969.9749536838768,939.2565843991441,1308.8337973906903,1218.7214478013432,7.19923824073675,0.7410986449292742,0.7706901245511247,0.012793233502262141,0.014395207556673633,0.013404917049111826,0.015853122545914367,0.014757475457974125,0.806985088597526,0.9080360991963401,0.9083475752533642,False,1e-24,False
UniGCN,random,9,213,base,0.00036322971630666477,5.463142969706552e-08,1.770176860542799e-34,0.0004397895567276161,0.0005478761615076838,0.8259171022826977,0.00012422175302107395,3.2309798909145874e-31,4.931631881266499e-10,8.107743056872646e-13,2.5263675945389557e-39,5.3269083905961245e-09,6.6342223007932536e-09,0.09257962629829662,0.00015220353838233218,3.8080840225038558e-31,False,1e-24,True
UniGCN,random,9,213,restart,9422.606324943752,969.9749536838764,939.2565843991441,1308.833797390689,1218.7214478013411,7.199238240736756,0.7410986449292747,0.770690124551126,0.012793233502262141,0.014395207556673626,0.013404917049111826,0.01585312254591435,0.0147574754579741,0.8069850885975267,0.9080360991963407,0.9083475752533656,False,1e-24,False
UniGCN,random,9,214,base,0.00034331841566276984,5.163667796704546e-08,1.6737835158639193e-34,0.0004156814463750597,0.0005178430268888397,0.8259171022826977,0.00012422175302107395,3.2322217910703156e-31,4.661292752487699e-10,7.663297841348079e-13,2.388796582424792e-39,5.034901240007989e-09,6.270551629481764e-09,0.09257962629829662,0.00015220353838233218,3.8095477456777057e-31,False,1e-24,True
UniGCN,random,9,214,restart,9422.60632494375,969.9749536838766,939.2565843991441,1308.833797390688,1218.7214478013395,7.199238240736761,0.7410986449292754,0.7706901245511268,0.01279323350226214,0.01439520755667363,0.013404917049111826,0.01585312254591434,0.01475747545797408,0.8069850885975274,0.9080360991963414,0.9083475752533667,False,1e-24,False
UniGCN,random,9,215,base,0.00032449860031188115,4.8806090674496494e-08,1.5900673238378805e-34,0.00039289487941952166,0.0004894562299616219,0.8259171022826975,0.00012422175302107406,3.2486404840787445e-31,4.405772905907657e-10,7.243215947183986e-13,2.269318196175899e-39,4.758901155759709e-09,5.926816430811331e-09,0.09257962629829661,0.00015220353838233232,3.8288990770467455e-31,False,1e-24,True
UniGCN,random,9,215,restart,9422.60632494375,969.9749536838766,939.2565843991439,1308.8337973906864,1218.721447801338,7.1992382407367685,0.7410986449292762,0.7706901245511278,0.01279323350226214,0.01439520755667363,0.013404917049111823,0.015853122545914318,0.01475747545797406,0.8069850885975282,0.9080360991963425,0.9083475752533678,False,1e-24,False
UniGCN,random,9,216,base,0.00030671043789215783,4.613066875540263e-08,1.4964666664119477e-34,0.0003713574123171214,0.0004626255228105439,0.8259171022826974,0.00012422175302107406,3.234725696326932e-31,4.164259987333036e-10,6.846161840985053e-13,2.1357328618404878e-39,4.4980306724457525e-09,5.601923894443442e-09,0.0925796262982966,0.00015220353838233232,3.812498888031886e-31,False,1e-24,True
UniGCN,random,9,216,restart,9422.606324943748,969.9749536838766,939.2565843991443,1308.8337973906857,1218.7214478013368,7.199238240736771,0.7410986449292766,0.7706901245511288,0.012793233502262136,0.01439520755667363,0.013404917049111828,0.01585312254591431,0.014757475457974047,0.8069850885975284,0.908036099196343,0.9083475752533691,False,1e-24,False
UniGCN,random,9,217,base,0.00028989737589495216,4.360190645084142e-08,1.3979674051406265e-34,0.000351000572689104,0.0004372656046742129,0.8259171022826975,0.000124221753021074,3.1970669318529862e-31,3.9359861736973524e-10,6.470873199794894e-13,1.9951563198527076e-39,4.251460425013372e-09,5.294841115036952e-09,0.09257962629829661,0.00015220353838233227,3.768113672356689e-31,False,1e-24,True
UniGCN,random,9,217,restart,9422.606324943748,969.9749536838766,939.2565843991443,1308.833797390685,1218.7214478013361,7.199238240736776,0.7410986449292771,0.7706901245511293,0.012793233502262136,0.01439520755667363,0.013404917049111828,0.015853122545914304,0.01475747545797404,0.8069850885975289,0.9080360991963436,0.9083475752533696,False,1e-24,False
UniGCN,random,9,218,base,0.00027400596187185703,4.1211764265292045e-08,1.3320207400592695e-34,0.00033175964163298,0.0004132958507553125,0.8259171022826975,0.00012422175302107395,3.2229230891743907e-31,3.720225731981358e-10,6.11615689789172e-13,1.9010383131477917e-39,4.018406512027373e-09,5.004591808413186e-09,0.09257962629829661,0.00015220353838233218,3.798588148491889e-31,False,1e-24,True
UniGCN,random,9,218,restart,9422.606324943747,969.9749536838765,939.2565843991441,1308.833797390684,1218.721447801335,7.19923824073678,0.7410986449292776,0.7706901245511298,0.012793233502262134,0.014395207556673627,0.013404917049111826,0.01585312254591429,0.014757475457974026,0.8069850885975294,0.9080360991963442,0.9083475752533703,False,1e-24,False
UniGCN,random,9,219,base,0.00025898567349753263,3.895264340729829e-08,1.2518766649409234e-34,0.0003135734479667987,0.00039064005589651413,0.8259171022826975,0.00012422175302107406,3.2046807439341616e-31,3.516292711947018e-10,5.78088521357739e-13,1.7866579939907556e-39,3.798128003473821e-09,4.730253207732293e-09,0.09257962629829661,0.00015220353838233232,3.7770874317472077e-31,False,1e-24,True
UniGCN,random,9,219,restart,9422.606324943743,969.9749536838765,939.2565843991441,1308.8337973906832,1218.721447801334,7.199238240736781,0.7410986449292779,0.7706901245511304,0.012793233502262129,0.014395207556673627,0.013404917049111826,0.01585312254591428,0.014757475457974014,0.8069850885975295,0.9080360991963446,0.908347575253371,False,1e-24,False
UniGCN,random,9,220,base,0.0002447887579480425,3.6817361631227055e-08,1.197828945205785e-34,0.00029638417375241053,0.00036922619230740037,0.8259171022826978,0.0001242217530210741,3.2441602740049626e-31,3.3235387653497553e-10,5.4639922439003e-13,1.7095219683533467e-39,3.5899245851793907e-09,4.470953129813041e-09,0.09257962629829664,0.00015220353838233235,3.823618630564425e-31,False,1e-24,True
UniGCN,random,9,220,restart,9422.606324943745,969.9749536838766,939.2565843991441,1308.8337973906828,1218.7214478013332,7.1992382407367845,0.7410986449292783,0.770690124551131,0.01279323350226213,0.01439520755667363,0.013404917049111826,0.015853122545914276,0.014757475457974003,0.8069850885975299,0.9080360991963452,0.9083475752533715,False,1e-24,False
UniGCN,random,9,221,base,0.0002313700800840484,3.479913040331881e-08,1.1340128756758786e-34,0.0002801371704794343,0.0003489861805721647,0.8259171022826975,0.0001242217530210741,3.2494492298137943e-31,3.1413510846957643e-10,5.164470515913826e-13,1.618444712930539e-39,3.3931343323574886e-09,4.2258672022692955e-09,0.09257962629829661,0.00015220353838233235,3.829852277566678e-31,False,1e-24,True
UniGCN,random,9,221,restart,9422.606324943745,969.9749536838766,939.2565843991441,1308.8337973906823,1218.721447801333,7.199238240736788,0.7410986449292787,0.7706901245511312,0.01279323350226213,0.01439520755667363,0.013404917049111826,0.01585312254591427,0.014757475457974,0.8069850885975303,0.9080360991963455,0.9083475752533718,False,1e-24,False
UniGCN,random,9,222,base,0.00021868697895620435,3.289153331943483e-08,1.0697108866514488e-34,0.0002647807853255368,0.0003298556732100679,0.8259171022826975,0.00012422175302107395,3.242966465428065e-31,2.969150454991242e-10,4.881367783696631e-13,1.5266739611165616e-39,3.2071316052027224e-09,3.994216242647589e-09,0.09257962629829661,0.00015220353838233218,3.822211588886327e-31,False,1e-24,True
UniGCN,random,9,222,restart,9422.606324943745,969.9749536838766,939.2565843991441,1308.8337973906819,1218.721447801332,7.19923824073679,0.7410986449292789,0.7706901245511316,0.01279323350226213,0.01439520755667363,0.013404917049111826,0.015853122545914262,0.01475747545797399,0.8069850885975305,0.9080360991963459,0.9083475752533724,False,1e-24,False
UniGCN,random,9,223,base,0.0002066991321765487,3.108850570588732e-08,1.0081582532523826e-34,0.0002502661969406695,0.00031177385010054307,0.8259171022826977,0.00012422175302107403,3.233620308205016e-31,2.806389412289618e-10,4.613784000951976e-13,1.438827044887946e-39,3.0313250598433804e-09,3.775263781233503e-09,0.09257962629829662,0.0001522035383823323,3.811196060101087e-31,False,1e-24,True
UniGCN,random,9,223,restart,9422.606324943743,969.9749536838766,939.256584399144,1308.8337973906816,1218.721447801332,7.199238240736791,0.741098644929279,0.7706901245511317,0.012793233502262129,0.01439520755667363,0.013404917049111825,0.015853122545914262,0.01475747545797399,0.8069850885975306,0.908036099196346,0.9083475752533725,False,1e-24,False
UniGCN,random,9,224,base,0.00019536842772470062,2.9384315338498038e-08,9.545688657985062e-35,0.00023654726023318172,0.00029468322512255966,0.8259171022826975,0.00012422175302107406,3.2393050720871475e-31,2.652550503182398e-10,4.360868459561122e-13,1.3623451436200966e-39,2.8651557683282664e-09,3.568313719651308e-09,0.09257962629829661,0.00015220353838233232,3.817896212761314e-31,False,1e-24,True
UniGCN,random,9,224,restart,9422.606324943743,969.9749536838766,939.256584399144,1308.8337973906814,1218.7214478013314,7.1992382407367925,0.7410986449292791,0.7706901245511321,0.012793233502262129,0.01439520755667363,0.013404917049111825,0.01585312254591426,0.01475747545797398,0.8069850885975308,0.9080360991963461,0.9083475752533728,False,1e-24,False
UniGCN,random,9,225,base,0.00018465884278130542,2.7773544218588103e-08,8.99311951456404e-35,0.00022358035966435263,0.0002785294633935108,0.8259171022826974,0.00012422175302107398,3.228785710852578e-31,2.507144639700159e-10,4.1218170849938145e-13,1.2834833751269214e-39,2.7080954416709372e-09,3.372708117813029e-09,0.0925796262982966,0.00015220353838233224,3.8054979271647514e-31,False,1e-24,True
UniGCN,random,9,225,restart,9422.606324943743,969.9749536838766,939.256584399144,1308.833797390681,1218.7214478013311,7.199238240736794,0.7410986449292793,0.7706901245511322,0.012793233502262129,0.01439520755667363,0.013404917049111825,0.015853122545914252,0.014757475457973979,0.806985088597531,0.9080360991963464,0.908347575253373,False,1e-24,False
UniGCN,random,9,226,base,0.0001745363292035119,2.625107134796004e-08,8.594266964203304e-35,0.00021132427058493224,0.0002632612085265861,0.8259171022826974,0.0001242217530210739,3.2645398128738704e-31,2.3697095443935484e-10,3.895869879977236e-13,1.2265597885243037e-39,2.5596447503019887e-09,3.187825102181172e-09,0.0925796262982966,0.00015220353838233213,3.8476382775362034e-31,False,1e-24,True
UniGCN,random,9,226,restart,9422.606324943743,969.9749536838765,939.2565843991441,1308.8337973906807,1218.7214478013307,7.199238240736795,0.7410986449292793,0.7706901245511325,0.012793233502262129,0.014395207556673627,0.013404917049111826,0.01585312254591425,0.014757475457973974,0.8069850885975312,0.9080360991963464,0.9083475752533734,False,1e-24,False
UniGCN,random,9,227,base,0.00016496870527838437,2.4812056448110067e-08,8.141567869407957e-35,0.00019974002817284964,0.00024882991935744114,0.8259171022826977,0.0001242217530210739,3.271940886542946e-31,2.239808280650879e-10,3.682308508296319e-13,1.1619513107692963e-39,2.4193317365897482e-09,3.0130768886949846e-09,0.09257962629829662,0.00015220353838233213,3.8563613000681086e-31,False,1e-24,True
UniGCN,random,9,227,restart,9422.606324943743,969.9749536838765,939.2565843991441,1308.8337973906803,1218.7214478013304,7.199238240736797,0.7410986449292796,0.7706901245511327,0.012793233502262129,0.014395207556673627,0.013404917049111826,0.015853122545914245,0.01475747545797397,0.8069850885975313,0.9080360991963466,0.9083475752533736,False,1e-24,False
UniGCN,random,9,228,base,0.0001559255534101083,2.345192457191054e-08,7.713511619184613e-35,0.0001887908035554125,0.000235189715621084,0.8259171022826977,0.00012422175302107395,3.2796976682483484e-31,2.117027863579847e-10,3.480454011043793e-13,1.1008598196697848e-39,2.2867103143824184e-09,2.847907914074732e-09,0.09257962629829662,0.00015220353838233218,3.865503565719917e-31,False,1e-24,True
UniGCN,random,9,228,restart,9422.606324943743,969.9749536838765,939.2565843991441,1308.8337973906803,1218.72144780133,7.199238240736797,0.7410986449292796,0.770690124551133,0.012793233502262129,0.014395207556673627,0.013404917049111826,0.015853122545914245,0.014757475457973965,0.8069850885975313,0.9080360991963466,0.908347575253374,False,1e-24,False
UniGCN,random,9,229,base,0.00014737812341571554,2.2166351558839633e-08,7.241226318370251e-35,0.00017844178672216245,0.00022229723208834937,0.8259171022826975,0.00012422175302107403,3.257452308489524e-31,2.0009779470370813e-10,3.2896646480594235e-13,1.0334560304806854e-39,2.161358850801386e-09,2.6917930695629613e-09,0.09257962629829661,0.0001522035383823323,3.8392848327248163e-31,False,1e-24,True
UniGCN,random,9,229,restart,9422.606324943743,969.9749536838765,939.2565843991441,1308.83379739068,1218.72144780133,7.199238240736799,0.7410986449292797,0.770690124551133,0.012793233502262129,0.014395207556673627,0.013404917049111826,0.01585312254591424,0.014757475457973965,0.8069850885975315,0.9080360991963468,0.908347575253374,False,1e-24,False
UniGCN,random,9,230,base,0.00013929924112188402,2.0951250287517162e-08,6.915744775885478e-35,0.00016866007585614109,0.00021011148069822943,0.8259171022826977,0.00012422175302107398,3.291464489662109e-31,1.8912895826312864e-10,3.1093338576958855e-13,9.870038346643904e-40,2.0428788257769024e-09,2.5442360314874467e-09,0.09257962629829662,0.00015220353838233224,3.8793721276219584e-31,False,1e-24,True
UniGCN,random,9,230,restart,9422.606324943743,969.9749536838765,939.2565843991441,1308.8337973906798,1218.7214478013298,7.1992382407368,0.7410986449292798,0.7706901245511332,0.012793233502262129,0.014395207556673627,0.013404917049111826,0.015853122545914238,0.014757475457973962,0.8069850885975316,0.9080360991963469,0.9083475752533742,False,1e-24,False
UniGCN,random,9,231,base,0.00013166322197222135,1.9802757681840473e-08,6.515333684828324e-35,0.00015941457273172584,0.00019859372024774835,0.8259171022826977,0.00012422175302107392,3.2807349984180555e-31,1.787614046754579e-10,2.938888328424941e-13,9.29857815671091e-40,1.9308935650645083e-09,2.4047676833382923e-09,0.09257962629829662,0.00015220353838233216,3.866726179471377e-31,False,1e-24,True
UniGCN,random,9,231,restart,9422.606324943741,969.9749536838765,939.2565843991441,1308.8337973906798,1218.7214478013295,7.199238240736799,0.7410986449292798,0.7706901245511333,0.012793233502262127,0.014395207556673627,0.013404917049111826,0.015853122545914238,0.01475747545797396,0.8069850885975315,0.9080360991963469,0.9083475752533743,False,1e-24,False
UniGCN,random,9,232,base,0.00012444578937037047,1.8717222429409665e-08,6.112689417353168e-35,0.00015067588384648164,0.00018770733322509624,0.8259171022826977,0.00012422175302107392,3.2565000590695668e-31,1.68962173191289e-10,2.777786176153075e-13,8.723930813753215e-40,1.8250470427141668e-09,2.272944624342629e-09,0.09257962629829662,0.00015220353838233216,3.8381624964912253e-31,False,1e-24,True
UniGCN,random,9,232,restart,9422.606324943741,969.9749536838765,939.2565843991441,1308.8337973906796,1218.7214478013295,7.1992382407368005,0.74109864492928,0.7706901245511333,0.012793233502262127,0.014395207556673627,0.013404917049111826,0.015853122545914238,0.01475747545797396,0.8069850885975317,0.9080360991963472,0.9083475752533743,False,1e-24,False
UniGCN,random,9,233,base,0.0001176239974993324,1.76911933731967e-08,5.696167653031986e-35,0.00014241622697270612,0.00017741770939444802,0.8259171022826975,0.00012422175302107387,3.2105969987290553e-31,1.597001098830732e-10,2.625515221451937e-13,8.129477733240934e-40,1.725002749184909e-09,2.1483477597953426e-09,0.09257962629829661,0.0001522035383823321,3.784060423260045e-31,False,1e-24,True
UniGCN,random,9,233,restart,9422.606324943741,969.9749536838765,939.2565843991441,1308.8337973906796,1218.7214478013293,7.1992382407368005,0.74109864492928,0.7706901245511334,0.012793233502262127,0.014395207556673627,0.013404917049111826,0.015853122545914238,0.014757475457973956,0.8069850885975317,0.9080360991963472,0.9083475752533744,False,1e-24,False
UniGCN,random,9,234,base,0.00011117615837163111,1.672140853955275e-08,5.457702700740207e-35,0.0001346093428315732,0.00016769213576235692,0.8259171022826974,0.00012422175302107392,3.2545966904939005e-31,1.509457685998829e-10,2.481591361226484e-13,7.789144435855894e-40,1.630442621506458e-09,2.030580968664167e-09,0.0925796262982966,0.00015220353838233216,3.83591915617137e-31,False,1e-24,True
UniGCN,random,9,234,restart,9422.606324943741,969.9749536838765,939.2565843991441,1308.8337973906796,1218.7214478013293,7.1992382407368005,0.74109864492928,0.7706901245511334,0.012793233502262127,0.014395207556673627,0.013404917049111826,0.015853122545914238,0.014757475457973956,0.8069850885975317,0.9080360991963472,0.9083475752533744,False,1e-24,False
UniGCN,random,9,235,base,0.00010508177287839717,1.5804784767671346e-08,5.15078397029605e-35,0.000127230411609069,0.00015849969257590205,0.8259171022826978,0.00012422175302107392,3.249712278040824e-31,1.4267131735157543e-10,2.345557029643998e-13,7.351115020810104e-40,1.5410660320865913e-09,1.919269844233179e-09,0.09257962629829664,0.00015220353838233216,3.830162310369209e-31,False,1e-24,True
UniGCN,random,9,235,restart,9422.606324943741,969.9749536838765,939.2565843991441,1308.8337973906796,1218.7214478013288,7.1992382407368005,0.74109864492928,0.7706901245511337,0.012793233502262127,0.014395207556673627,0.013404917049111826,0.015853122545914238,0.014757475457973951,0.8069850885975317,0.9080360991963472,0.9083475752533748,False,1e-24,False
UniGCN,random,9,236,base,9.932146561815978e-05,1.4938407907537287e-08,4.868741634720454e-35,0.00012025597404830552,0.0001498111550219448,0.8259171022826977,0.00012422175302107395,3.24991929606795e-31,1.3485044982473086e-10,2.2169797434309603e-13,6.948588791500013e-40,1.4565888329494367e-09,1.814060503780912e-09,0.09257962629829662,0.00015220353838233218,3.8304063050915792e-31,False,1e-24,True
UniGCN,random,9,236,restart,9422.606324943741,969.9749536838765,939.2565843991441,1308.8337973906794,1218.7214478013288,7.199238240736801,0.7410986449292801,0.7706901245511337,0.012793233502262127,0.014395207556673627,0.013404917049111826,0.015853122545914235,0.014757475457973951,0.8069850885975318,0.9080360991963473,0.9083475752533748,False,1e-24,False
UniGCN,random,9,237,base,9.387692329815368e-05,1.4119523555198148e-08,4.6029126113535353e-35,0.00011366385686734596,0.00014159890031497394,0.8259171022826977,0.00012422175302107395,3.2506697446906526e-31,1.2745830174905479e-10,2.0954507269129113e-13,6.569201937399915e-40,1.3767424523661087e-09,1.7146184635087943e-09,0.09257962629829662,0.00015220353838233218,3.8312907957124773e-31,False,1e-24,True
UniGCN,random,9,237,restart,9422.606324943741,969.9749536838765,939.2565843991441,1308.8337973906794,1218.7214478013288,7.199238240736801,0.7410986449292801,0.7706901245511337,0.012793233502262127,0.014395207556673627,0.013404917049111826,0.015853122545914235,0.014757475457973951,0.8069850885975318,0.9080360991963473,0.9083475752533748,False,1e-24,False
UniGCN,random,9,238,base,8.873083651230468e-05,1.3345528295904033e-08,4.394227039786565e-35,0.00010743310226543004,0.000133836819878152,0.8259171022826975,0.00012422175302107398,3.2832721546934294e-31,1.2047137184835506e-10,1.9805836124260416e-13,6.271369287337496e-40,1.3012730410056931e-09,1.6206275751430612e-09,0.09257962629829661,0.00015220353838233224,3.869716512002389e-31,False,1e-24,True
UniGCN,random,9,238,restart,9422.606324943741,969.9749536838765,939.2565843991441,1308.8337973906794,1218.7214478013288,7.199238240736801,0.7410986449292801,0.7706901245511337,0.012793233502262127,0.014395207556673627,0.013404917049111826,0.015853122545914235,0.014757475457973951,0.8069850885975318,0.9080360991963473,0.9083475752533748,False,1e-24,False
UniGCN,random,9,239,base,8.386684471079368e-05,1.2613961427275347e-08,4.0760977377898866e-35,0.00010154390129348292,0.0001265002363383658,0.8259171022826975,0.00012422175302107395,3.222205630420361e-31,1.1386744712477913e-10,1.8720132119687955e-13,5.817340327094925e-40,1.2299406648919925e-09,1.5317890208293604e-09,0.09257962629829661,0.00015220353838233218,3.7977425402522e-31,False,1e-24,True
UniGCN,random,9,239,restart,9422.606324943741,969.9749536838765,939.2565843991441,1308.8337973906794,1218.7214478013288,7.199238240736801,0.7410986449292801,0.7706901245511337,0.012793233502262127,0.014395207556673627,0.013404917049111826,0.015853122545914235,0.014757475457973951,0.8069850885975318,0.9080360991963473,0.9083475752533748,False,1e-24,False
UniGCN,random,9,240,base,7.926948418624451e-05,1.1922497136184889e-08,3.857020811326821e-35,9.597753087707813e-05,0.00011956582507139108,0.8259171022826977,0.00012422175302107384,3.225855556153983e-31,1.0762553223877323e-10,1.7693943561883259e-13,5.504677304509843e-40,1.1625185426002678e-09,1.4478203631246018e-09,0.09257962629829662,0.00015220353838233205,3.802044400473805e-31,False,1e-24,True
UniGCN,random,9,240,restart,9422.606324943741,969.9749536838765,939.2565843991441,1308.8337973906794,1218.7214478013288,7.199238240736801,0.7410986449292801,0.7706901245511337,0.012793233502262127,0.014395207556673627,0.013404917049111826,0.015853122545914235,0.014757475457973951,0.8069850885975318,0.9080360991963473,0.9083475752533748,False,1e-24,False
UniGCN,random,9,241,base,7.492413891117284e-05,1.1268937104482731e-08,3.677031331235035e-35,9.07162942916365e-05,0.00011301154004774549,0.8259171022826975,0.00012422175302107395,3.2536777480260433e-31,1.0172578276024715e-10,1.6724007970106634e-13,5.247799248990369e-40,1.0987923242688528e-09,1.368454647065764e-09,0.09257962629829661,0.00015220353838233218,3.8348360760385325e-31,False,1e-24,True
UniGCN,random,9,241,restart,9422.606324943741,969.9749536838765,939.2565843991441,1308.8337973906794,1218.7214478013284,7.199238240736801,0.7410986449292801,0.770690124551134,0.012793233502262127,0.014395207556673627,0.013404917049111826,0.015853122545914235,0.014757475457973946,0.8069850885975318,0.9080360991963473,0.9083475752533751,False,1e-24,False
UniGCN,random,9,242,base,7.081699407039721e-05,1.0651203520055789e-08,3.439603184233231e-35,8.574346490061874e-05,0.00010681654374347713,0.8259171022826975,0.000124221753021074,3.2201034256393213e-31,9.614944207873539e-11,1.580724170425809e-13,4.908945663234616e-40,1.0385594101334634e-09,1.2934395514609289e-09,0.09257962629829661,0.00015220353838233227,3.7952648484345506e-31,False,1e-24,True
UniGCN,random,9,242,restart,9422.606324943741,969.9749536838766,939.2565843991442,1308.8337973906791,1218.7214478013286,7.199238240736801,0.7410986449292803,0.7706901245511341,0.012793233502262127,0.01439520755667363,0.013404917049111826,0.01585312254591423,0.014757475457973948,0.8069850885975318,0.9080360991963476,0.9083475752533752,False,1e-24,False
UniGCN,random,9,243,base,6.69349921406814e-05,1.006733247100293e-08,3.2561154589950097e-35,8.104323297784271e-05,0.00010096114089306035,0.8259171022826975,0.00012422175302107392,3.225117535511944e-31,9.087878177197753e-11,1.494073016130253e-13,4.64707496919822e-40,9.816283064176683e-10,1.2225365867043237e-09,0.09257962629829661,0.00015220353838233216,3.8011745576675625e-31,False,1e-24,True
UniGCN,random,9,243,restart,9422.606324943741,969.9749536838766,939.2565843991442,1308.8337973906791,1218.7214478013286,7.199238240736801,0.7410986449292803,0.7706901245511341,0.012793233502262127,0.01439520755667363,0.013404917049111826,0.01585312254591423,0.014757475457973948,0.8069850885975318,0.9080360991963476,0.9083475752533752,False,1e-24,False
UniGCN,random,9,244,base,6.326579137797555e-05,9.515467701924002e-09,3.0563581852880323e-35,7.660065544486172e-05,9.54267158737837e-05,0.8259171022826977,0.000124221753021074,3.2028328307248143e-31,8.589704524333671e-11,1.412171850910104e-13,4.36198464047705e-40,9.278180165317552e-10,1.1555203365650335e-09,0.09257962629829662,0.00015220353838233227,3.7749094519995533e-31,False,1e-24,True
UniGCN,random,9,244,restart,9422.606324943741,969.9749536838764,939.2565843991442,1308.833797390679,1218.7214478013286,7.199238240736802,0.7410986449292803,0.7706901245511341,0.012793233502262127,0.014395207556673626,0.013404917049111826,0.015853122545914228,0.014757475457973948,0.8069850885975319,0.9080360991963476,0.9083475752533752,False,1e-24,False
UniGCN,random,9,245,base,5.9797726580277996e-05,8.993854712472669e-09,2.910649332170514e-35,7.24016083636082e-05,9.019567352256191e-05,0.8259171022826974,0.00012422175302107406,3.2270387464232777e-31,8.118839444886715e-11,1.3347602928189234e-13,4.154031337641164e-40,8.769574656444791e-10,1.092177741538871e-09,0.0925796262982966,0.00015220353838233232,3.8034389272465507e-31,False,1e-24,True
UniGCN,random,9,245,restart,9422.606324943741,969.9749536838766,939.2565843991442,1308.833797390679,1218.7214478013286,7.199238240736802,0.7410986449292805,0.7706901245511341,0.012793233502262127,0.01439520755667363,0.013404917049111826,0.015853122545914228,0.014757475457973948,0.8069850885975319,0.9080360991963478,0.9083475752533752,False,1e-24,False
UniGCN,random,9,246,base,5.6519772001374264e-05,8.500835179411216e-09,2.7774387842787573e-35,6.843274203326582e-05,8.525138319701465e-05,0.8259171022826975,0.000124221753021074,3.257939848154884e-31,7.673785954466428e-11,1.2615922333658447e-13,3.963915412534494e-40,8.288849567982777e-10,1.032307421485017e-09,0.09257962629829661,0.00015220353838233227,3.839859454688641e-31,False,1e-24,True
UniGCN,random,9,246,restart,9422.606324943741,969.9749536838766,939.2565843991442,1308.833797390679,1218.7214478013286,7.199238240736802,0.7410986449292805,0.7706901245511341,0.012793233502262127,0.01439520755667363,0.013404917049111826,0.015853122545914228,0.014757475457973948,0.8069850885975319,0.9080360991963478,0.9083475752533752,False,1e-24,False
UniGCN,random,9,247,base,5.342150629754723e-05,8.034841684433643e-09,2.6029327521367545e-35,6.468143854861352e-05,8.057812590297065e-05,0.8259171022826974,0.000124221753021074,3.230321781461031e-31,7.253129129441466e-11,1.1924350550821658e-13,3.714863244651143e-40,7.834476568388264e-10,9.75719035393945e-10,0.0925796262982966,0.00015220353838233227,3.807308364288776e-31,False,1e-24,True
UniGCN,random,9,247,restart,9422.606324943741,969.9749536838766,939.2565843991442,1308.833797390679,1218.7214478013286,7.199238240736802,0.7410986449292805,0.7706901245511341,0.012793233502262127,0.01439520755667363,0.013404917049111826,0.015853122545914228,0.014757475457973948,0.8069850885975319,0.9080360991963478,0.9083475752533752,False,1e-24,False
UniGCN,random,9,248,base,5.049307939581726e-05,7.59439273099563e-09,2.459774020585039e-35,6.113577168490976e-05,7.616104432030329e-05,0.8259171022826977,0.000124221753021074,3.229701013867667e-31,6.855531608583973e-11,1.1270688919788835e-13,3.5105494337946083e-40,7.405011105245851e-10,9.222326762511882e-10,0.09257962629829662,0.00015220353838233227,3.80657671778097e-31,False,1e-24,True
UniGCN,random,9,248,restart,9422.606324943741,969.9749536838764,939.2565843991442,1308.833797390679,1218.7214478013286,7.199238240736802,0.7410986449292803,0.7706901245511341,0.012793233502262127,0.014395207556673626,0.013404917049111826,0.015853122545914228,0.014757475457973948,0.8069850885975319,0.9080360991963476,0.9083475752533752,False,1e-24,False
UniGCN,random,9,249,base,4.7725181178378034e-05,7.178088034308873e-09,2.3082130504824766e-35,5.778446898178228e-05,7.198609556821866e-05,0.8259171022826975,0.00012422175302107406,3.206470683348933e-31,6.479729341301979e-11,1.0652859305440151e-13,3.2942440848778956e-40,6.999087812715875e-10,8.716782990730886e-10,0.09257962629829661,0.00015220353838233232,3.779197082663268e-31,False,1e-24,True
UniGCN,random,9,249,restart,9422.606324943741,969.9749536838766,939.2565843991442,1308.833797390679,1218.7214478013286,7.199238240736802,0.7410986449292805,0.7706901245511341,0.012793233502262127,0.01439520755667363,0.013404917049111826,0.015853122545914228,0.014757475457973948,0.8069850885975319,0.9080360991963478,0.9083475752533752,False,1e-24,False
UniGCN,random,9,250,base,4.51090118836699e-05,6.784604069525547e-09,2.1996169593532983e-35,5.4616875905579506e-05,6.8040006559827e-05,0.8259171022826974,0.00012422175302107403,3.2328288466862415e-31,6.124527568942574e-11,1.0068897490574065e-13,3.139257511706767e-40,6.61541617073395e-10,8.238951802961277e-10,0.0925796262982966,0.0001522035383823323,3.8102632310319407e-31,False,1e-24,True
UniGCN,random,9,250,restart,9422.606324943741,969.9749536838766,939.2565843991442,1308.833797390679,1218.7214478013286,7.199238240736802,0.7410986449292805,0.7706901245511341,0.012793233502262127,0.01439520755667363,0.013404917049111826,0.015853122545914228,0.014757475457973948,0.8069850885975319,0.9080360991963478,0.9083475752533752,False,1e-24,False
UniGCN,random,9,251,base,4.263625412998857e-05,6.4126898639596585e-09,2.093624000145716e-35,5.162292197624804e-05,6.43102318040592e-05,0.8259171022826975,0.000124221753021074,3.2555068476888437e-31,5.7887970263894944e-11,9.516946931225789e-14,2.987986086031699e-40,6.252776402161826e-10,7.787314068011141e-10,0.09257962629829661,0.00015220353838233227,3.8369918818425436e-31,False,1e-24,True
UniGCN,random,9,251,restart,9422.606324943741,969.9749536838766,939.2565843991442,1308.833797390679,1218.7214478013286,7.199238240736802,0.7410986449292805,0.7706901245511341,0.012793233502262127,0.01439520755667363,0.013404917049111826,0.015853122545914228,0.014757475457973948,0.8069850885975319,0.9080360991963478,0.9083475752533752,False,1e-24,False
UniGCN,random,9,252,base,4.0299046472686195e-05,6.061163019967751e-09,1.9490291561312612e-35,4.879308875104576e-05,6.0784913520771764e-05,0.8259171022826975,0.000124221753021074,3.206435681553167e-31,5.471470351879161e-11,8.995252854302732e-14,2.781622678850159e-40,5.910015594845657e-10,7.360433929477287e-10,0.09257962629829661,0.00015220353838233227,3.7791558289929526e-31,False,1e-24,True
UniGCN,random,9,252,restart,9422.606324943741,969.9749536838766,939.2565843991442,1308.833797390679,1218.7214478013286,7.199238240736802,0.7410986449292805,0.7706901245511341,0.012793233502262127,0.01439520755667363,0.013404917049111826,0.015853122545914228,0.014757475457973948,0.8069850885975319,0.9080360991963478,0.9083475752533752,False,1e-24,False
UniGCN,random,9,253,base,3.80899584108975e-05,5.728905955844875e-09,1.8663154064944592e-35,4.611837956330385e-05,5.745284394223703e-05,0.8259171022826977,0.00012422175302107395,3.2484299791509866e-31,5.171538693621209e-11,8.502156678772142e-14,2.663574962058093e-40,5.586044036252888e-10,6.956954240839659e-10,0.09257962629829662,0.00015220353838233218,3.828650972608118e-31,False,1e-24,True
UniGCN,random,9,253,restart,9422.606324943741,969.9749536838766,939.2565843991442,1308.833797390679,1218.7214478013286,7.199238240736802,0.7410986449292805,0.7706901245511341,0.012793233502262127,0.01439520755667363,0.013404917049111826,0.015853122545914228,0.014757475457973948,0.8069850885975319,0.9080360991963478,0.9083475752533752,False,1e-24,False
UniGCN,random,9,254,base,3.6001966764331556e-05,5.4148623527848185e-09,1.7447217007989123e-35,4.359029092003071e-05,5.430342968116693e-05,0.8259171022826977,0.00012422175302107398,3.2129125380159965e-31,4.888048502435169e-11,8.036090742664633e-14,2.4900384049962515e-40,5.279831749034726e-10,6.57559225079194e-10,0.09257962629829662,0.00015220353838233224,3.786789554501894e-31,False,1e-24,True
UniGCN,random,9,254,restart,9422.606324943741,969.9749536838766,939.2565843991442,1308.833797390679,1218.7214478013286,7.199238240736802,0.7410986449292805,0.7706901245511341,0.012793233502262127,0.01439520755667363,0.013404917049111826,0.015853122545914228,0.014757475457973948,0.8069850885975319,0.9080360991963478,0.9083475752533752,False,1e-24,False
UniGCN,random,9,255,base,3.402843334502589e-05,5.118033796608596e-09,1.6795912135151925e-35,4.1200785467423984e-05,5.1326658051988195e-05,0.8259171022826974,0.00012422175302107395,3.272356465940084e-31,4.6200985002063977e-11,7.595573319129482e-14,2.397085233955666e-40,4.990405216499997e-10,6.215135525090994e-10,0.0925796262982966,0.00015220353838233218,3.856851108521195e-31,False,1e-24,True
UniGCN,random,9,255,restart,9422.606324943741,969.9749536838766,939.2565843991442,1308.833797390679,1218.7214478013286,7.199238240736802,0.7410986449292805,0.7706901245511341,0.012793233502262127,0.01439520755667363,0.013404917049111826,0.015853122545914228,0.014757475457973948,0.8069850885975319,0.9080360991963478,0.9083475752533752,False,1e-24,False
UniGCN,random,9,256,base,3.216308385307653e-05,4.837476603584633e-09,1.5815144394580373e-35,3.894226643834243e-05,4.851306523829699e-05,0.8259171022826977,0.000124221753021074,3.259976321202571e-31,4.366836814523305e-11,7.179203905696778e-14,2.2571116588412916e-40,4.716844287589926e-10,5.874438091959839e-10,0.09257962629829662,0.00015220353838233227,3.842259674045302e-31,False,1e-24,True
UniGCN,random,9,256,restart,9422.606324943741,969.9749536838766,939.2565843991442,1308.833797390679,1218.7214478013286,7.199238240736802,0.7410986449292805,0.7706901245511341,0.012793233502262127,0.01439520755667363,0.013404917049111826,0.015853122545914228,0.014757475457973948,0.8069850885975319,0.9080360991963478,0.9083475752533752,False,1e-24,False
